pozajmica_id,datum_pozajmice,rok_vracanja,datum_vracanja,clan_id,primerak_id,status_pozajmice_id
1351729,2019-12-06,2019-12-27,,35324,99963,3
1351730,2019-12-06,2019-12-27,,35502,46246,3
1351731,2019-12-06,2019-12-27,,35628,621677,3
1351732,2019-12-06,2019-12-27,2019-12-28,35781,863315,1
1351733,2019-12-06,2019-12-27,,35789,30372,3
1351734,2019-12-06,2019-12-27,2019-12-24,36029,490902,1
1351735,2019-12-06,2019-12-27,,36059,336256,3
1351736,2019-12-06,2019-12-27,,36075,812880,3
1351737,2019-12-06,2019-12-27,2019-12-22,36191,711963,1
1351738,2019-12-06,2019-12-27,,36290,315227,3
1351739,2019-12-06,2019-12-27,,36295,363816,3
1351740,2019-12-06,2019-12-27,2019-12-21,36324,819257,1
1351741,2019-12-06,2019-12-27,2019-12-31,36324,863639,1
1351742,2019-12-06,2019-12-27,2019-12-21,36324,924928,1
1351743,2019-12-06,2019-12-27,2019-12-31,36435,563508,1
1351744,2019-12-06,2019-12-27,,36610,172230,3
1351745,2019-12-06,2019-12-27,,36643,298822,3
1351746,2019-12-06,2019-12-27,,36643,696079,3
1351747,2019-12-06,2019-12-27,,36653,581723,3
1351748,2019-12-06,2019-12-27,,36661,222847,3
1351749,2019-12-06,2019-12-27,,36782,223816,3
1351750,2019-12-06,2019-12-27,2019-12-19,36783,407597,1
1351751,2019-12-06,2019-12-27,2019-12-26,37079,678565,1
1351752,2019-12-06,2019-12-27,,37398,485148,3
1351753,2019-12-06,2019-12-27,,37403,698821,3
1351754,2019-12-06,2019-12-27,,37872,804889,3
1351755,2019-12-06,2019-12-27,,37938,776305,3
1351756,2019-12-06,2019-12-27,,38182,165039,3
1351757,2019-12-06,2019-12-27,,38184,833763,3
1351758,2019-12-06,2019-12-27,,38306,677332,3
1351759,2019-12-06,2019-12-27,,38581,902502,3
1351760,2019-12-06,2019-12-27,,38670,297477,3
1351761,2019-12-06,2019-12-27,2019-12-29,38954,186821,1
1351762,2019-12-06,2019-12-27,,38954,523385,3
1351763,2019-12-06,2019-12-27,,38954,911691,3
1351764,2019-12-06,2019-12-27,,39137,211028,3
1351765,2019-12-06,2019-12-27,2019-12-23,39197,909342,1
1351766,2019-12-06,2019-12-27,,39378,533717,3
1351767,2019-12-06,2019-12-27,,39386,202069,3
1351768,2019-12-06,2019-12-27,,39748,307308,3
1351769,2019-12-06,2019-12-27,,39778,502378,3
1351770,2019-12-06,2019-12-27,2019-12-30,40103,664966,1
1351771,2019-12-06,2019-12-27,,40116,642307,3
1351772,2019-12-06,2019-12-27,2019-12-21,40240,806332,1
1351773,2019-12-06,2019-12-27,,40445,709622,3
1351774,2019-12-06,2019-12-27,,40557,97694,3
1351775,2019-12-06,2019-12-27,,40706,725934,3
1351776,2019-12-06,2019-12-27,,40733,644761,3
1351777,2019-12-06,2019-12-27,2019-12-24,40908,26446,1
1351778,2019-12-06,2019-12-27,2019-12-30,40908,337041,1
1351779,2019-12-06,2019-12-27,,40908,546309,3
1351780,2019-12-06,2019-12-27,2019-12-22,40908,741820,1
1351781,2019-12-06,2019-12-27,2019-12-31,40908,762866,1
1351782,2019-12-06,2019-12-27,,40908,828928,3
1351783,2019-12-06,2019-12-27,,41186,455410,3
1351784,2019-12-06,2019-12-27,2019-12-21,41557,554358,1
1351785,2019-12-06,2019-12-27,,41620,69691,3
1351786,2019-12-06,2019-12-27,2019-12-27,41823,949945,1
1351787,2019-12-06,2019-12-27,2019-12-25,41854,808796,1
1351788,2019-12-06,2019-12-27,,41938,177177,3
1351789,2019-12-06,2019-12-27,,41979,452136,3
1351790,2019-12-06,2019-12-27,,41992,311631,3
1351791,2019-12-06,2019-12-27,,42210,30969,3
1351792,2019-12-06,2019-12-27,2019-12-21,42228,154999,1
1351793,2019-12-06,2019-12-27,2019-12-27,42228,188824,1
1351794,2019-12-06,2019-12-27,,42228,246231,3
1351795,2019-12-06,2019-12-27,2019-12-31,42228,322044,1
1351796,2019-12-06,2019-12-27,,42228,451072,3
1351797,2019-12-06,2019-12-27,2019-12-31,42228,550310,1
1351798,2019-12-06,2019-12-27,,42254,696505,3
1351799,2019-12-06,2019-12-27,,42280,551572,3
1351800,2019-12-06,2019-12-27,,42291,118415,3
1351801,2019-12-06,2019-12-27,,42336,738692,3
1351802,2019-12-06,2019-12-27,,42529,3194,3
1351803,2019-12-06,2019-12-27,,42529,444417,3
1351804,2019-12-06,2019-12-27,,42529,807335,3
1351805,2019-12-06,2019-12-27,2019-12-27,42612,354206,1
1351806,2019-12-06,2019-12-27,,42701,13158,3
1351807,2019-12-06,2019-12-27,,42701,165517,3
1351808,2019-12-06,2019-12-27,,42701,418923,3
1351809,2019-12-06,2019-12-27,,42759,608520,3
1351810,2019-12-06,2019-12-27,,42760,355240,3
1351811,2019-12-06,2019-12-27,,42766,610192,3
1351812,2019-12-06,2019-12-27,2019-12-25,42766,883406,1
1351813,2019-12-06,2019-12-27,,42841,291032,3
1351814,2019-12-06,2019-12-27,,42948,841688,3
1351815,2019-12-06,2019-12-27,2019-12-24,43013,827854,1
1351816,2019-12-06,2019-12-27,,43092,565761,3
1351817,2019-12-06,2019-12-27,2019-12-23,43148,13336,1
1351818,2019-12-06,2019-12-27,,43198,880513,3
1351819,2019-12-06,2019-12-27,,43210,118433,3
1351820,2019-12-06,2019-12-27,,43210,610528,3
1351821,2019-12-06,2019-12-27,2019-12-20,43322,794028,1
1351822,2019-12-06,2019-12-27,,43404,306983,3
1351823,2019-12-06,2019-12-27,2019-12-22,43416,30970,1
1351824,2019-12-06,2019-12-27,2019-12-31,43470,239756,1
1351825,2019-12-06,2019-12-27,2019-12-26,43470,684661,1
1351826,2019-12-06,2019-12-27,,43520,253542,3
1351827,2019-12-06,2019-12-27,,43627,911145,3
1351828,2019-12-06,2019-12-27,,43652,247228,3
1351829,2019-12-06,2019-12-27,2019-12-16,43808,28434,1
1351830,2019-12-06,2019-12-27,2019-12-22,43868,204157,1
1351831,2019-12-06,2019-12-27,2019-12-22,43868,625249,1
1351832,2019-12-06,2019-12-27,2019-12-27,43876,554597,1
1351833,2019-12-06,2019-12-27,2019-12-21,43895,282193,1
1351834,2019-12-06,2019-12-27,2019-12-19,43930,309223,1
1351835,2019-12-06,2019-12-27,2019-12-20,43930,661905,1
1351836,2019-12-06,2019-12-27,,43964,912197,3
1351837,2019-12-06,2019-12-27,,44052,125977,3
1351838,2019-12-06,2019-12-27,,44134,258322,3
1351839,2019-12-06,2019-12-27,,44251,521306,3
1351840,2019-12-06,2019-12-27,,44805,936892,3
1351841,2019-12-06,2019-12-27,,44988,366472,3
1351842,2019-12-06,2019-12-27,,45259,928399,3
1351843,2019-12-06,2019-12-27,,45378,383903,3
1351844,2019-12-06,2019-12-27,2019-12-30,45378,495630,1
1351845,2019-12-06,2019-12-27,2019-12-29,45378,580081,1
1351846,2019-12-06,2019-12-27,,45688,909976,3
1351847,2019-12-06,2019-12-27,2019-12-23,45866,811455,1
1351848,2019-12-06,2019-12-27,,45904,276673,3
1351849,2019-12-06,2019-12-27,,45966,351806,3
1351850,2019-12-06,2019-12-27,,45967,713488,3
1351851,2019-12-06,2019-12-27,2019-12-27,46125,498747,1
1351852,2019-12-06,2019-12-27,,46282,38898,3
1351853,2019-12-06,2019-12-27,,46282,125676,3
1351854,2019-12-06,2019-12-27,,46457,449387,3
1351855,2019-12-06,2019-12-27,,46496,317712,3
1351856,2019-12-06,2019-12-27,,46748,363184,3
1351857,2019-12-06,2019-12-27,2019-12-20,46805,335886,1
1351858,2019-12-06,2019-12-27,,47047,237696,3
1351859,2019-12-06,2019-12-27,2019-12-23,47220,96450,1
1351860,2019-12-06,2019-12-27,2019-12-29,47230,395249,1
1351861,2019-12-06,2019-12-27,2019-12-29,47323,308404,1
1351862,2019-12-06,2019-12-27,,47405,544523,3
1351863,2019-12-06,2019-12-27,,47427,619846,3
1351864,2019-12-06,2019-12-27,2019-12-24,47537,201624,1
1351865,2019-12-06,2019-12-27,,47552,154648,3
1351866,2019-12-06,2019-12-27,2019-12-20,47673,907627,1
1351867,2019-12-06,2019-12-27,2019-12-21,47747,220859,1
1351868,2019-12-06,2019-12-27,2019-12-19,47758,695910,1
1351869,2019-12-06,2019-12-27,2019-12-22,47765,426709,1
1351870,2019-12-06,2019-12-27,,47907,327160,3
1351871,2019-12-06,2019-12-27,,47917,352879,3
1351872,2019-12-06,2019-12-27,2019-12-17,47944,503933,1
1351873,2019-12-06,2019-12-27,,48041,649471,3
1351874,2019-12-06,2019-12-27,,48108,554048,3
1351875,2019-12-06,2019-12-27,,48621,504980,3
1351876,2019-12-06,2019-12-27,2019-12-28,48718,52240,1
1351877,2019-12-06,2019-12-27,,48835,55081,3
1351878,2019-12-06,2019-12-27,,48916,755682,3
1351879,2019-12-06,2019-12-27,,49035,38167,3
1351880,2019-12-06,2019-12-27,,49070,13138,3
1351881,2019-12-06,2019-12-27,2019-12-23,49070,20096,1
1351882,2019-12-06,2019-12-27,,49070,174743,3
1351883,2019-12-06,2019-12-27,2019-12-30,49070,179982,1
1351884,2019-12-06,2019-12-27,2019-12-28,49070,227347,1
1351885,2019-12-06,2019-12-27,,49070,315830,3
1351886,2019-12-06,2019-12-27,2019-12-21,49070,364757,1
1351887,2019-12-06,2019-12-27,2019-12-31,49070,393334,1
1351888,2019-12-06,2019-12-27,2019-12-22,49070,547081,1
1351889,2019-12-06,2019-12-27,2019-12-29,49070,752132,1
1351890,2019-12-06,2019-12-27,2019-12-21,49070,759812,1
1351891,2019-12-06,2019-12-27,2019-12-22,49070,876183,1
1351892,2019-12-06,2019-12-27,,49070,893899,3
1351893,2019-12-06,2019-12-27,,49070,944945,3
1351894,2019-12-06,2019-12-27,,49176,705731,3
1351895,2019-12-06,2019-12-27,,49249,26447,3
1351896,2019-12-06,2019-12-27,,49249,91187,3
1351897,2019-12-06,2019-12-27,2019-12-20,49249,404044,1
1351898,2019-12-06,2019-12-27,,49341,445141,3
1351899,2019-12-06,2019-12-27,2019-12-31,49453,480741,1
1351900,2019-12-06,2019-12-27,2019-12-29,49453,504938,1
1351901,2019-12-06,2019-12-27,,49482,353005,3
1351902,2019-12-06,2019-12-27,,49574,754028,3
1351903,2019-12-06,2019-12-27,,49751,19887,3
1351904,2019-12-06,2019-12-27,,49767,232707,3
1351905,2019-12-06,2019-12-27,2019-12-26,49781,303965,1
1351906,2019-12-06,2019-12-27,,49781,348097,3
1351907,2019-12-06,2019-12-27,2019-12-22,49781,568536,1
1351908,2019-12-06,2019-12-27,2019-12-24,49785,653893,1
1351909,2019-12-06,2019-12-27,,49901,785165,3
1351910,2019-12-06,2019-12-27,,50029,536629,3
1351911,2019-12-06,2019-12-27,,50039,191425,3
1351912,2019-12-06,2019-12-27,,50056,935605,3
1351913,2019-12-06,2019-12-27,,50091,923216,3
1351914,2019-12-06,2019-12-27,2019-12-29,50115,46072,1
1351915,2019-12-06,2019-12-27,2019-12-22,50115,762879,1
1351916,2019-12-06,2019-12-27,,50794,276926,3
1351917,2019-12-06,2019-12-27,2019-12-28,51038,74931,1
1351918,2019-12-06,2019-12-27,,51134,404930,3
1351919,2019-12-06,2019-12-27,2019-12-30,51349,681711,1
1351920,2019-12-06,2019-12-27,,51601,475380,3
1351921,2019-12-06,2019-12-27,,51623,355931,3
1351922,2019-12-06,2019-12-27,2019-12-26,51871,419668,1
1351923,2019-12-06,2019-12-27,,52188,595214,3
1351924,2019-12-06,2019-12-27,2019-12-17,52249,57969,1
1351925,2019-12-06,2019-12-27,,52407,591480,3
1351926,2019-12-06,2019-12-27,,52419,830925,3
1351927,2019-12-06,2019-12-27,,52492,492898,3
1351928,2019-12-06,2019-12-27,,52533,436388,3
1351929,2019-12-06,2019-12-27,2019-12-20,52621,16976,1
1351930,2019-12-06,2019-12-27,,52624,30988,3
1351931,2019-12-06,2019-12-27,2019-12-17,52630,666335,1
1351932,2019-12-06,2019-12-27,2019-12-27,52745,175697,1
1351933,2019-12-06,2019-12-27,,52790,315069,3
1351934,2019-12-06,2019-12-27,,52855,232927,3
1351935,2019-12-06,2019-12-27,,52918,794473,3
1351936,2019-12-06,2019-12-27,,52938,110109,3
1351937,2019-12-06,2019-12-27,,52938,378557,3
1351938,2019-12-06,2019-12-27,2019-12-23,53236,512817,1
1351939,2019-12-06,2019-12-27,2019-12-28,53288,461410,1
1351940,2019-12-06,2019-12-27,2019-12-20,53309,863356,1
1351941,2019-12-06,2019-12-27,,53406,649067,3
1351942,2019-12-06,2019-12-27,,53540,151324,3
1351943,2019-12-06,2019-12-27,,53540,834529,3
1351944,2019-12-06,2019-12-27,,53600,222848,3
1351945,2019-12-06,2019-12-27,2019-12-31,53641,465924,1
1351946,2019-12-06,2019-12-27,2019-12-25,53641,671176,1
1351947,2019-12-06,2019-12-27,,53733,206538,3
1351948,2019-12-06,2019-12-27,,53900,362765,3
1351949,2019-12-06,2019-12-27,2019-12-25,54070,42250,1
1351950,2019-12-06,2019-12-27,,54176,612433,3
1351951,2019-12-06,2019-12-27,,54176,749964,3
1351952,2019-12-06,2019-12-27,,54176,827209,3
1351953,2019-12-06,2019-12-27,,54176,881852,3
1351954,2019-12-06,2019-12-27,,54199,30924,3
1351955,2019-12-06,2019-12-27,2019-12-27,54206,267460,1
1351956,2019-12-06,2019-12-27,,54480,173333,3
1351957,2019-12-06,2019-12-27,,54501,495296,3
1351958,2019-12-06,2019-12-27,,54656,327624,3
1351959,2019-12-06,2019-12-27,,54690,71225,3
1351960,2019-12-06,2019-12-27,2019-12-26,54713,554006,1
1351961,2019-12-06,2019-12-27,,55073,173587,3
1351962,2019-12-06,2019-12-27,2019-12-28,55090,487605,1
1351963,2019-12-06,2019-12-27,,55299,481901,3
1351964,2019-12-06,2019-12-27,2019-12-28,55529,468644,1
1351965,2019-12-06,2019-12-27,,55537,253464,3
1351966,2019-12-06,2019-12-27,2019-12-25,55674,187750,1
1351967,2019-12-06,2019-12-27,2019-12-22,55674,278596,1
1351968,2019-12-06,2019-12-27,2019-12-26,55750,887528,1
1351969,2019-12-06,2019-12-27,,55805,653686,3
1351970,2019-12-06,2019-12-27,2019-12-22,55893,931346,1
1351971,2019-12-06,2019-12-27,,55943,586940,3
1351972,2019-12-06,2019-12-27,,55950,380819,3
1351973,2019-12-06,2019-12-27,,55966,258662,3
1351974,2019-12-06,2019-12-27,,56051,27521,3
1351975,2019-12-06,2019-12-27,2019-12-20,56051,252486,1
1351976,2019-12-06,2019-12-27,2019-12-26,56051,348914,1
1351977,2019-12-06,2019-12-27,,56051,546930,3
1351978,2019-12-06,2019-12-27,2019-12-30,56051,821669,1
1351979,2019-12-06,2019-12-27,,56428,406290,3
1351980,2019-12-06,2019-12-27,,56475,9713,3
1351981,2019-12-06,2019-12-27,,56537,734190,3
1351982,2019-12-06,2019-12-27,,56543,46918,3
1351983,2019-12-06,2019-12-27,,56600,521220,3
1351984,2019-12-06,2019-12-27,,56609,574241,3
1351985,2019-12-06,2019-12-27,,56699,479047,3
1351986,2019-12-06,2019-12-27,2019-12-26,56774,565407,1
1351987,2019-12-06,2019-12-27,2019-12-19,56916,303597,1
1351988,2019-12-06,2019-12-27,,57052,47060,3
1351989,2019-12-06,2019-12-27,2019-12-27,57060,655400,1
1351990,2019-12-06,2019-12-27,2019-12-18,57169,754478,1
1351991,2019-12-06,2019-12-27,2019-12-19,57187,58134,1
1351992,2019-12-06,2019-12-27,2019-12-20,57187,450693,1
1351993,2019-12-06,2019-12-27,2019-12-28,57238,599110,1
1351994,2019-12-06,2019-12-27,,57297,104337,3
1351995,2019-12-06,2019-12-27,,57536,788319,3
1351996,2019-12-06,2019-12-27,,57536,808069,3
1351997,2019-12-06,2019-12-27,2019-12-27,57686,26486,1
1351998,2019-12-06,2019-12-27,2019-12-23,57870,35404,1
1351999,2019-12-06,2019-12-27,2019-12-21,57870,109624,1
1352000,2019-12-06,2019-12-27,2019-12-28,57870,145594,1
1352001,2019-12-06,2019-12-27,2019-12-28,57870,220852,1
1352002,2019-12-06,2019-12-27,,57870,452480,3
1352003,2019-12-06,2019-12-27,2019-12-30,57870,670226,1
1352004,2019-12-06,2019-12-27,2019-12-28,57870,679288,1
1352005,2019-12-06,2019-12-27,,57870,830207,3
1352006,2019-12-06,2019-12-27,,57870,952312,3
1352007,2019-12-06,2019-12-27,,57882,891175,3
1352008,2019-12-06,2019-12-27,,57903,119578,3
1352009,2019-12-06,2019-12-27,,57903,426257,3
1352010,2019-12-06,2019-12-27,2019-12-27,57903,501351,1
1352011,2019-12-06,2019-12-27,,58117,343510,3
1352012,2019-12-06,2019-12-27,,58117,665338,3
1352013,2019-12-06,2019-12-27,,58381,530807,3
1352014,2019-12-06,2019-12-27,2019-12-27,58383,790819,1
1352015,2019-12-06,2019-12-27,,58502,927319,3
1352016,2019-12-06,2019-12-27,,58511,562055,3
1352017,2019-12-06,2019-12-27,2019-12-25,58593,14436,1
1352018,2019-12-06,2019-12-27,2019-12-24,58755,334427,1
1352019,2019-12-06,2019-12-27,,58855,810678,3
1352020,2019-12-06,2019-12-27,,58886,841007,3
1352021,2019-12-06,2019-12-27,,58935,207554,3
1352022,2019-12-06,2019-12-27,2019-12-26,58975,76722,1
1352023,2019-12-06,2019-12-27,,58977,38661,3
1352024,2019-12-06,2019-12-27,,59254,17848,3
1352025,2019-12-06,2019-12-27,,59254,114118,3
1352026,2019-12-06,2019-12-27,,59254,185986,3
1352027,2019-12-06,2019-12-27,,59254,334027,3
1352028,2019-12-06,2019-12-27,,59254,392364,3
1352029,2019-12-06,2019-12-27,,59254,615967,3
1352030,2019-12-06,2019-12-27,2019-12-30,59254,945536,1
1352031,2019-12-06,2019-12-27,2019-12-26,59294,616895,1
1352032,2019-12-06,2019-12-27,2019-12-25,59407,17509,1
1352033,2019-12-06,2019-12-27,2019-12-22,59472,308870,1
1352034,2019-12-06,2019-12-27,2019-12-28,59591,920812,1
1352035,2019-12-06,2019-12-27,2019-12-22,59707,343089,1
1352036,2019-12-06,2019-12-27,2019-12-24,59720,477458,1
1352037,2019-12-06,2019-12-27,,59739,14498,3
1352038,2019-12-06,2019-12-27,2019-12-31,59739,938260,1
1352039,2019-12-06,2019-12-27,,59926,851742,3
1352040,2019-12-06,2019-12-27,2019-12-24,60003,625030,1
1352041,2019-12-06,2019-12-27,2019-12-31,60023,521290,1
1352042,2019-12-06,2019-12-27,2019-12-28,60033,838364,1
1352043,2019-12-06,2019-12-27,,60049,844003,3
1352044,2019-12-06,2019-12-27,,60083,734686,3
1352045,2019-12-06,2019-12-27,,60275,942902,3
1352046,2019-12-06,2019-12-27,,60322,319814,3
1352047,2019-12-06,2019-12-27,,60469,564237,3
1352048,2019-12-06,2019-12-27,,60625,911774,3
1352049,2019-12-06,2019-12-27,,60664,392315,3
1352050,2019-12-06,2019-12-27,,60679,310336,3
1352051,2019-12-06,2019-12-27,,61228,30971,3
1352052,2019-12-06,2019-12-27,,61297,211029,3
1352053,2019-12-06,2019-12-27,,61364,14469,3
1352054,2019-12-06,2019-12-27,,61394,608665,3
1352055,2019-12-06,2019-12-27,,61743,845299,3
1352056,2019-12-06,2019-12-27,2019-12-24,61999,592584,1
1352057,2019-12-06,2019-12-27,,62146,114452,3
1352058,2019-12-06,2019-12-27,,62336,196434,3
1352059,2019-12-06,2019-12-27,2019-12-17,62341,30972,1
1352060,2019-12-06,2019-12-27,,62427,161228,3
1352061,2019-12-06,2019-12-27,2019-12-23,62427,825412,1
1352062,2019-12-06,2019-12-27,,62456,700547,3
1352063,2019-12-06,2019-12-27,2019-12-23,62572,806363,1
1352064,2019-12-06,2019-12-27,2019-12-17,62719,286770,1
1352065,2019-12-06,2019-12-27,,62719,851617,3
1352066,2019-12-06,2019-12-27,2019-12-23,62747,922510,1
1352067,2019-12-06,2019-12-27,,62846,43425,3
1352068,2019-12-06,2019-12-27,2019-12-26,63113,356118,1
1352069,2019-12-06,2019-12-27,,63310,252817,3
1352070,2019-12-06,2019-12-27,2019-12-20,63638,104189,1
1352071,2019-12-06,2019-12-27,,63780,465097,3
1352072,2019-12-06,2019-12-27,,63839,30925,3
1352073,2019-12-06,2019-12-27,,63870,454233,3
1352074,2019-12-06,2019-12-27,,63972,253526,3
1352075,2019-12-06,2019-12-27,,64072,421912,3
1352076,2019-12-06,2019-12-27,,64151,320478,3
1352077,2019-12-06,2019-12-27,2019-12-31,64193,43436,1
1352078,2019-12-06,2019-12-27,,64193,51089,3
1352079,2019-12-06,2019-12-27,2019-12-27,64193,141003,1
1352080,2019-12-06,2019-12-27,,64193,655405,3
1352081,2019-12-06,2019-12-27,,64193,782438,3
1352082,2019-12-06,2019-12-27,,64206,30973,3
1352083,2019-12-06,2019-12-27,,64356,255848,3
1352084,2019-12-06,2019-12-27,,64397,361727,3
1352085,2019-12-06,2019-12-27,,64428,207876,3
1352086,2019-12-06,2019-12-27,,64481,88292,3
1352087,2019-12-06,2019-12-27,,64533,464634,3
1352088,2019-12-06,2019-12-27,,64562,681035,3
1352089,2019-12-06,2019-12-27,,64796,476306,3
1352090,2019-12-06,2019-12-27,2019-12-24,64828,354654,1
1352091,2019-12-06,2019-12-27,,64852,905708,3
1352092,2019-12-06,2019-12-27,,65057,453128,3
1352093,2019-12-06,2019-12-27,,65118,304516,3
1352094,2019-12-06,2019-12-27,,65249,162767,3
1352095,2019-12-06,2019-12-27,,65249,341329,3
1352096,2019-12-06,2019-12-27,,65253,114729,3
1352097,2019-12-06,2019-12-27,2019-12-29,65358,518325,1
1352098,2019-12-06,2019-12-27,,65547,147294,3
1352099,2019-12-06,2019-12-27,,65547,453982,3
1352100,2019-12-06,2019-12-27,,65547,693787,3
1352101,2019-12-06,2019-12-27,,65689,228415,3
1352102,2019-12-06,2019-12-27,,65689,439254,3
1352103,2019-12-06,2019-12-27,,65689,916675,3
1352104,2019-12-06,2019-12-27,,65750,121846,3
1352105,2019-12-06,2019-12-27,2019-12-29,65760,705784,1
1352106,2019-12-06,2019-12-27,,65823,470939,3
1352107,2019-12-06,2019-12-27,,65899,8379,3
1352108,2019-12-06,2019-12-27,,65976,417855,3
1352109,2019-12-06,2019-12-27,,66001,953452,3
1352110,2019-12-06,2019-12-27,,66055,681036,3
1352111,2019-12-06,2019-12-27,,66107,83100,3
1352112,2019-12-06,2019-12-27,,66109,675670,3
1352113,2019-12-06,2019-12-27,2019-12-28,66385,419482,1
1352114,2019-12-06,2019-12-27,2019-12-26,66385,460660,1
1352115,2019-12-06,2019-12-27,,66385,545727,3
1352116,2019-12-06,2019-12-27,,66399,547983,3
1352117,2019-12-06,2019-12-27,,66418,720921,3
1352118,2019-12-06,2019-12-27,2019-12-22,66529,55193,1
1352119,2019-12-06,2019-12-27,,66649,410047,3
1352120,2019-12-06,2019-12-27,,66691,463055,3
1352121,2019-12-06,2019-12-27,2019-12-29,66691,472153,1
1352122,2019-12-06,2019-12-27,,66796,589303,3
1352123,2019-12-06,2019-12-27,,66807,356972,3
1352124,2019-12-06,2019-12-27,,66809,212139,3
1352125,2019-12-06,2019-12-27,,66809,808207,3
1352126,2019-12-06,2019-12-27,,66943,818302,3
1352127,2019-12-06,2019-12-27,2019-12-26,66977,92054,1
1352128,2019-12-06,2019-12-27,2019-12-31,66977,496874,1
1352129,2019-12-06,2019-12-27,2019-12-29,67069,225700,1
1352130,2019-12-06,2019-12-27,,67150,126497,3
1352131,2019-12-06,2019-12-27,,67257,545710,3
1352132,2019-12-06,2019-12-27,,67385,164201,3
1352133,2019-12-06,2019-12-27,,67479,352958,3
1352134,2019-12-06,2019-12-27,,67479,658845,3
1352135,2019-12-06,2019-12-27,,67543,660269,3
1352136,2019-12-06,2019-12-27,,67571,178066,3
1352137,2019-12-06,2019-12-27,2019-12-27,67571,804014,1
1352138,2019-12-06,2019-12-27,2019-12-20,67595,30881,1
1352139,2019-12-06,2019-12-27,,67641,955759,3
1352140,2019-12-06,2019-12-27,,67709,419162,3
1352141,2019-12-06,2019-12-27,,67736,200054,3
1352142,2019-12-06,2019-12-27,2019-12-31,67801,164273,1
1352143,2019-12-06,2019-12-27,,67930,175536,3
1352144,2019-12-06,2019-12-27,,68143,46679,3
1352145,2019-12-06,2019-12-27,,68240,30882,3
1352146,2019-12-06,2019-12-27,,68480,579259,3
1352147,2019-12-06,2019-12-27,2019-12-22,68558,279467,1
1352148,2019-12-06,2019-12-27,,68558,929642,3
1352149,2019-12-06,2019-12-27,,68624,281818,3
1352150,2019-12-06,2019-12-27,2019-12-24,68624,410214,1
1352151,2019-12-06,2019-12-27,,68624,762873,3
1352152,2019-12-06,2019-12-27,,68624,872852,3
1352153,2019-12-06,2019-12-27,2019-12-31,68624,911046,1
1352154,2019-12-06,2019-12-27,,68785,884148,3
1352155,2019-12-06,2019-12-27,,68820,681106,3
1352156,2019-12-06,2019-12-27,,68945,658303,3
1352157,2019-12-06,2019-12-27,,69034,202883,3
1352158,2019-12-06,2019-12-27,2019-12-24,69075,359310,1
1352159,2019-12-06,2019-12-27,2019-12-22,69121,661148,1
1352160,2019-12-06,2019-12-27,2019-12-22,69121,699909,1
1352161,2019-12-06,2019-12-27,,69221,571417,3
1352162,2019-12-06,2019-12-27,,69736,551877,3
1352163,2019-12-06,2019-12-27,,69769,119346,3
1352164,2019-12-06,2019-12-27,,69876,701956,3
1352165,2019-12-06,2019-12-27,,69920,696202,3
1352166,2019-12-06,2019-12-27,,70015,510377,3
1352167,2019-12-06,2019-12-27,2019-12-17,70015,685642,1
1352168,2019-12-06,2019-12-27,,70015,737819,3
1352169,2019-12-06,2019-12-27,,70046,771393,3
1352170,2019-12-06,2019-12-27,2019-12-25,70170,351370,1
1352171,2019-12-06,2019-12-27,,70286,91394,3
1352172,2019-12-06,2019-12-27,2019-12-29,70620,448061,1
1352173,2019-12-06,2019-12-27,2019-12-19,70780,276724,1
1352174,2019-12-06,2019-12-27,2019-12-22,70809,577451,1
1352175,2019-12-06,2019-12-27,,70841,542480,3
1352176,2019-12-06,2019-12-27,,70873,870848,3
1352177,2019-12-06,2019-12-27,,70885,260096,3
1352178,2019-12-06,2019-12-27,,71246,131745,3
1352179,2019-12-06,2019-12-27,,71246,607664,3
1352180,2019-12-06,2019-12-27,,71246,659442,3
1352181,2019-12-06,2019-12-27,,71515,443482,3
1352182,2019-12-06,2019-12-27,,71656,431617,3
1352183,2019-12-06,2019-12-27,,71656,762130,3
1352184,2019-12-06,2019-12-27,,71688,159015,3
1352185,2019-12-06,2019-12-27,,71708,250763,3
1352186,2019-12-06,2019-12-27,2019-12-28,71728,479397,1
1352187,2019-12-06,2019-12-27,2019-12-31,71728,678426,1
1352188,2019-12-06,2019-12-27,,71732,678743,3
1352189,2019-12-06,2019-12-27,,71780,336162,3
1352190,2019-12-06,2019-12-27,,71828,277454,3
1352191,2019-12-06,2019-12-27,2019-12-22,71897,390671,1
1352192,2019-12-06,2019-12-27,,71899,901855,3
1352193,2019-12-06,2019-12-27,,71949,484086,3
1352194,2019-12-06,2019-12-27,,72205,712313,3
1352195,2019-12-06,2019-12-27,2019-12-21,72225,474548,1
1352196,2019-12-06,2019-12-27,2019-12-21,72358,342507,1
1352197,2019-12-06,2019-12-27,,72412,858089,3
1352198,2019-12-06,2019-12-27,,72415,34357,3
1352199,2019-12-06,2019-12-27,,72515,868870,3
1352200,2019-12-06,2019-12-27,2019-12-22,72515,949424,1
1352201,2019-12-06,2019-12-27,,72526,847734,3
1352202,2019-12-06,2019-12-27,2019-12-30,72675,355957,1
1352203,2019-12-06,2019-12-27,,72908,824224,3
1352204,2019-12-06,2019-12-27,,72930,192713,3
1352205,2019-12-06,2019-12-27,,73223,432249,3
1352206,2019-12-06,2019-12-27,,73342,163032,3
1352207,2019-12-06,2019-12-27,,73436,320510,3
1352208,2019-12-06,2019-12-27,,73619,43708,3
1352209,2019-12-06,2019-12-27,2019-12-28,73721,303265,1
1352210,2019-12-06,2019-12-27,,73735,698682,3
1352211,2019-12-06,2019-12-27,2019-12-28,73740,137905,1
1352212,2019-12-06,2019-12-27,,73740,188498,3
1352213,2019-12-06,2019-12-27,,73804,455367,3
1352214,2019-12-06,2019-12-27,2019-12-19,73896,752384,1
1352215,2019-12-06,2019-12-27,2019-12-19,74240,368920,1
1352216,2019-12-06,2019-12-27,,74499,202366,3
1352217,2019-12-06,2019-12-27,,74913,346156,3
1352218,2019-12-06,2019-12-27,,74938,154988,3
1352219,2019-12-06,2019-12-27,2019-12-18,74938,240548,1
1352220,2019-12-06,2019-12-27,,74948,30926,3
1352221,2019-12-06,2019-12-27,,75077,783211,3
1352222,2019-12-06,2019-12-27,,75086,474218,3
1352223,2019-12-06,2019-12-27,2019-12-27,75339,102298,1
1352224,2019-12-06,2019-12-27,,75341,797401,3
1352225,2019-12-06,2019-12-27,,75520,30883,3
1352226,2019-12-06,2019-12-27,2019-12-17,75539,526289,1
1352227,2019-12-06,2019-12-27,,75539,822763,3
1352228,2019-12-06,2019-12-27,2019-12-23,75784,36546,1
1352229,2019-12-06,2019-12-27,,76267,253584,3
1352230,2019-12-06,2019-12-27,,76323,548094,3
1352231,2019-12-06,2019-12-27,2019-12-16,76540,456305,1
1352232,2019-12-06,2019-12-27,2019-12-21,76540,762794,1
1352233,2019-12-06,2019-12-27,2019-12-21,76581,551186,1
1352234,2019-12-06,2019-12-27,,76581,638871,3
1352235,2019-12-06,2019-12-27,,76609,45970,3
1352236,2019-12-06,2019-12-27,,76740,380348,3
1352237,2019-12-06,2019-12-27,,76740,845023,3
1352238,2019-12-06,2019-12-27,,76758,696089,3
1352239,2019-12-06,2019-12-27,,77052,208158,3
1352240,2019-12-06,2019-12-27,,77277,517824,3
1352241,2019-12-06,2019-12-27,,77397,164737,3
1352242,2019-12-06,2019-12-27,2019-12-26,77397,340590,1
1352243,2019-12-06,2019-12-27,,77397,434639,3
1352244,2019-12-06,2019-12-27,,77397,638092,3
1352245,2019-12-06,2019-12-27,,77704,768681,3
1352246,2019-12-06,2019-12-27,,77965,137427,3
1352247,2019-12-06,2019-12-27,2019-12-27,78199,867976,1
1352248,2019-12-06,2019-12-27,,78285,671918,3
1352249,2019-12-06,2019-12-27,,78401,875738,3
1352250,2019-12-06,2019-12-27,,78413,24206,3
1352251,2019-12-06,2019-12-27,,78413,440526,3
1352252,2019-12-06,2019-12-27,2019-12-26,78620,589538,1
1352253,2019-12-06,2019-12-27,2019-12-18,78658,299721,1
1352254,2019-12-06,2019-12-27,2019-12-21,78689,405268,1
1352255,2019-12-06,2019-12-27,,78784,570159,3
1352256,2019-12-06,2019-12-27,2019-12-16,78815,588605,1
1352257,2019-12-06,2019-12-27,,79418,181973,3
1352258,2019-12-06,2019-12-27,,79432,778885,3
1352259,2019-12-06,2019-12-27,,79475,384677,3
1352260,2019-12-06,2019-12-27,2019-12-30,79475,835512,1
1352261,2019-12-06,2019-12-27,,79498,320120,3
1352262,2019-12-06,2019-12-27,,79537,852234,3
1352263,2019-12-06,2019-12-27,2019-12-24,79821,832620,1
1352264,2019-12-06,2019-12-27,,79833,76613,3
1352265,2019-12-06,2019-12-27,,79833,251373,3
1352266,2019-12-06,2019-12-27,,79845,311861,3
1352267,2019-12-06,2019-12-27,,79845,600972,3
1352268,2019-12-06,2019-12-27,2019-12-30,79952,486573,1
1352269,2019-12-06,2019-12-27,,80094,120557,3
1352270,2019-12-06,2019-12-27,,80094,268491,3
1352271,2019-12-06,2019-12-27,,80094,916700,3
1352272,2019-12-06,2019-12-27,2019-12-28,80131,504098,1
1352273,2019-12-06,2019-12-27,,80479,14437,3
1352274,2019-12-06,2019-12-27,2019-12-22,80588,229288,1
1352275,2019-12-06,2019-12-27,2019-12-17,80736,181982,1
1352276,2019-12-06,2019-12-27,,80771,732624,3
1352277,2019-12-06,2019-12-27,,80944,387929,3
1352278,2019-12-06,2019-12-27,,80948,266125,3
1352279,2019-12-06,2019-12-27,,80967,944834,3
1352280,2019-12-06,2019-12-27,,81135,402610,3
1352281,2019-12-06,2019-12-27,,81244,709728,3
1352282,2019-12-06,2019-12-27,2019-12-18,81559,441747,1
1352283,2019-12-06,2019-12-27,,81733,389511,3
1352284,2019-12-06,2019-12-27,,81819,280928,3
1352285,2019-12-06,2019-12-27,2019-12-27,81819,476007,1
1352286,2019-12-06,2019-12-27,,81819,770786,3
1352287,2019-12-06,2019-12-27,2019-12-27,81875,656533,1
1352288,2019-12-06,2019-12-27,2019-12-24,82113,546310,1
1352289,2019-12-06,2019-12-27,2019-12-24,82220,410911,1
1352290,2019-12-06,2019-12-27,,82514,243655,3
1352291,2019-12-06,2019-12-27,2019-12-18,82605,17849,1
1352292,2019-12-06,2019-12-27,,82658,329367,3
1352293,2019-12-06,2019-12-27,,82669,673781,3
1352294,2019-12-06,2019-12-27,,82701,437262,3
1352295,2019-12-06,2019-12-27,2019-12-22,82721,796292,1
1352296,2019-12-06,2019-12-27,,82927,945040,3
1352297,2019-12-06,2019-12-27,2019-12-18,82999,693019,1
1352298,2019-12-06,2019-12-27,,83048,643619,3
1352299,2019-12-06,2019-12-27,2019-12-27,83083,247762,1
1352300,2019-12-06,2019-12-27,2019-12-31,83115,272006,1
1352301,2019-12-06,2019-12-27,,83135,81752,3
1352302,2019-12-06,2019-12-27,,83135,791206,3
1352303,2019-12-06,2019-12-27,2019-12-18,83324,397567,1
1352304,2019-12-06,2019-12-27,2019-12-22,83324,898033,1
1352305,2019-12-06,2019-12-27,,83402,12962,3
1352306,2019-12-06,2019-12-27,,83403,449349,3
1352307,2019-12-06,2019-12-27,,83491,251124,3
1352308,2019-12-06,2019-12-27,2019-12-30,83504,496242,1
1352309,2019-12-06,2019-12-27,,83693,747443,3
1352310,2019-12-06,2019-12-27,2019-12-26,83759,896937,1
1352311,2019-12-06,2019-12-27,,83787,15288,3
1352312,2019-12-06,2019-12-27,,83871,147619,3
1352313,2019-12-06,2019-12-27,2019-12-21,84289,923539,1
1352314,2019-12-06,2019-12-27,,84564,741369,3
1352315,2019-12-06,2019-12-27,,84601,694788,3
1352316,2019-12-06,2019-12-27,2019-12-28,84712,256359,1
1352317,2019-12-06,2019-12-27,,84997,17095,3
1352318,2019-12-06,2019-12-27,,84997,394668,3
1352319,2019-12-06,2019-12-27,,85097,826695,3
1352320,2019-12-06,2019-12-27,2019-12-19,85097,899006,1
1352321,2019-12-06,2019-12-27,2019-12-28,85214,66767,1
1352322,2019-12-06,2019-12-27,,85214,271780,3
1352323,2019-12-06,2019-12-27,,85273,254398,3
1352324,2019-12-06,2019-12-27,,85273,341052,3
1352325,2019-12-06,2019-12-27,,85417,872665,3
1352326,2019-12-06,2019-12-27,,85417,951813,3
1352327,2019-12-06,2019-12-27,,85426,197185,3
1352328,2019-12-06,2019-12-27,,85549,773378,3
1352329,2019-12-06,2019-12-27,2019-12-21,85885,149469,1
1352330,2019-12-06,2019-12-27,,85930,906118,3
1352331,2019-12-06,2019-12-27,,85939,24707,3
1352332,2019-12-06,2019-12-27,2019-12-21,86301,336432,1
1352333,2019-12-06,2019-12-27,,86541,67815,3
1352334,2019-12-06,2019-12-27,,86669,40816,3
1352335,2019-12-06,2019-12-27,,86669,171164,3
1352336,2019-12-06,2019-12-27,,86669,278998,3
1352337,2019-12-06,2019-12-27,,86669,359154,3
1352338,2019-12-06,2019-12-27,,86669,438845,3
1352339,2019-12-06,2019-12-27,,86669,569570,3
1352340,2019-12-06,2019-12-27,,86669,582107,3
1352341,2019-12-06,2019-12-27,,86669,741858,3
1352342,2019-12-06,2019-12-27,,86815,866098,3
1352343,2019-12-06,2019-12-27,,86989,776651,3
1352344,2019-12-06,2019-12-27,,87019,720852,3
1352345,2019-12-06,2019-12-27,,87092,205099,3
1352346,2019-12-06,2019-12-27,,87137,356854,3
1352347,2019-12-06,2019-12-27,,87188,713712,3
1352348,2019-12-06,2019-12-27,,87262,113509,3
1352349,2019-12-06,2019-12-27,,87367,276259,3
1352350,2019-12-06,2019-12-27,,87436,303943,3
1352351,2019-12-06,2019-12-27,2019-12-17,87558,894277,1
1352352,2019-12-06,2019-12-27,2019-12-22,87566,707385,1
1352353,2019-12-06,2019-12-27,2019-12-29,87579,30927,1
1352354,2019-12-06,2019-12-27,,87588,554892,3
1352355,2019-12-06,2019-12-27,,87708,145076,3
1352356,2019-12-06,2019-12-27,,87776,828743,3
1352357,2019-12-06,2019-12-27,,87861,567737,3
1352358,2019-12-06,2019-12-27,,87861,681037,3
1352359,2019-12-06,2019-12-27,,87873,927320,3
1352360,2019-12-06,2019-12-27,,87943,87342,3
1352361,2019-12-06,2019-12-27,,87943,142906,3
1352362,2019-12-06,2019-12-27,2019-12-19,87943,385103,1
1352363,2019-12-06,2019-12-27,2019-12-24,87972,64852,1
1352364,2019-12-06,2019-12-27,,87972,87763,3
1352365,2019-12-06,2019-12-27,,87972,113427,3
1352366,2019-12-06,2019-12-27,,87972,460486,3
1352367,2019-12-06,2019-12-27,,87972,471771,3
1352368,2019-12-06,2019-12-27,2019-12-29,87972,654265,1
1352369,2019-12-06,2019-12-27,,87972,832533,3
1352370,2019-12-06,2019-12-27,2019-12-27,87972,902358,1
1352371,2019-12-06,2019-12-27,,88083,430162,3
1352372,2019-12-06,2019-12-27,,88222,437577,3
1352373,2019-12-06,2019-12-27,,88424,197863,3
1352374,2019-12-06,2019-12-27,,88446,594217,3
1352375,2019-12-06,2019-12-27,2019-12-23,88499,729591,1
1352376,2019-12-06,2019-12-27,2019-12-27,88499,770817,1
1352377,2019-12-06,2019-12-27,,88836,222849,3
1352378,2019-12-06,2019-12-27,,88836,449388,3
1352379,2019-12-06,2019-12-27,2019-12-28,88922,5480,1
1352380,2019-12-06,2019-12-27,,89155,901361,3
1352381,2019-12-06,2019-12-27,,89232,135689,3
1352382,2019-12-06,2019-12-27,,89702,575194,3
1352383,2019-12-06,2019-12-27,,90028,696394,3
1352384,2019-12-06,2019-12-27,2019-12-29,90069,469811,1
1352385,2019-12-06,2019-12-27,,90253,909869,3
1352386,2019-12-06,2019-12-27,,90297,174262,3
1352387,2019-12-06,2019-12-27,,90389,643978,3
1352388,2019-12-06,2019-12-27,,90399,620826,3
1352389,2019-12-06,2019-12-27,,90534,568939,3
1352390,2019-12-06,2019-12-27,2019-12-23,90578,352666,1
1352391,2019-12-06,2019-12-27,,90578,629202,3
1352392,2019-12-06,2019-12-27,,90584,916976,3
1352393,2019-12-06,2019-12-27,2019-12-19,90707,137803,1
1352394,2019-12-06,2019-12-27,2019-12-21,90720,728626,1
1352395,2019-12-06,2019-12-27,,90868,191457,3
1352396,2019-12-06,2019-12-27,2019-12-30,91052,676646,1
1352397,2019-12-06,2019-12-27,,91132,423281,3
1352398,2019-12-06,2019-12-27,,91217,465707,3
1352399,2019-12-06,2019-12-27,2019-12-31,91248,110460,1
1352400,2019-12-06,2019-12-27,2019-12-25,91248,212020,1
1352401,2019-12-06,2019-12-27,2019-12-21,91248,542935,1
1352402,2019-12-06,2019-12-27,,91283,166075,3
1352403,2019-12-06,2019-12-27,,91345,760952,3
1352404,2019-12-06,2019-12-27,,91396,633569,3
1352405,2019-12-06,2019-12-27,2019-12-30,91426,661614,1
1352406,2019-12-06,2019-12-27,,91564,104338,3
1352407,2019-12-06,2019-12-27,2019-12-26,91656,77196,1
1352408,2019-12-06,2019-12-27,,91676,743592,3
1352409,2019-12-06,2019-12-27,,91938,748742,3
1352410,2019-12-06,2019-12-27,,91990,612464,3
1352411,2019-12-06,2019-12-27,,92173,253494,3
1352412,2019-12-06,2019-12-27,,92221,705692,3
1352413,2019-12-06,2019-12-27,,92336,175539,3
1352414,2019-12-06,2019-12-27,,92581,348412,3
1352415,2019-12-06,2019-12-27,,92581,453839,3
1352416,2019-12-06,2019-12-27,,92592,472499,3
1352417,2019-12-06,2019-12-27,2019-12-30,92630,192496,1
1352418,2019-12-06,2019-12-27,2019-12-23,92684,319039,1
1352419,2019-12-06,2019-12-27,2019-12-25,92771,430175,1
1352420,2019-12-06,2019-12-27,,92787,309881,3
1352421,2019-12-06,2019-12-27,,92797,682975,3
1352422,2019-12-06,2019-12-27,,93233,104498,3
1352423,2019-12-06,2019-12-27,2019-12-26,93470,405274,1
1352424,2019-12-06,2019-12-27,,93555,698822,3
1352425,2019-12-06,2019-12-27,2019-12-25,93614,586560,1
1352426,2019-12-06,2019-12-27,2019-12-24,93673,588101,1
1352427,2019-12-06,2019-12-27,,93677,782106,3
1352428,2019-12-06,2019-12-27,,93728,269573,3
1352429,2019-12-06,2019-12-27,,93749,344552,3
1352430,2019-12-06,2019-12-27,2019-12-26,93760,235413,1
1352431,2019-12-06,2019-12-27,,93809,402792,3
1352432,2019-12-06,2019-12-27,,93855,30974,3
1352433,2019-12-06,2019-12-27,,93909,652114,3
1352434,2019-12-06,2019-12-27,,93925,198640,3
1352435,2019-12-06,2019-12-27,,94011,688666,3
1352436,2019-12-06,2019-12-27,,94020,698823,3
1352437,2019-12-06,2019-12-27,,94155,630804,3
1352438,2019-12-06,2019-12-27,,94434,933722,3
1352439,2019-12-06,2019-12-27,2019-12-26,94583,30884,1
1352440,2019-12-06,2019-12-27,,94588,138597,3
1352441,2019-12-06,2019-12-27,,94714,140749,3
1352442,2019-12-06,2019-12-27,,94786,691091,3
1352443,2019-12-06,2019-12-27,2019-12-27,94872,57609,1
1352444,2019-12-06,2019-12-27,2019-12-26,94891,648719,1
1352445,2019-12-06,2019-12-27,2019-12-22,94964,749546,1
1352446,2019-12-06,2019-12-27,,95072,437907,3
1352447,2019-12-06,2019-12-27,,95285,30975,3
1352448,2019-12-06,2019-12-27,,95333,231429,3
1352449,2019-12-06,2019-12-27,,95375,712169,3
1352450,2019-12-06,2019-12-27,2019-12-25,95409,671846,1
1352451,2019-12-06,2019-12-27,,95508,660667,3
1352452,2019-12-06,2019-12-27,,95539,30928,3
1352453,2019-12-06,2019-12-27,,95570,287679,3
1352454,2019-12-06,2019-12-27,,95767,832160,3
1352455,2019-12-06,2019-12-27,,95816,165570,3
1352456,2019-12-06,2019-12-27,2019-12-19,95816,174730,1
1352457,2019-12-06,2019-12-27,2019-12-26,95816,517570,1
1352458,2019-12-06,2019-12-27,2019-12-26,95858,546942,1
1352459,2019-12-06,2019-12-27,,95921,18488,3
1352460,2019-12-06,2019-12-27,,96142,498206,3
1352461,2019-12-06,2019-12-27,2019-12-23,96155,57737,1
1352462,2019-12-06,2019-12-27,,96202,731221,3
1352463,2019-12-06,2019-12-27,,96419,189194,3
1352464,2019-12-06,2019-12-27,,96520,163961,3
1352465,2019-12-06,2019-12-27,2019-12-30,96729,672235,1
1352466,2019-12-06,2019-12-27,2019-12-28,96901,51026,1
1352467,2019-12-06,2019-12-27,,97123,510378,3
1352468,2019-12-06,2019-12-27,,97308,907998,3
1352469,2019-12-06,2019-12-27,,97318,410011,3
1352470,2019-12-06,2019-12-27,2019-12-25,97399,766012,1
1352471,2019-12-06,2019-12-27,,97399,806792,3
1352472,2019-12-06,2019-12-27,,97403,844981,3
1352473,2019-12-06,2019-12-27,2019-12-23,97480,463119,1
1352474,2019-12-06,2019-12-27,,97524,409015,3
1352475,2019-12-06,2019-12-27,,97612,872541,3
1352476,2019-12-06,2019-12-27,,97751,698824,3
1352477,2019-12-06,2019-12-27,,98351,637824,3
1352478,2019-12-06,2019-12-27,,98351,872675,3
1352479,2019-12-06,2019-12-27,2019-12-21,98430,201368,1
1352480,2019-12-06,2019-12-27,2019-12-25,98430,550893,1
1352481,2019-12-06,2019-12-27,,98503,351839,3
1352482,2019-12-06,2019-12-27,2019-12-18,98661,384171,1
1352483,2019-12-06,2019-12-27,,98734,274564,3
1352484,2019-12-06,2019-12-27,,98796,629736,3
1352485,2019-12-06,2019-12-27,,99025,67676,3
1352486,2019-12-06,2019-12-27,2019-12-24,99056,670627,1
1352487,2019-12-06,2019-12-27,,99095,600552,3
1352488,2019-12-06,2019-12-27,,99095,938050,3
1352489,2019-12-06,2019-12-27,,99160,434634,3
1352490,2019-12-06,2019-12-27,,99345,144910,3
1352491,2019-12-06,2019-12-27,2019-12-18,99355,265028,1
1352492,2019-12-06,2019-12-27,2019-12-27,99355,538091,1
1352493,2019-12-06,2019-12-27,2019-12-29,99445,310432,1
1352494,2019-12-06,2019-12-27,,99650,318058,3
1352495,2019-12-06,2019-12-27,2019-12-27,99887,360426,1
1352496,2019-12-06,2019-12-27,2019-12-25,99887,830199,1
1352497,2019-12-06,2019-12-27,2019-12-29,99894,432228,1
1352498,2019-12-06,2019-12-27,2019-12-28,100023,821850,1
1352499,2019-12-06,2019-12-27,,100109,381332,3
1352500,2019-12-06,2019-12-27,,100141,807633,3
1352501,2019-12-06,2019-12-27,,100213,26737,3
1352502,2019-12-06,2019-12-27,,100223,70915,3
1352503,2019-12-06,2019-12-27,,100240,643275,3
1352504,2019-12-06,2019-12-27,2019-12-18,100395,348413,1
1352505,2019-12-06,2019-12-27,2019-12-25,100641,64869,1
1352506,2019-12-06,2019-12-27,,100752,214823,3
1352507,2019-12-06,2019-12-27,,101021,776601,3
1352508,2019-12-06,2019-12-27,,101095,258269,3
1352509,2019-12-06,2019-12-27,2019-12-24,101204,216466,1
1352510,2019-12-06,2019-12-27,2019-12-23,101349,808804,1
1352511,2019-12-06,2019-12-27,,101479,468725,3
1352512,2019-12-06,2019-12-27,,101597,334099,3
1352513,2019-12-06,2019-12-27,,101738,30952,3
1352514,2019-12-06,2019-12-27,,101814,718003,3
1352515,2019-12-06,2019-12-27,,101903,77930,3
1352516,2019-12-06,2019-12-27,,101918,51810,3
1352517,2019-12-06,2019-12-27,,101966,226326,3
1352518,2019-12-06,2019-12-27,,101966,514063,3
1352519,2019-12-06,2019-12-27,,102024,453840,3
1352520,2019-12-06,2019-12-27,,102319,6496,3
1352521,2019-12-06,2019-12-27,2019-12-18,102488,832688,1
1352522,2019-12-06,2019-12-27,,102513,30929,3
1352523,2019-12-06,2019-12-27,,102597,480357,3
1352524,2019-12-06,2019-12-27,,102597,926836,3
1352525,2019-12-06,2019-12-27,,102620,681107,3
1352526,2019-12-06,2019-12-27,,102675,49622,3
1352527,2019-12-06,2019-12-27,,102675,282017,3
1352528,2019-12-06,2019-12-27,2019-12-21,102675,437083,1
1352529,2019-12-06,2019-12-27,2019-12-26,102720,393960,1
1352530,2019-12-06,2019-12-27,,102818,274680,3
1352531,2019-12-06,2019-12-27,,102826,142661,3
1352532,2019-12-06,2019-12-27,2019-12-17,102936,379350,1
1352533,2019-12-06,2019-12-27,2019-12-29,102985,741304,1
1352534,2019-12-06,2019-12-27,,103187,112115,3
1352535,2019-12-06,2019-12-27,,103881,926926,3
1352536,2019-12-06,2019-12-27,2019-12-30,103882,927508,1
1352537,2019-12-06,2019-12-27,,103919,816659,3
1352538,2019-12-06,2019-12-27,2019-12-24,103929,514775,1
1352539,2019-12-06,2019-12-27,2019-12-24,104013,770065,1
1352540,2019-12-06,2019-12-27,,104041,43301,3
1352541,2019-12-06,2019-12-27,,104328,361425,3
1352542,2019-12-06,2019-12-27,,104386,251328,3
1352543,2019-12-06,2019-12-27,,104473,231546,3
1352544,2019-12-06,2019-12-27,,104501,469518,3
1352545,2019-12-06,2019-12-27,,104770,53917,3
1352546,2019-12-06,2019-12-27,2019-12-31,104863,757027,1
1352547,2019-12-06,2019-12-27,,105163,923149,3
1352548,2019-12-06,2019-12-27,2019-12-24,105221,792417,1
1352549,2019-12-06,2019-12-27,,105310,635423,3
1352550,2019-12-06,2019-12-27,,105385,800922,3
1352551,2019-12-06,2019-12-27,2019-12-31,105469,312362,1
1352552,2019-12-06,2019-12-27,,105571,611113,3
1352553,2019-12-06,2019-12-27,,105632,636945,3
1352554,2019-12-06,2019-12-27,,105691,537007,3
1352555,2019-12-06,2019-12-27,,105808,649295,3
1352556,2019-12-06,2019-12-27,,105858,923086,3
1352557,2019-12-06,2019-12-27,,105873,944205,3
1352558,2019-12-06,2019-12-27,2019-12-31,106085,307863,1
1352559,2019-12-06,2019-12-27,,106095,325561,3
1352560,2019-12-06,2019-12-27,,106354,81453,3
1352561,2019-12-06,2019-12-27,,106356,759802,3
1352562,2019-12-06,2019-12-27,,106363,690325,3
1352563,2019-12-06,2019-12-27,,106417,779809,3
1352564,2019-12-06,2019-12-27,,106500,315181,3
1352565,2019-12-06,2019-12-27,,106639,505168,3
1352566,2019-12-06,2019-12-27,2019-12-20,106795,460018,1
1352567,2019-12-06,2019-12-27,,106833,516119,3
1352568,2019-12-06,2019-12-27,,107362,328749,3
1352569,2019-12-06,2019-12-27,,107401,355718,3
1352570,2019-12-06,2019-12-27,,107605,880044,3
1352571,2019-12-06,2019-12-27,,107792,437380,3
1352572,2019-12-06,2019-12-27,2019-12-25,108274,731429,1
1352573,2019-12-06,2019-12-27,,108447,285636,3
1352574,2019-12-06,2019-12-27,,108574,372235,3
1352575,2019-12-06,2019-12-27,,108574,633178,3
1352576,2019-12-06,2019-12-27,,108581,579329,3
1352577,2019-12-06,2019-12-27,2019-12-24,108581,837410,1
1352578,2019-12-06,2019-12-27,2019-12-18,108621,96859,1
1352579,2019-12-06,2019-12-27,2019-12-30,108621,700947,1
1352580,2019-12-06,2019-12-27,2019-12-28,108763,226064,1
1352581,2019-12-06,2019-12-27,,108876,711578,3
1352582,2019-12-06,2019-12-27,,109045,390046,3
1352583,2019-12-06,2019-12-27,,109430,834624,3
1352584,2019-12-06,2019-12-27,,109467,375626,3
1352585,2019-12-06,2019-12-27,,109763,708719,3
1352586,2019-12-06,2019-12-27,2019-12-23,109764,335748,1
1352587,2019-12-06,2019-12-27,2019-12-25,109777,880362,1
1352588,2019-12-06,2019-12-27,,110074,371963,3
1352589,2019-12-06,2019-12-27,,110198,697896,3
1352590,2019-12-06,2019-12-27,,110320,762136,3
1352591,2019-12-06,2019-12-27,,110389,127314,3
1352592,2019-12-06,2019-12-27,,110516,789850,3
1352593,2019-12-06,2019-12-27,2019-12-22,110527,525851,1
1352594,2019-12-06,2019-12-27,2019-12-21,110583,28447,1
1352595,2019-12-06,2019-12-27,,110595,606276,3
1352596,2019-12-06,2019-12-27,,110847,249053,3
1352597,2019-12-06,2019-12-27,,110955,931649,3
1352598,2019-12-06,2019-12-27,,111314,517617,3
1352599,2019-12-06,2019-12-27,,111317,26487,3
1352600,2019-12-06,2019-12-27,,111425,121458,3
1352601,2019-12-06,2019-12-27,2019-12-30,111438,558473,1
1352602,2019-12-06,2019-12-27,,111438,602878,3
1352603,2019-12-06,2019-12-27,,111594,434876,3
1352604,2019-12-06,2019-12-27,,111692,2945,3
1352605,2019-12-06,2019-12-27,,111692,131166,3
1352606,2019-12-06,2019-12-27,,111692,195768,3
1352607,2019-12-06,2019-12-27,,111692,231044,3
1352608,2019-12-06,2019-12-27,,111692,255264,3
1352609,2019-12-06,2019-12-27,,111692,330091,3
1352610,2019-12-06,2019-12-27,,111692,586423,3
1352611,2019-12-06,2019-12-27,,111692,756576,3
1352612,2019-12-06,2019-12-27,,111692,766362,3
1352613,2019-12-06,2019-12-27,,111692,819846,3
1352614,2019-12-06,2019-12-27,,111692,900059,3
1352615,2019-12-06,2019-12-27,,111733,484087,3
1352616,2019-12-06,2019-12-27,2019-12-24,111920,86613,1
1352617,2019-12-06,2019-12-27,,112075,353468,3
1352618,2019-12-06,2019-12-27,2019-12-28,112148,14783,1
1352619,2019-12-06,2019-12-27,,112148,36230,3
1352620,2019-12-06,2019-12-27,,112148,228980,3
1352621,2019-12-06,2019-12-27,,112148,745130,3
1352622,2019-12-06,2019-12-27,,112148,763110,3
1352623,2019-12-06,2019-12-27,,112148,904068,3
1352624,2019-12-06,2019-12-27,,112181,652115,3
1352625,2019-12-06,2019-12-27,,112395,651090,3
1352626,2019-12-06,2019-12-27,,112493,26739,3
1352627,2019-12-06,2019-12-27,2019-12-20,112493,349641,1
1352628,2019-12-06,2019-12-27,,112894,357553,3
1352629,2019-12-06,2019-12-27,2019-12-18,113069,947845,1
1352630,2019-12-06,2019-12-27,,113335,167663,3
1352631,2019-12-06,2019-12-27,,113348,828410,3
1352632,2019-12-06,2019-12-27,2019-12-27,113356,444703,1
1352633,2019-12-06,2019-12-27,2019-12-31,113356,613899,1
1352634,2019-12-06,2019-12-27,2019-12-27,113356,879697,1
1352635,2019-12-06,2019-12-27,,113555,690586,3
1352636,2019-12-06,2019-12-27,,113593,621678,3
1352637,2019-12-06,2019-12-27,,113622,806538,3
1352638,2019-12-06,2019-12-27,2019-12-28,113785,447642,1
1352639,2019-12-06,2019-12-27,2019-12-29,113797,170735,1
1352640,2019-12-06,2019-12-27,,113803,5519,3
1352641,2019-12-06,2019-12-27,,114184,873821,3
1352642,2019-12-06,2019-12-27,,114472,30885,3
1352643,2019-12-06,2019-12-27,,114571,562483,3
1352644,2019-12-06,2019-12-27,,114748,652171,3
1352645,2019-12-06,2019-12-27,,115070,684253,3
1352646,2019-12-06,2019-12-27,,115156,144096,3
1352647,2019-12-06,2019-12-27,2019-12-24,115453,417046,1
1352648,2019-12-06,2019-12-27,2019-12-20,115529,742312,1
1352649,2019-12-06,2019-12-27,,115542,557588,3
1352650,2019-12-06,2019-12-27,,115586,109913,3
1352651,2019-12-06,2019-12-27,,115646,423398,3
1352652,2019-12-06,2019-12-27,,115646,525907,3
1352653,2019-12-06,2019-12-27,,115646,700363,3
1352654,2019-12-06,2019-12-27,,115646,815174,3
1352655,2019-12-06,2019-12-27,2019-12-25,115703,949126,1
1352656,2019-12-06,2019-12-27,,115832,22440,3
1352657,2019-12-06,2019-12-27,,115987,791189,3
1352658,2019-12-06,2019-12-27,2019-12-21,116077,307977,1
1352659,2019-12-06,2019-12-27,,116105,893064,3
1352660,2019-12-06,2019-12-27,,116133,246639,3
1352661,2019-12-06,2019-12-27,,116249,284814,3
1352662,2019-12-06,2019-12-27,2019-12-28,116476,611912,1
1352663,2019-12-06,2019-12-27,,116523,777643,3
1352664,2019-12-06,2019-12-27,,116724,904958,3
1352665,2019-12-06,2019-12-27,2019-12-31,116773,429065,1
1352666,2019-12-06,2019-12-27,2019-12-21,116790,855817,1
1352667,2019-12-06,2019-12-27,2019-12-21,116888,170283,1
1352668,2019-12-06,2019-12-27,,117157,439209,3
1352669,2019-12-06,2019-12-27,,117455,222850,3
1352670,2019-12-06,2019-12-27,,117473,312571,3
1352671,2019-12-06,2019-12-27,,117558,349523,3
1352672,2019-12-06,2019-12-27,,117764,772801,3
1352673,2019-12-06,2019-12-27,,117818,448428,3
1352674,2019-12-06,2019-12-27,,117865,494818,3
1352675,2019-12-06,2019-12-27,2019-12-24,117896,159416,1
1352676,2019-12-06,2019-12-27,,118207,4335,3
1352677,2019-12-06,2019-12-27,,118225,739911,3
1352678,2019-12-06,2019-12-27,,118234,5967,3
1352679,2019-12-06,2019-12-27,,118558,283000,3
1352680,2019-12-06,2019-12-27,2019-12-22,118568,600310,1
1352681,2019-12-06,2019-12-27,,118571,304052,3
1352682,2019-12-06,2019-12-27,,118896,627932,3
1352683,2019-12-06,2019-12-27,,119073,14470,3
1352684,2019-12-06,2019-12-27,,119073,698825,3
1352685,2019-12-06,2019-12-27,2019-12-21,119170,352221,1
1352686,2019-12-06,2019-12-27,2019-12-26,119171,474255,1
1352687,2019-12-06,2019-12-27,,119297,147588,3
1352688,2019-12-06,2019-12-27,,119319,453841,3
1352689,2019-12-06,2019-12-27,2019-12-24,119829,403211,1
1352690,2019-12-06,2019-12-27,2019-12-30,119829,701241,1
1352691,2019-12-06,2019-12-27,,119845,472790,3
1352692,2019-12-06,2019-12-27,2019-12-25,119955,276830,1
1352693,2019-12-06,2019-12-27,,119989,820491,3
1352694,2019-12-06,2019-12-27,2019-12-26,120212,167201,1
1352695,2019-12-06,2019-12-27,,120350,776347,3
1352696,2019-12-06,2019-12-27,2019-12-19,120428,45595,1
1352697,2019-12-06,2019-12-27,2019-12-30,120530,439221,1
1352698,2019-12-06,2019-12-27,2019-12-21,120565,911039,1
1352699,2019-12-06,2019-12-27,2019-12-25,120565,923962,1
1352700,2019-12-06,2019-12-27,2019-12-19,120631,66750,1
1352701,2019-12-06,2019-12-27,2019-12-21,120631,105238,1
1352702,2019-12-06,2019-12-27,2019-12-21,120631,143498,1
1352703,2019-12-06,2019-12-27,2019-12-30,120900,600600,1
1352704,2019-12-06,2019-12-27,,120907,91889,3
1352705,2019-12-06,2019-12-27,,120907,300864,3
1352706,2019-12-06,2019-12-27,,120907,569724,3
1352707,2019-12-06,2019-12-27,,121262,48722,3
1352708,2019-12-06,2019-12-27,2019-12-30,121262,342969,1
1352709,2019-12-06,2019-12-27,,121262,382005,3
1352710,2019-12-06,2019-12-27,2019-12-21,121262,743365,1
1352711,2019-12-06,2019-12-27,,121438,870581,3
1352712,2019-12-06,2019-12-27,,121459,230207,3
1352713,2019-12-06,2019-12-27,,121586,806489,3
1352714,2019-12-06,2019-12-27,,121905,63840,3
1352715,2019-12-06,2019-12-27,,121905,180203,3
1352716,2019-12-06,2019-12-27,,121905,476127,3
1352717,2019-12-06,2019-12-27,,121905,871485,3
1352718,2019-12-06,2019-12-27,,121923,478474,3
1352719,2019-12-06,2019-12-27,,121947,30930,3
1352720,2019-12-06,2019-12-27,2019-12-19,121951,593938,1
1352721,2019-12-06,2019-12-27,,122433,282127,3
1352722,2019-12-06,2019-12-27,,122449,705827,3
1352723,2019-12-06,2019-12-27,,122591,13173,3
1352724,2019-12-06,2019-12-27,2019-12-28,122696,678370,1
1352725,2019-12-06,2019-12-27,2019-12-19,122756,278691,1
1352726,2019-12-06,2019-12-27,,122788,770066,3
1352727,2019-12-06,2019-12-27,,123351,111163,3
1352728,2019-12-06,2019-12-27,,123380,288047,3
1352729,2019-12-06,2019-12-27,,123452,194646,3
1352730,2019-12-06,2019-12-27,,123452,737872,3
1352731,2019-12-06,2019-12-27,,123559,17812,3
1352732,2019-12-06,2019-12-27,,123559,437552,3
1352733,2019-12-06,2019-12-27,,123559,698931,3
1352734,2019-12-06,2019-12-27,2019-12-17,123571,554867,1
1352735,2019-12-06,2019-12-27,,123698,549995,3
1352736,2019-12-06,2019-12-27,,123875,706533,3
1352737,2019-12-06,2019-12-27,,123914,441343,3
1352738,2019-12-06,2019-12-27,2019-12-27,124599,589756,1
1352739,2019-12-06,2019-12-27,,124824,621562,3
1352740,2019-12-06,2019-12-27,,124977,873205,3
1352741,2019-12-06,2019-12-27,,124979,311441,3
1352742,2019-12-06,2019-12-27,,125027,465165,3
1352743,2019-12-06,2019-12-27,,125052,519053,3
1352744,2019-12-06,2019-12-27,,125290,51086,3
1352745,2019-12-06,2019-12-27,,125341,337340,3
1352746,2019-12-06,2019-12-27,,125498,845899,3
1352747,2019-12-06,2019-12-27,,125527,428592,3
1352748,2019-12-06,2019-12-27,,125586,179538,3
1352749,2019-12-06,2019-12-27,,125613,189548,3
1352750,2019-12-06,2019-12-27,,125692,660725,3
1352751,2019-12-06,2019-12-27,,125707,623919,3
1352752,2019-12-06,2019-12-27,,125860,30931,3
1352753,2019-12-06,2019-12-27,,125962,129574,3
1352754,2019-12-06,2019-12-27,,125962,555747,3
1352755,2019-12-06,2019-12-27,,125962,689694,3
1352756,2019-12-06,2019-12-27,,125962,847648,3
1352757,2019-12-06,2019-12-27,2019-12-24,126064,733916,1
1352758,2019-12-06,2019-12-27,,126192,147354,3
1352759,2019-12-06,2019-12-27,,126200,679641,3
1352760,2019-12-06,2019-12-27,,126430,861829,3
1352761,2019-12-06,2019-12-27,,126878,134579,3
1352762,2019-12-06,2019-12-27,,126878,533364,3
1352763,2019-12-06,2019-12-27,,126878,672758,3
1352764,2019-12-06,2019-12-27,,126897,336507,3
1352765,2019-12-06,2019-12-27,,126976,841720,3
1352766,2019-12-06,2019-12-27,,127074,368445,3
1352767,2019-12-06,2019-12-27,,127180,54758,3
1352768,2019-12-06,2019-12-27,2019-12-23,127346,573213,1
1352769,2019-12-06,2019-12-27,,127616,742149,3
1352770,2019-12-06,2019-12-27,,127695,590684,3
1352771,2019-12-06,2019-12-27,,127733,637683,3
1352772,2019-12-06,2019-12-27,,127779,950423,3
1352773,2019-12-06,2019-12-27,2019-12-24,127923,954111,1
1352774,2019-12-06,2019-12-27,2019-12-20,128117,204180,1
1352775,2019-12-06,2019-12-27,,128365,511166,3
1352776,2019-12-06,2019-12-27,2019-12-28,128415,321745,1
1352777,2019-12-06,2019-12-27,,128415,466049,3
1352778,2019-12-06,2019-12-27,2019-12-21,128465,431417,1
1352779,2019-12-06,2019-12-27,,128647,755899,3
1352780,2019-12-06,2019-12-27,,128656,698201,3
1352781,2019-12-06,2019-12-27,2019-12-30,128695,949138,1
1352782,2019-12-06,2019-12-27,,128709,141028,3
1352783,2019-12-06,2019-12-27,,128709,666838,3
1352784,2019-12-06,2019-12-27,,128770,645338,3
1352785,2019-12-06,2019-12-27,,128774,522439,3
1352786,2019-12-06,2019-12-27,2019-12-27,128774,694446,1
1352787,2019-12-06,2019-12-27,2019-12-29,129007,173286,1
1352788,2019-12-06,2019-12-27,2019-12-20,129007,347639,1
1352789,2019-12-06,2019-12-27,2019-12-22,129007,783718,1
1352790,2019-12-06,2019-12-27,,129138,681716,3
1352791,2019-12-06,2019-12-27,,129138,902389,3
1352792,2019-12-06,2019-12-27,2019-12-31,129218,876720,1
1352793,2019-12-06,2019-12-27,,129271,98913,3
1352794,2019-12-06,2019-12-27,,129327,898320,3
1352795,2019-12-06,2019-12-27,,129525,107363,3
1352796,2019-12-06,2019-12-27,2019-12-17,129528,127720,1
1352797,2019-12-06,2019-12-27,,129570,434278,3
1352798,2019-12-06,2019-12-27,2019-12-30,129582,201255,1
1352799,2019-12-06,2019-12-27,2019-12-21,129582,381416,1
1352800,2019-12-06,2019-12-27,2019-12-30,129582,833456,1
1352801,2019-12-06,2019-12-27,,129882,493722,3
1352802,2019-12-06,2019-12-27,,129890,563113,3
1352803,2019-12-06,2019-12-27,,129895,613341,3
1352804,2019-12-06,2019-12-27,2019-12-21,129896,24382,1
1352805,2019-12-06,2019-12-27,2019-12-19,129896,714715,1
1352806,2019-12-06,2019-12-27,,129994,937723,3
1352807,2019-12-06,2019-12-27,,129996,628554,3
1352808,2019-12-06,2019-12-27,,130503,896591,3
1352809,2019-12-06,2019-12-27,,130569,874274,3
1352810,2019-12-06,2019-12-27,2019-12-20,130597,13277,1
1352811,2019-12-06,2019-12-27,,130615,39985,3
1352812,2019-12-06,2019-12-27,,130631,114542,3
1352813,2019-12-06,2019-12-27,,130666,923217,3
1352814,2019-12-06,2019-12-27,,130671,154901,3
1352815,2019-12-06,2019-12-27,2019-12-22,130739,418523,1
1352816,2019-12-06,2019-12-27,,131122,815279,3
1352817,2019-12-06,2019-12-27,,131360,953111,3
1352818,2019-12-06,2019-12-27,,131380,131750,3
1352819,2019-12-06,2019-12-27,2019-12-27,131380,225686,1
1352820,2019-12-06,2019-12-27,,131380,366799,3
1352821,2019-12-06,2019-12-27,,131380,679844,3
1352822,2019-12-06,2019-12-27,,131380,840214,3
1352823,2019-12-06,2019-12-27,,131444,546570,3
1352824,2019-12-06,2019-12-27,2019-12-19,131732,340567,1
1352825,2019-12-06,2019-12-27,2019-12-27,132002,122918,1
1352826,2019-12-06,2019-12-27,,132007,201344,3
1352827,2019-12-06,2019-12-27,,132007,588012,3
1352828,2019-12-06,2019-12-27,,132104,662942,3
1352829,2019-12-06,2019-12-27,,132104,883911,3
1352830,2019-12-06,2019-12-27,2019-12-22,132108,59489,1
1352831,2019-12-06,2019-12-27,,132133,26448,3
1352832,2019-12-06,2019-12-27,,132133,308244,3
1352833,2019-12-06,2019-12-27,,132133,614052,3
1352834,2019-12-06,2019-12-27,,132133,684527,3
1352835,2019-12-06,2019-12-27,,132133,741821,3
1352836,2019-12-06,2019-12-27,,132133,845943,3
1352837,2019-12-06,2019-12-27,,132144,407613,3
1352838,2019-12-06,2019-12-27,,132144,737581,3
1352839,2019-12-06,2019-12-27,,132144,741822,3
1352840,2019-12-06,2019-12-27,,132144,939005,3
1352841,2019-12-06,2019-12-27,,132169,328277,3
1352842,2019-12-06,2019-12-27,2019-12-20,132211,452132,1
1352843,2019-12-06,2019-12-27,,132334,806564,3
1352844,2019-12-06,2019-12-27,,132442,165464,3
1352845,2019-12-06,2019-12-27,,132485,449841,3
1352846,2019-12-06,2019-12-27,2019-12-26,132516,144398,1
1352847,2019-12-06,2019-12-27,,132524,498142,3
1352848,2019-12-06,2019-12-27,,132540,30886,3
1352849,2019-12-06,2019-12-27,,132664,68837,3
1352850,2019-12-06,2019-12-27,2019-12-20,132811,30932,1
1352851,2019-12-06,2019-12-27,,133125,346755,3
1352852,2019-12-06,2019-12-27,,133150,451008,3
1352853,2019-12-06,2019-12-27,,133273,541764,3
1352854,2019-12-06,2019-12-27,,133538,690907,3
1352855,2019-12-06,2019-12-27,,133650,151065,3
1352856,2019-12-06,2019-12-27,,133650,268486,3
1352857,2019-12-06,2019-12-27,,133650,310459,3
1352858,2019-12-06,2019-12-27,,133650,359181,3
1352859,2019-12-06,2019-12-27,,133650,428658,3
1352860,2019-12-06,2019-12-27,,133650,530374,3
1352861,2019-12-06,2019-12-27,2019-12-21,133650,543867,1
1352862,2019-12-06,2019-12-27,,133650,569573,3
1352863,2019-12-06,2019-12-27,,133650,612765,3
1352864,2019-12-06,2019-12-27,,133650,625243,3
1352865,2019-12-06,2019-12-27,,133650,842210,3
1352866,2019-12-06,2019-12-27,,133668,867945,3
1352867,2019-12-06,2019-12-27,,133695,519318,3
1352868,2019-12-06,2019-12-27,,133778,227240,3
1352869,2019-12-06,2019-12-27,2019-12-18,134164,725840,1
1352870,2019-12-06,2019-12-27,,134352,475287,3
1352871,2019-12-06,2019-12-27,,134508,763712,3
1352872,2019-12-06,2019-12-27,,134534,316088,3
1352873,2019-12-06,2019-12-27,,134592,72651,3
1352874,2019-12-06,2019-12-27,,134651,447780,3
1352875,2019-12-06,2019-12-27,,134651,688390,3
1352876,2019-12-06,2019-12-27,,134735,19147,3
1352877,2019-12-06,2019-12-27,,134823,457431,3
1352878,2019-12-06,2019-12-27,2019-12-20,134946,426786,1
1352879,2019-12-06,2019-12-27,2019-12-21,135238,443013,1
1352880,2019-12-06,2019-12-27,,135508,426281,3
1352881,2019-12-06,2019-12-27,,135519,693788,3
1352882,2019-12-06,2019-12-27,,135519,753575,3
1352883,2019-12-06,2019-12-27,,135710,49234,3
1352884,2019-12-06,2019-12-27,,135734,145077,3
1352885,2019-12-06,2019-12-27,2019-12-24,135748,721866,1
1352886,2019-12-06,2019-12-27,,135773,348725,3
1352887,2019-12-06,2019-12-27,2019-12-16,135805,504939,1
1352888,2019-12-06,2019-12-27,2019-12-19,135924,339722,1
1352889,2019-12-06,2019-12-27,,135926,879541,3
1352890,2019-12-06,2019-12-27,2019-12-21,135930,546931,1
1352891,2019-12-06,2019-12-27,,135963,386965,3
1352892,2019-12-06,2019-12-27,,136079,169479,3
1352893,2019-12-06,2019-12-27,,136279,768887,3
1352894,2019-12-06,2019-12-27,,136924,483281,3
1352895,2019-12-06,2019-12-27,,137292,248384,3
1352896,2019-12-06,2019-12-27,2019-12-21,137386,271700,1
1352897,2019-12-06,2019-12-27,,137386,271882,3
1352898,2019-12-06,2019-12-27,2019-12-28,137386,481676,1
1352899,2019-12-06,2019-12-27,,137515,837152,3
1352900,2019-12-06,2019-12-27,2019-12-28,137564,43168,1
1352901,2019-12-06,2019-12-27,,137564,838001,3
1352902,2019-12-06,2019-12-27,,137878,379351,3
1352903,2019-12-06,2019-12-27,2019-12-30,137910,771913,1
1352904,2019-12-06,2019-12-27,,137924,948869,3
1352905,2019-12-06,2019-12-27,,137958,843175,3
1352906,2019-12-06,2019-12-27,2019-12-19,137986,6371,1
1352907,2019-12-06,2019-12-27,,138048,929189,3
1352908,2019-12-06,2019-12-27,,138066,776340,3
1352909,2019-12-06,2019-12-27,2019-12-26,138079,897267,1
1352910,2019-12-06,2019-12-27,,138223,852149,3
1352911,2019-12-06,2019-12-27,2019-12-29,138644,249536,1
1352912,2019-12-06,2019-12-27,2019-12-21,138776,14471,1
1352913,2019-12-06,2019-12-27,2019-12-19,138890,137804,1
1352914,2019-12-06,2019-12-27,2019-12-27,138927,844982,1
1352915,2019-12-06,2019-12-27,,138927,864855,3
1352916,2019-12-06,2019-12-27,,139230,327399,3
1352917,2019-12-06,2019-12-27,2019-12-31,139342,175372,1
1352918,2019-12-06,2019-12-27,,139610,147548,3
1352919,2019-12-06,2019-12-27,2019-12-31,139826,272586,1
1352920,2019-12-06,2019-12-27,,140334,406369,3
1352921,2019-12-06,2019-12-27,,140353,557021,3
1352922,2019-12-06,2019-12-27,,140422,556975,3
1352923,2019-12-06,2019-12-27,,140509,838294,3
1352924,2019-12-06,2019-12-27,2019-12-31,140709,394083,1
1352925,2019-12-06,2019-12-27,,140805,121000,3
1352926,2019-12-06,2019-12-27,,140858,490969,3
1352927,2019-12-06,2019-12-27,,141031,268090,3
1352928,2019-12-06,2019-12-27,2019-12-22,141094,247817,1
1352929,2019-12-06,2019-12-27,,141130,3705,3
1352930,2019-12-06,2019-12-27,,141226,527263,3
1352931,2019-12-06,2019-12-27,,141291,280379,3
1352932,2019-12-06,2019-12-27,2019-12-27,141471,259068,1
1352933,2019-12-06,2019-12-27,,141562,767418,3
1352934,2019-12-06,2019-12-27,,141591,903742,3
1352935,2019-12-06,2019-12-27,2019-12-21,141609,195279,1
1352936,2019-12-06,2019-12-27,2019-12-20,141698,899973,1
1352937,2019-12-06,2019-12-27,,141702,925667,3
1352938,2019-12-06,2019-12-27,,141874,871350,3
1352939,2019-12-06,2019-12-27,2019-12-28,141901,218235,1
1352940,2019-12-06,2019-12-27,,142099,91558,3
1352941,2019-12-06,2019-12-27,2019-12-28,142226,480699,1
1352942,2019-12-06,2019-12-27,,142230,265297,3
1352943,2019-12-06,2019-12-27,,142230,399857,3
1352944,2019-12-06,2019-12-27,,142230,481223,3
1352945,2019-12-06,2019-12-27,,142230,601604,3
1352946,2019-12-06,2019-12-27,2019-12-23,142230,808750,1
1352947,2019-12-06,2019-12-27,,142230,918023,3
1352948,2019-12-06,2019-12-27,,142256,131751,3
1352949,2019-12-06,2019-12-27,,142574,678629,3
1352950,2019-12-06,2019-12-27,,142597,2092,3
1352951,2019-12-06,2019-12-27,,142597,298544,3
1352952,2019-12-06,2019-12-27,,142597,871813,3
1352953,2019-12-06,2019-12-27,,142760,820428,3
1352954,2019-12-06,2019-12-27,,142921,184705,3
1352955,2019-12-06,2019-12-27,,143052,269559,3
1352956,2019-12-06,2019-12-27,2019-12-22,143552,331785,1
1352957,2019-12-06,2019-12-27,,143805,620452,3
1352958,2019-12-06,2019-12-27,,143832,929079,3
1352959,2019-12-06,2019-12-27,,143842,227829,3
1352960,2019-12-06,2019-12-27,2019-12-28,143872,722998,1
1352961,2019-12-06,2019-12-27,,143888,692922,3
1352962,2019-12-06,2019-12-27,2019-12-30,143932,587164,1
1352963,2019-12-06,2019-12-27,,143949,588732,3
1352964,2019-12-06,2019-12-27,,144002,128776,3
1352965,2019-12-06,2019-12-27,,144052,331767,3
1352966,2019-12-06,2019-12-27,,144052,919755,3
1352967,2019-12-06,2019-12-27,,144093,832377,3
1352968,2019-12-06,2019-12-27,,144120,52388,3
1352969,2019-12-06,2019-12-27,2019-12-31,144336,421255,1
1352970,2019-12-06,2019-12-27,,144710,216167,3
1352971,2019-12-06,2019-12-27,2019-12-26,144939,399773,1
1352972,2019-12-06,2019-12-27,,145119,332293,3
1352973,2019-12-06,2019-12-27,,145479,834571,3
1352974,2019-12-06,2019-12-27,2019-12-26,145631,369008,1
1352975,2019-12-06,2019-12-27,,145767,356275,3
1352976,2019-12-06,2019-12-27,2019-12-30,145779,836857,1
1352977,2019-12-06,2019-12-27,,146050,379352,3
1352978,2019-12-06,2019-12-27,,146339,844103,3
1352979,2019-12-06,2019-12-27,,146429,832840,3
1352980,2019-12-06,2019-12-27,,146437,560370,3
1352981,2019-12-06,2019-12-27,,146452,913447,3
1352982,2019-12-06,2019-12-27,,146668,628170,3
1352983,2019-12-06,2019-12-27,,146780,181603,3
1352984,2019-12-06,2019-12-27,2019-12-26,146933,271230,1
1352985,2019-12-06,2019-12-27,2019-12-27,146954,284972,1
1352986,2019-12-06,2019-12-27,2019-12-19,146954,845050,1
1352987,2019-12-06,2019-12-27,,146980,14472,3
1352988,2019-12-06,2019-12-27,,147157,594734,3
1352989,2019-12-06,2019-12-27,,147180,134818,3
1352990,2019-12-06,2019-12-27,,147192,276255,3
1352991,2019-12-06,2019-12-27,,147263,310200,3
1352992,2019-12-06,2019-12-27,,147446,878506,3
1352993,2019-12-06,2019-12-27,,147590,764239,3
1352994,2019-12-06,2019-12-27,,147905,313410,3
1352995,2019-12-06,2019-12-27,,147959,350369,3
1352996,2019-12-06,2019-12-27,,148112,545582,3
1352997,2019-12-06,2019-12-27,,148153,235305,3
1352998,2019-12-06,2019-12-27,,148211,888478,3
1352999,2019-12-06,2019-12-27,,148384,804955,3
1353000,2019-12-06,2019-12-27,,148471,366090,3
1353001,2019-12-06,2019-12-27,2019-12-28,148583,892686,1
1353002,2019-12-06,2019-12-27,2019-12-29,148775,707230,1
1353003,2019-12-06,2019-12-27,,148809,371803,3
1353004,2019-12-06,2019-12-27,2019-12-26,149124,567665,1
1353005,2019-12-06,2019-12-27,,149129,198642,3
1353006,2019-12-06,2019-12-27,,149164,683076,3
1353007,2019-12-06,2019-12-27,,149488,82591,3
1353008,2019-12-06,2019-12-27,2019-12-29,149488,161327,1
1353009,2019-12-06,2019-12-27,,149524,407580,3
1353010,2019-12-06,2019-12-27,,149630,341293,3
1353011,2019-12-06,2019-12-27,,149936,44979,3
1353012,2019-12-06,2019-12-27,,149957,243992,3
1353013,2019-12-06,2019-12-27,,150028,332049,3
1353014,2019-12-06,2019-12-27,2019-12-28,150123,153244,1
1353015,2019-12-06,2019-12-27,2019-12-30,150197,298832,1
1353016,2019-12-06,2019-12-27,2019-12-29,150245,152765,1
1353017,2019-12-06,2019-12-27,,150264,447428,3
1353018,2019-12-06,2019-12-27,,150282,20570,3
1353019,2019-12-06,2019-12-27,2019-12-26,150282,145770,1
1353020,2019-12-06,2019-12-27,,150282,168531,3
1353021,2019-12-06,2019-12-27,,150282,236505,3
1353022,2019-12-06,2019-12-27,,150282,470176,3
1353023,2019-12-06,2019-12-27,,150282,486975,3
1353024,2019-12-06,2019-12-27,2019-12-30,150282,598293,1
1353025,2019-12-06,2019-12-27,,150282,655342,3
1353026,2019-12-06,2019-12-27,2019-12-31,150282,886690,1
1353027,2019-12-06,2019-12-27,,150431,802964,3
1353028,2019-12-06,2019-12-27,,150519,338935,3
1353029,2019-12-06,2019-12-27,,150686,585511,3
1353030,2019-12-06,2019-12-27,,150733,454006,3
1353031,2019-12-06,2019-12-27,2019-12-29,150822,694448,1
1353032,2019-12-06,2019-12-27,,150841,462291,3
1353033,2019-12-06,2019-12-27,,150857,802281,3
1353034,2019-12-06,2019-12-27,,151077,212450,3
1353035,2019-12-06,2019-12-27,,151162,1632,3
1353036,2019-12-06,2019-12-27,2019-12-23,151252,342622,1
1353037,2019-12-06,2019-12-27,,151324,2187,3
1353038,2019-12-06,2019-12-27,2019-12-29,151324,239764,1
1353039,2019-12-06,2019-12-27,,151324,408405,3
1353040,2019-12-06,2019-12-27,,151324,684668,3
1353041,2019-12-06,2019-12-27,2019-12-23,151346,911796,1
1353042,2019-12-06,2019-12-27,,151421,737855,3
1353043,2019-12-06,2019-12-27,,151518,466016,3
1353044,2019-12-06,2019-12-27,,151518,547381,3
1353045,2019-12-06,2019-12-27,,151542,832534,3
1353046,2019-12-06,2019-12-27,,151567,631840,3
1353047,2019-12-06,2019-12-27,,151910,621755,3
1353048,2019-12-06,2019-12-27,,152132,697753,3
1353049,2019-12-06,2019-12-27,,152142,307930,3
1353050,2019-12-06,2019-12-27,,152158,150526,3
1353051,2019-12-06,2019-12-27,,152414,753535,3
1353052,2019-12-06,2019-12-27,,152481,333071,3
1353053,2019-12-06,2019-12-27,2019-12-22,152668,682976,1
1353054,2019-12-06,2019-12-27,,152668,806490,3
1353055,2019-12-06,2019-12-27,,152723,656500,3
1353056,2019-12-06,2019-12-27,,152747,219698,3
1353057,2019-12-06,2019-12-27,,153084,395741,3
1353058,2019-12-06,2019-12-27,,153106,284864,3
1353059,2019-12-06,2019-12-27,2019-12-31,153134,28290,1
1353060,2019-12-06,2019-12-27,,153161,404505,3
1353061,2019-12-06,2019-12-27,2019-12-31,153211,635880,1
1353062,2019-12-06,2019-12-27,2019-12-20,153373,945838,1
1353063,2019-12-06,2019-12-27,,153383,670569,3
1353064,2019-12-06,2019-12-27,,153766,679150,3
1353065,2019-12-06,2019-12-27,,153786,34373,3
1353066,2019-12-06,2019-12-27,2019-12-28,153979,120209,1
1353067,2019-12-06,2019-12-27,,154111,235950,3
1353068,2019-12-06,2019-12-27,2019-12-23,154303,511540,1
1353069,2019-12-06,2019-12-27,2019-12-29,154332,129087,1
1353070,2019-12-06,2019-12-27,,154565,92078,3
1353071,2019-12-06,2019-12-27,,154565,323621,3
1353072,2019-12-06,2019-12-27,,154609,926359,3
1353073,2019-12-06,2019-12-27,,154902,518065,3
1353074,2019-12-06,2019-12-27,2019-12-27,154902,840503,1
1353075,2019-12-06,2019-12-27,2019-12-20,155110,257304,1
1353076,2019-12-06,2019-12-27,,155547,103421,3
1353077,2019-12-06,2019-12-27,,155580,397791,3
1353078,2019-12-06,2019-12-27,2019-12-30,155958,276948,1
1353079,2019-12-06,2019-12-27,,156061,497454,3
1353080,2019-12-06,2019-12-27,,156121,558538,3
1353081,2019-12-06,2019-12-27,,156121,610278,3
1353082,2019-12-06,2019-12-27,,156191,936768,3
1353083,2019-12-06,2019-12-27,,156252,727554,3
1353084,2019-12-06,2019-12-27,,156271,32539,3
1353085,2019-12-06,2019-12-27,,156271,521302,3
1353086,2019-12-06,2019-12-27,,156342,741086,3
1353087,2019-12-06,2019-12-27,2019-12-30,156456,148677,1
1353088,2019-12-06,2019-12-27,,156677,8591,3
1353089,2019-12-06,2019-12-27,2019-12-27,156680,882587,1
1353090,2019-12-06,2019-12-27,2019-12-18,156836,766974,1
1353091,2019-12-06,2019-12-27,,156971,933912,3
1353092,2019-12-06,2019-12-27,,157144,925674,3
1353093,2019-12-06,2019-12-27,,157317,502965,3
1353094,2019-12-06,2019-12-27,,157375,678725,3
1353095,2019-12-06,2019-12-27,,157705,845623,3
1353096,2019-12-06,2019-12-27,2019-12-30,157705,951430,1
1353097,2019-12-06,2019-12-27,,157743,601482,3
1353098,2019-12-06,2019-12-27,,157743,864881,3
1353099,2019-12-06,2019-12-27,,158019,281604,3
1353100,2019-12-06,2019-12-27,,158058,37454,3
1353101,2019-12-06,2019-12-27,2019-12-25,158058,209086,1
1353102,2019-12-06,2019-12-27,,158058,486469,3
1353103,2019-12-06,2019-12-27,,158058,910143,3
1353104,2019-12-06,2019-12-27,,158518,553501,3
1353105,2019-12-06,2019-12-27,,158675,6138,3
1353106,2019-12-06,2019-12-27,,158939,504846,3
1353107,2019-12-06,2019-12-27,2019-12-19,158939,530168,1
1353108,2019-12-06,2019-12-27,2019-12-19,159036,546943,1
1353109,2019-12-06,2019-12-27,,159141,51780,3
1353110,2019-12-06,2019-12-27,2019-12-29,159166,104190,1
1353111,2019-12-06,2019-12-27,,159166,158077,3
1353112,2019-12-06,2019-12-27,,159182,482470,3
1353113,2019-12-06,2019-12-27,,159369,454305,3
1353114,2019-12-07,2019-12-28,,390,501027,3
1353115,2019-12-07,2019-12-28,2019-12-29,474,725473,1
1353116,2019-12-07,2019-12-28,,522,309529,3
1353117,2019-12-07,2019-12-28,2019-12-27,523,408187,1
1353118,2019-12-07,2019-12-28,2019-12-29,523,936593,1
1353119,2019-12-07,2019-12-28,2019-12-24,666,382789,1
1353120,2019-12-07,2019-12-28,2019-12-21,804,255967,1
1353121,2019-12-07,2019-12-28,,931,713578,3
1353122,2019-12-07,2019-12-28,2019-12-31,986,526915,1
1353123,2019-12-07,2019-12-28,2019-12-28,1081,133349,1
1353124,2019-12-07,2019-12-28,,1344,923150,3
1353125,2019-12-07,2019-12-28,2019-12-26,1358,782915,1
1353126,2019-12-07,2019-12-28,,1358,918494,3
1353127,2019-12-07,2019-12-28,,1529,59371,3
1353128,2019-12-07,2019-12-28,,1599,628503,3
1353129,2019-12-07,2019-12-28,,1696,101287,3
1353130,2019-12-07,2019-12-28,,1770,381239,3
1353131,2019-12-07,2019-12-28,,1836,528337,3
1353132,2019-12-07,2019-12-28,2019-12-21,1836,570154,1
1353133,2019-12-07,2019-12-28,,1903,275014,3
1353134,2019-12-07,2019-12-28,,2059,177027,3
1353135,2019-12-07,2019-12-28,,2069,805330,3
1353136,2019-12-07,2019-12-28,,2088,513261,3
1353137,2019-12-07,2019-12-28,2019-12-30,2313,138598,1
1353138,2019-12-07,2019-12-28,,2438,861620,3
1353139,2019-12-07,2019-12-28,,2471,637026,3
1353140,2019-12-07,2019-12-28,,2562,454841,3
1353141,2019-12-07,2019-12-28,,2656,693677,3
1353142,2019-12-07,2019-12-28,2019-12-25,2691,193428,1
1353143,2019-12-07,2019-12-28,2019-12-25,2719,920262,1
1353144,2019-12-07,2019-12-28,,2862,919364,3
1353145,2019-12-07,2019-12-28,,2895,255820,3
1353146,2019-12-07,2019-12-28,,2912,166008,3
1353147,2019-12-07,2019-12-28,,2912,836810,3
1353148,2019-12-07,2019-12-28,,3139,714179,3
1353149,2019-12-07,2019-12-28,,3227,287536,3
1353150,2019-12-07,2019-12-28,2019-12-18,3231,645960,1
1353151,2019-12-07,2019-12-28,,3443,798096,3
1353152,2019-12-07,2019-12-28,2019-12-30,3629,712335,1
1353153,2019-12-07,2019-12-28,,3756,90679,3
1353154,2019-12-07,2019-12-28,,3774,261836,3
1353155,2019-12-07,2019-12-28,,3819,416932,3
1353156,2019-12-07,2019-12-28,2019-12-21,4046,718021,1
1353157,2019-12-07,2019-12-28,2019-12-27,4291,580376,1
1353158,2019-12-07,2019-12-28,2019-12-30,4359,87713,1
1353159,2019-12-07,2019-12-28,,4537,598630,3
1353160,2019-12-07,2019-12-28,2019-12-22,4683,571201,1
1353161,2019-12-07,2019-12-28,2019-12-31,4918,780031,1
1353162,2019-12-07,2019-12-28,2019-12-17,4918,910535,1
1353163,2019-12-07,2019-12-28,,5059,844931,3
1353164,2019-12-07,2019-12-28,,5091,770047,3
1353165,2019-12-07,2019-12-28,2019-12-26,5203,389248,1
1353166,2019-12-07,2019-12-28,,5222,309498,3
1353167,2019-12-07,2019-12-28,2019-12-30,5289,783636,1
1353168,2019-12-07,2019-12-28,,5391,274019,3
1353169,2019-12-07,2019-12-28,,5611,98219,3
1353170,2019-12-07,2019-12-28,,5702,152516,3
1353171,2019-12-07,2019-12-28,,5842,767599,3
1353172,2019-12-07,2019-12-28,2019-12-31,6006,777696,1
1353173,2019-12-07,2019-12-28,,6074,817633,3
1353174,2019-12-07,2019-12-28,2019-12-31,6103,143998,1
1353175,2019-12-07,2019-12-28,,6291,853563,3
1353176,2019-12-07,2019-12-28,2019-12-18,6317,203757,1
1353177,2019-12-07,2019-12-28,,6320,89891,3
1353178,2019-12-07,2019-12-28,2019-12-21,6364,344197,1
1353179,2019-12-07,2019-12-28,,6562,51919,3
1353180,2019-12-07,2019-12-28,2019-12-19,6810,60235,1
1353181,2019-12-07,2019-12-28,,7099,147949,3
1353182,2019-12-07,2019-12-28,,7452,930846,3
1353183,2019-12-07,2019-12-28,2019-12-26,7560,788605,1
1353184,2019-12-07,2019-12-28,,7682,147287,3
1353185,2019-12-07,2019-12-28,,7682,311896,3
1353186,2019-12-07,2019-12-28,2019-12-25,7844,96339,1
1353187,2019-12-07,2019-12-28,2019-12-21,7844,916334,1
1353188,2019-12-07,2019-12-28,,7865,332357,3
1353189,2019-12-07,2019-12-28,,8269,889416,3
1353190,2019-12-07,2019-12-28,,8330,751023,3
1353191,2019-12-07,2019-12-28,,8444,570671,3
1353192,2019-12-07,2019-12-28,,8517,348343,3
1353193,2019-12-07,2019-12-28,,8623,302980,3
1353194,2019-12-07,2019-12-28,2019-12-27,8635,218135,1
1353195,2019-12-07,2019-12-28,,9036,364451,3
1353196,2019-12-07,2019-12-28,2019-12-31,9064,932714,1
1353197,2019-12-07,2019-12-28,2019-12-28,9120,246486,1
1353198,2019-12-07,2019-12-28,,9129,364960,3
1353199,2019-12-07,2019-12-28,2019-12-28,9169,369162,1
1353200,2019-12-07,2019-12-28,,9303,303333,3
1353201,2019-12-07,2019-12-28,2019-12-19,9588,590804,1
1353202,2019-12-07,2019-12-28,,9689,337899,3
1353203,2019-12-07,2019-12-28,2019-12-22,10140,41522,1
1353204,2019-12-07,2019-12-28,,10220,670959,3
1353205,2019-12-07,2019-12-28,,10236,191426,3
1353206,2019-12-07,2019-12-28,,10236,603183,3
1353207,2019-12-07,2019-12-28,,10236,938568,3
1353208,2019-12-07,2019-12-28,,10287,896608,3
1353209,2019-12-07,2019-12-28,,10432,548918,3
1353210,2019-12-07,2019-12-28,,10432,560923,3
1353211,2019-12-07,2019-12-28,,10432,954958,3
1353212,2019-12-07,2019-12-28,,10852,237021,3
1353213,2019-12-07,2019-12-28,2019-12-27,10926,286572,1
1353214,2019-12-07,2019-12-28,,10926,799103,3
1353215,2019-12-07,2019-12-28,2019-12-30,10996,17487,1
1353216,2019-12-07,2019-12-28,,11268,387145,3
1353217,2019-12-07,2019-12-28,,11420,515880,3
1353218,2019-12-07,2019-12-28,,11457,234099,3
1353219,2019-12-07,2019-12-28,2019-12-25,11458,79488,1
1353220,2019-12-07,2019-12-28,,11458,518740,3
1353221,2019-12-07,2019-12-28,,11693,335649,3
1353222,2019-12-07,2019-12-28,2019-12-28,11701,405310,1
1353223,2019-12-07,2019-12-28,,11702,39084,3
1353224,2019-12-07,2019-12-28,,11853,26234,3
1353225,2019-12-07,2019-12-28,2019-12-26,11854,208214,1
1353226,2019-12-07,2019-12-28,,11854,500001,3
1353227,2019-12-07,2019-12-28,,11858,675045,3
1353228,2019-12-07,2019-12-28,,11954,527363,3
1353229,2019-12-07,2019-12-28,,11995,433691,3
1353230,2019-12-07,2019-12-28,,12015,404199,3
1353231,2019-12-07,2019-12-28,,12015,472019,3
1353232,2019-12-07,2019-12-28,,12015,483084,3
1353233,2019-12-07,2019-12-28,,12015,530521,3
1353234,2019-12-07,2019-12-28,,12015,572401,3
1353235,2019-12-07,2019-12-28,,12015,799481,3
1353236,2019-12-07,2019-12-28,,12015,910154,3
1353237,2019-12-07,2019-12-28,,12015,950646,3
1353238,2019-12-07,2019-12-28,,12088,946944,3
1353239,2019-12-07,2019-12-28,2019-12-24,12336,712340,1
1353240,2019-12-07,2019-12-28,,12345,759813,3
1353241,2019-12-07,2019-12-28,,12454,89407,3
1353242,2019-12-07,2019-12-28,,12622,113272,3
1353243,2019-12-07,2019-12-28,,12781,859498,3
1353244,2019-12-07,2019-12-28,2019-12-29,12846,423870,1
1353245,2019-12-07,2019-12-28,2019-12-23,12846,454533,1
1353246,2019-12-07,2019-12-28,2019-12-26,12846,515136,1
1353247,2019-12-07,2019-12-28,2019-12-24,12846,598562,1
1353248,2019-12-07,2019-12-28,2019-12-22,12931,285444,1
1353249,2019-12-07,2019-12-28,2019-12-26,12931,888320,1
1353250,2019-12-07,2019-12-28,2019-12-18,13091,405051,1
1353251,2019-12-07,2019-12-28,,13188,338030,3
1353252,2019-12-07,2019-12-28,2019-12-30,13340,151136,1
1353253,2019-12-07,2019-12-28,2019-12-29,13340,343769,1
1353254,2019-12-07,2019-12-28,2019-12-25,13340,604950,1
1353255,2019-12-07,2019-12-28,,13400,104499,3
1353256,2019-12-07,2019-12-28,2019-12-31,13839,242819,1
1353257,2019-12-07,2019-12-28,,13839,490692,3
1353258,2019-12-07,2019-12-28,2019-12-29,13839,493361,1
1353259,2019-12-07,2019-12-28,2019-12-31,13839,709797,1
1353260,2019-12-07,2019-12-28,2019-12-18,13839,798577,1
1353261,2019-12-07,2019-12-28,,13839,851813,3
1353262,2019-12-07,2019-12-28,2019-12-30,13839,890456,1
1353263,2019-12-07,2019-12-28,2019-12-29,14325,145595,1
1353264,2019-12-07,2019-12-28,,14325,237984,3
1353265,2019-12-07,2019-12-28,2019-12-23,14325,309213,1
1353266,2019-12-07,2019-12-28,2019-12-28,14325,356176,1
1353267,2019-12-07,2019-12-28,2019-12-24,14325,360431,1
1353268,2019-12-07,2019-12-28,2019-12-28,14325,551430,1
1353269,2019-12-07,2019-12-28,,14325,661692,3
1353270,2019-12-07,2019-12-28,,14325,768087,3
1353271,2019-12-07,2019-12-28,,14325,783705,3
1353272,2019-12-07,2019-12-28,2019-12-31,14325,926844,1
1353273,2019-12-07,2019-12-28,,14326,11586,3
1353274,2019-12-07,2019-12-28,,14400,737856,3
1353275,2019-12-07,2019-12-28,,14439,823698,3
1353276,2019-12-07,2019-12-28,,14766,439561,3
1353277,2019-12-07,2019-12-28,,14783,481166,3
1353278,2019-12-07,2019-12-28,,14912,122038,3
1353279,2019-12-07,2019-12-28,,15033,191235,3
1353280,2019-12-07,2019-12-28,2019-12-20,15033,538161,1
1353281,2019-12-07,2019-12-28,,15033,567495,3
1353282,2019-12-07,2019-12-28,2019-12-22,15033,609623,1
1353283,2019-12-07,2019-12-28,2019-12-20,15033,801012,1
1353284,2019-12-07,2019-12-28,2019-12-29,15033,825993,1
1353285,2019-12-07,2019-12-28,,15270,943726,3
1353286,2019-12-07,2019-12-28,2019-12-25,15339,748740,1
1353287,2019-12-07,2019-12-28,2019-12-29,15409,646800,1
1353288,2019-12-07,2019-12-28,2019-12-19,15488,72270,1
1353289,2019-12-07,2019-12-28,,15673,202527,3
1353290,2019-12-07,2019-12-28,,15794,538171,3
1353291,2019-12-07,2019-12-28,,16038,159077,3
1353292,2019-12-07,2019-12-28,,16164,309530,3
1353293,2019-12-07,2019-12-28,,16164,918511,3
1353294,2019-12-07,2019-12-28,,16191,193574,3
1353295,2019-12-07,2019-12-28,,16219,866882,3
1353296,2019-12-07,2019-12-28,2019-12-19,16348,638954,1
1353297,2019-12-07,2019-12-28,2019-12-23,16744,170744,1
1353298,2019-12-07,2019-12-28,,16836,285618,3
1353299,2019-12-07,2019-12-28,,17064,343917,3
1353300,2019-12-07,2019-12-28,,17158,40335,3
1353301,2019-12-07,2019-12-28,,17179,143725,3
1353302,2019-12-07,2019-12-28,,17269,812331,3
1353303,2019-12-07,2019-12-28,2019-12-29,17277,741823,1
1353304,2019-12-07,2019-12-28,2019-12-30,17363,225060,1
1353305,2019-12-07,2019-12-28,,17574,718127,3
1353306,2019-12-07,2019-12-28,,17583,19061,3
1353307,2019-12-07,2019-12-28,2019-12-30,17619,741844,1
1353308,2019-12-07,2019-12-28,2019-12-30,17820,941833,1
1353309,2019-12-07,2019-12-28,,17858,134671,3
1353310,2019-12-07,2019-12-28,,17923,188911,3
1353311,2019-12-07,2019-12-28,2019-12-22,18145,231768,1
1353312,2019-12-07,2019-12-28,2019-12-29,18145,351174,1
1353313,2019-12-07,2019-12-28,,18172,291671,3
1353314,2019-12-07,2019-12-28,,18172,378642,3
1353315,2019-12-07,2019-12-28,,18250,623017,3
1353316,2019-12-07,2019-12-28,,18319,537982,3
1353317,2019-12-07,2019-12-28,,18526,26488,3
1353318,2019-12-07,2019-12-28,2019-12-22,18622,570188,1
1353319,2019-12-07,2019-12-28,,18758,338534,3
1353320,2019-12-07,2019-12-28,,18793,332736,3
1353321,2019-12-07,2019-12-28,,18805,170724,3
1353322,2019-12-07,2019-12-28,2019-12-24,18817,92911,1
1353323,2019-12-07,2019-12-28,2019-12-30,18817,334663,1
1353324,2019-12-07,2019-12-28,2019-12-30,18843,843958,1
1353325,2019-12-07,2019-12-28,,18906,452999,3
1353326,2019-12-07,2019-12-28,,18926,865953,3
1353327,2019-12-07,2019-12-28,,19116,220241,3
1353328,2019-12-07,2019-12-28,,19265,338936,3
1353329,2019-12-07,2019-12-28,,19355,729341,3
1353330,2019-12-07,2019-12-28,,19362,69243,3
1353331,2019-12-07,2019-12-28,,19444,148351,3
1353332,2019-12-07,2019-12-28,,19582,312337,3
1353333,2019-12-07,2019-12-28,,19587,924553,3
1353334,2019-12-07,2019-12-28,,19618,448818,3
1353335,2019-12-07,2019-12-28,,19618,504888,3
1353336,2019-12-07,2019-12-28,,19849,929443,3
1353337,2019-12-07,2019-12-28,,19958,568836,3
1353338,2019-12-07,2019-12-28,,20736,424710,3
1353339,2019-12-07,2019-12-28,2019-12-24,20736,500044,1
1353340,2019-12-07,2019-12-28,,20985,759814,3
1353341,2019-12-07,2019-12-28,2019-12-18,21023,380681,1
1353342,2019-12-07,2019-12-28,2019-12-21,21221,372890,1
1353343,2019-12-07,2019-12-28,,21227,545803,3
1353344,2019-12-07,2019-12-28,,21367,686721,3
1353345,2019-12-07,2019-12-28,2019-12-25,21570,476188,1
1353346,2019-12-07,2019-12-28,,21570,765898,3
1353347,2019-12-07,2019-12-28,,21627,156675,3
1353348,2019-12-07,2019-12-28,,21911,141094,3
1353349,2019-12-07,2019-12-28,,22154,580865,3
1353350,2019-12-07,2019-12-28,,22213,353740,3
1353351,2019-12-07,2019-12-28,,22259,890761,3
1353352,2019-12-07,2019-12-28,,22286,524048,3
1353353,2019-12-07,2019-12-28,,22425,145421,3
1353354,2019-12-07,2019-12-28,2019-12-26,22661,475217,1
1353355,2019-12-07,2019-12-28,,23103,303524,3
1353356,2019-12-07,2019-12-28,2019-12-30,23123,705401,1
1353357,2019-12-07,2019-12-28,,23163,123779,3
1353358,2019-12-07,2019-12-28,,23163,434440,3
1353359,2019-12-07,2019-12-28,,23163,542019,3
1353360,2019-12-07,2019-12-28,,23218,829803,3
1353361,2019-12-07,2019-12-28,,23277,42672,3
1353362,2019-12-07,2019-12-28,,23277,424693,3
1353363,2019-12-07,2019-12-28,,23415,753717,3
1353364,2019-12-07,2019-12-28,,23501,229152,3
1353365,2019-12-07,2019-12-28,,23501,782107,3
1353366,2019-12-07,2019-12-28,,23501,873493,3
1353367,2019-12-07,2019-12-28,,23541,698932,3
1353368,2019-12-07,2019-12-28,,23550,663859,3
1353369,2019-12-07,2019-12-28,,23590,378132,3
1353370,2019-12-07,2019-12-28,,23868,143258,3
1353371,2019-12-07,2019-12-28,,23889,802666,3
1353372,2019-12-07,2019-12-28,,24124,900924,3
1353373,2019-12-07,2019-12-28,,24201,468906,3
1353374,2019-12-07,2019-12-28,,24248,664780,3
1353375,2019-12-07,2019-12-28,,24297,104339,3
1353376,2019-12-07,2019-12-28,2019-12-23,24452,54394,1
1353377,2019-12-07,2019-12-28,,24454,220353,3
1353378,2019-12-07,2019-12-28,,24488,515137,3
1353379,2019-12-07,2019-12-28,,24515,208426,3
1353380,2019-12-07,2019-12-28,,24605,366495,3
1353381,2019-12-07,2019-12-28,,24647,392113,3
1353382,2019-12-07,2019-12-28,,24708,253985,3
1353383,2019-12-07,2019-12-28,2019-12-26,24708,272017,1
1353384,2019-12-07,2019-12-28,2019-12-23,24708,283280,1
1353385,2019-12-07,2019-12-28,,24708,285818,3
1353386,2019-12-07,2019-12-28,,24708,338156,3
1353387,2019-12-07,2019-12-28,,24709,738134,3
1353388,2019-12-07,2019-12-28,,24724,413840,3
1353389,2019-12-07,2019-12-28,2019-12-26,24728,275822,1
1353390,2019-12-07,2019-12-28,,24820,750996,3
1353391,2019-12-07,2019-12-28,,24876,260345,3
1353392,2019-12-07,2019-12-28,,25011,760079,3
1353393,2019-12-07,2019-12-28,2019-12-30,25046,417262,1
1353394,2019-12-07,2019-12-28,,25046,852866,3
1353395,2019-12-07,2019-12-28,2019-12-23,25084,83712,1
1353396,2019-12-07,2019-12-28,,25491,740351,3
1353397,2019-12-07,2019-12-28,,25563,157076,3
1353398,2019-12-07,2019-12-28,,25705,586965,3
1353399,2019-12-07,2019-12-28,,26208,433743,3
1353400,2019-12-07,2019-12-28,2019-12-29,26208,708893,1
1353401,2019-12-07,2019-12-28,2019-12-19,26449,160339,1
1353402,2019-12-07,2019-12-28,,26541,44939,3
1353403,2019-12-07,2019-12-28,,26553,753568,3
1353404,2019-12-07,2019-12-28,,26583,99560,3
1353405,2019-12-07,2019-12-28,2019-12-22,26628,389168,1
1353406,2019-12-07,2019-12-28,,26706,575230,3
1353407,2019-12-07,2019-12-28,,26797,243889,3
1353408,2019-12-07,2019-12-28,,26983,365162,3
1353409,2019-12-07,2019-12-28,2019-12-21,27283,43701,1
1353410,2019-12-07,2019-12-28,2019-12-20,27455,869744,1
1353411,2019-12-07,2019-12-28,,27605,440639,3
1353412,2019-12-07,2019-12-28,,27684,671050,3
1353413,2019-12-07,2019-12-28,2019-12-21,27684,782015,1
1353414,2019-12-07,2019-12-28,,27721,250525,3
1353415,2019-12-07,2019-12-28,,27729,92379,3
1353416,2019-12-07,2019-12-28,2019-12-25,27729,630160,1
1353417,2019-12-07,2019-12-28,2019-12-30,27807,626687,1
1353418,2019-12-07,2019-12-28,2019-12-25,27884,274941,1
1353419,2019-12-07,2019-12-28,2019-12-23,27884,821388,1
1353420,2019-12-07,2019-12-28,2019-12-30,27953,707657,1
1353421,2019-12-07,2019-12-28,,28046,377613,3
1353422,2019-12-07,2019-12-28,2019-12-17,28144,883802,1
1353423,2019-12-07,2019-12-28,,28295,289916,3
1353424,2019-12-07,2019-12-28,2019-12-31,28462,783266,1
1353425,2019-12-07,2019-12-28,,28549,711483,3
1353426,2019-12-07,2019-12-28,,28823,6897,3
1353427,2019-12-07,2019-12-28,,28823,121746,3
1353428,2019-12-07,2019-12-28,,28823,131335,3
1353429,2019-12-07,2019-12-28,,28823,188760,3
1353430,2019-12-07,2019-12-28,,28823,192283,3
1353431,2019-12-07,2019-12-28,,28823,232836,3
1353432,2019-12-07,2019-12-28,,28823,443670,3
1353433,2019-12-07,2019-12-28,,28823,515898,3
1353434,2019-12-07,2019-12-28,,28823,550399,3
1353435,2019-12-07,2019-12-28,,28823,688404,3
1353436,2019-12-07,2019-12-28,,28823,733590,3
1353437,2019-12-07,2019-12-28,,28823,890028,3
1353438,2019-12-07,2019-12-28,,28823,900534,3
1353439,2019-12-07,2019-12-28,,28823,918522,3
1353440,2019-12-07,2019-12-28,,28823,938570,3
1353441,2019-12-07,2019-12-28,,28847,49317,3
1353442,2019-12-07,2019-12-28,,28935,927239,3
1353443,2019-12-07,2019-12-28,,29164,379221,3
1353444,2019-12-07,2019-12-28,,29235,503761,3
1353445,2019-12-07,2019-12-28,,29241,844729,3
1353446,2019-12-07,2019-12-28,,29328,226201,3
1353447,2019-12-07,2019-12-28,,29342,103553,3
1353448,2019-12-07,2019-12-28,,29414,841334,3
1353449,2019-12-07,2019-12-28,,29556,382612,3
1353450,2019-12-07,2019-12-28,,29796,142468,3
1353451,2019-12-07,2019-12-28,,30153,65229,3
1353452,2019-12-07,2019-12-28,,30476,512616,3
1353453,2019-12-07,2019-12-28,,30822,487692,3
1353454,2019-12-07,2019-12-28,,31065,382254,3
1353455,2019-12-07,2019-12-28,2019-12-27,31228,176393,1
1353456,2019-12-07,2019-12-28,,31368,117475,3
1353457,2019-12-07,2019-12-28,,31522,498407,3
1353458,2019-12-07,2019-12-28,,31596,918495,3
1353459,2019-12-07,2019-12-28,,31882,113774,3
1353460,2019-12-07,2019-12-28,2019-12-22,32090,898042,1
1353461,2019-12-07,2019-12-28,2019-12-31,32166,192484,1
1353462,2019-12-07,2019-12-28,2019-12-19,32257,804207,1
1353463,2019-12-07,2019-12-28,,32264,342082,3
1353464,2019-12-07,2019-12-28,,32427,210398,3
1353465,2019-12-07,2019-12-28,,32825,155585,3
1353466,2019-12-07,2019-12-28,,32913,82961,3
1353467,2019-12-07,2019-12-28,,33240,311912,3
1353468,2019-12-07,2019-12-28,,33240,443705,3
1353469,2019-12-07,2019-12-28,,33287,381511,3
1353470,2019-12-07,2019-12-28,,33293,43942,3
1353471,2019-12-07,2019-12-28,,33297,354394,3
1353472,2019-12-07,2019-12-28,,33341,885109,3
1353473,2019-12-07,2019-12-28,,33423,65723,3
1353474,2019-12-07,2019-12-28,,33429,51278,3
1353475,2019-12-07,2019-12-28,,33480,683271,3
1353476,2019-12-07,2019-12-28,,33518,114100,3
1353477,2019-12-07,2019-12-28,,33518,126838,3
1353478,2019-12-07,2019-12-28,,33518,231587,3
1353479,2019-12-07,2019-12-28,,33518,311699,3
1353480,2019-12-07,2019-12-28,,33518,363889,3
1353481,2019-12-07,2019-12-28,,33518,427676,3
1353482,2019-12-07,2019-12-28,,33518,459457,3
1353483,2019-12-07,2019-12-28,,33518,555782,3
1353484,2019-12-07,2019-12-28,,33518,794964,3
1353485,2019-12-07,2019-12-28,,33518,872008,3
1353486,2019-12-07,2019-12-28,,33518,911775,3
1353487,2019-12-07,2019-12-28,,33518,921739,3
1353488,2019-12-07,2019-12-28,,33638,850299,3
1353489,2019-12-07,2019-12-28,,33791,268178,3
1353490,2019-12-07,2019-12-28,,33866,607686,3
1353491,2019-12-07,2019-12-28,2019-12-31,33944,289744,1
1353492,2019-12-07,2019-12-28,,33975,166009,3
1353493,2019-12-07,2019-12-28,,34038,566889,3
1353494,2019-12-07,2019-12-28,,34074,543298,3
1353495,2019-12-07,2019-12-28,,34132,248244,3
1353496,2019-12-07,2019-12-28,,34425,665138,3
1353497,2019-12-07,2019-12-28,,34850,118323,3
1353498,2019-12-07,2019-12-28,2019-12-23,34850,131109,1
1353499,2019-12-07,2019-12-28,2019-12-23,34850,322884,1
1353500,2019-12-07,2019-12-28,2019-12-24,34850,415609,1
1353501,2019-12-07,2019-12-28,,34850,551451,3
1353502,2019-12-07,2019-12-28,,34939,529386,3
1353503,2019-12-07,2019-12-28,,34947,451125,3
1353504,2019-12-07,2019-12-28,,35044,713802,3
1353505,2019-12-07,2019-12-28,2019-12-21,35271,96987,1
1353506,2019-12-07,2019-12-28,2019-12-27,35293,594103,1
1353507,2019-12-07,2019-12-28,,35344,145017,3
1353508,2019-12-07,2019-12-28,,35349,418379,3
1353509,2019-12-07,2019-12-28,,35393,7377,3
1353510,2019-12-07,2019-12-28,,35644,284223,3
1353511,2019-12-07,2019-12-28,,35656,699918,3
1353512,2019-12-07,2019-12-28,,35656,802831,3
1353513,2019-12-07,2019-12-28,,35794,600956,3
1353514,2019-12-07,2019-12-28,,35936,878799,3
1353515,2019-12-07,2019-12-28,,36157,207889,3
1353516,2019-12-07,2019-12-28,2019-12-24,36295,129360,1
1353517,2019-12-07,2019-12-28,,36325,129046,3
1353518,2019-12-07,2019-12-28,,36325,480717,3
1353519,2019-12-07,2019-12-28,,36360,699399,3
1353520,2019-12-07,2019-12-28,,36363,363892,3
1353521,2019-12-07,2019-12-28,2019-12-28,36435,133018,1
1353522,2019-12-07,2019-12-28,,36740,624369,3
1353523,2019-12-07,2019-12-28,,36780,191427,3
1353524,2019-12-07,2019-12-28,,36780,492527,3
1353525,2019-12-07,2019-12-28,,36876,821644,3
1353526,2019-12-07,2019-12-28,,36928,556105,3
1353527,2019-12-07,2019-12-28,,37127,170361,3
1353528,2019-12-07,2019-12-28,,37331,736773,3
1353529,2019-12-07,2019-12-28,,37437,546813,3
1353530,2019-12-07,2019-12-28,,37791,510379,3
1353531,2019-12-07,2019-12-28,,38029,104340,3
1353532,2019-12-07,2019-12-28,2019-12-26,38601,824463,1
1353533,2019-12-07,2019-12-28,2019-12-26,38619,673751,1
1353534,2019-12-07,2019-12-28,,38753,104750,3
1353535,2019-12-07,2019-12-28,,38753,648268,3
1353536,2019-12-07,2019-12-28,,38792,845619,3
1353537,2019-12-07,2019-12-28,,38829,336365,3
1353538,2019-12-07,2019-12-28,,38861,549919,3
1353539,2019-12-07,2019-12-28,2019-12-25,38904,563795,1
1353540,2019-12-07,2019-12-28,,38906,519706,3
1353541,2019-12-07,2019-12-28,2019-12-29,38954,163756,1
1353542,2019-12-07,2019-12-28,,39421,651717,3
1353543,2019-12-07,2019-12-28,,39701,227299,3
1353544,2019-12-07,2019-12-28,,40176,808820,3
1353545,2019-12-07,2019-12-28,,40219,616927,3
1353546,2019-12-07,2019-12-28,2019-12-30,40240,586433,1
1353547,2019-12-07,2019-12-28,,40309,174762,3
1353548,2019-12-07,2019-12-28,,40385,324862,3
1353549,2019-12-07,2019-12-28,,40479,109685,3
1353550,2019-12-07,2019-12-28,,41013,676596,3
1353551,2019-12-07,2019-12-28,,41186,322634,3
1353552,2019-12-07,2019-12-28,,41282,779136,3
1353553,2019-12-07,2019-12-28,,41560,177433,3
1353554,2019-12-07,2019-12-28,,41590,943352,3
1353555,2019-12-07,2019-12-28,,41688,631461,3
1353556,2019-12-07,2019-12-28,2019-12-19,41712,33304,1
1353557,2019-12-07,2019-12-28,,41742,303775,3
1353558,2019-12-07,2019-12-28,,41832,229656,3
1353559,2019-12-07,2019-12-28,,41923,116874,3
1353560,2019-12-07,2019-12-28,,41928,522628,3
1353561,2019-12-07,2019-12-28,,42012,566866,3
1353562,2019-12-07,2019-12-28,,42105,556473,3
1353563,2019-12-07,2019-12-28,,42118,67254,3
1353564,2019-12-07,2019-12-28,,42228,493152,3
1353565,2019-12-07,2019-12-28,,42249,226268,3
1353566,2019-12-07,2019-12-28,,42286,787286,3
1353567,2019-12-07,2019-12-28,2019-12-20,42327,318121,1
1353568,2019-12-07,2019-12-28,,42328,256684,3
1353569,2019-12-07,2019-12-28,,42357,322248,3
1353570,2019-12-07,2019-12-28,2019-12-19,42398,86330,1
1353571,2019-12-07,2019-12-28,,42398,267644,3
1353572,2019-12-07,2019-12-28,,42469,30953,3
1353573,2019-12-07,2019-12-28,,42860,383389,3
1353574,2019-12-07,2019-12-28,,42894,642715,3
1353575,2019-12-07,2019-12-28,2019-12-26,43013,831608,1
1353576,2019-12-07,2019-12-28,,43068,24306,3
1353577,2019-12-07,2019-12-28,,43071,46565,3
1353578,2019-12-07,2019-12-28,,43107,852350,3
1353579,2019-12-07,2019-12-28,2019-12-25,43129,79611,1
1353580,2019-12-07,2019-12-28,,43249,419563,3
1353581,2019-12-07,2019-12-28,,43285,559555,3
1353582,2019-12-07,2019-12-28,2019-12-31,43322,431413,1
1353583,2019-12-07,2019-12-28,,43322,579324,3
1353584,2019-12-07,2019-12-28,2019-12-25,43470,244160,1
1353585,2019-12-07,2019-12-28,,43470,533719,3
1353586,2019-12-07,2019-12-28,,43605,782128,3
1353587,2019-12-07,2019-12-28,,43676,437388,3
1353588,2019-12-07,2019-12-28,,43680,309268,3
1353589,2019-12-07,2019-12-28,,43680,353498,3
1353590,2019-12-07,2019-12-28,,43783,874604,3
1353591,2019-12-07,2019-12-28,,43809,541919,3
1353592,2019-12-07,2019-12-28,2019-12-21,43930,890537,1
1353593,2019-12-07,2019-12-28,,44366,185350,3
1353594,2019-12-07,2019-12-28,,44535,560181,3
1353595,2019-12-07,2019-12-28,2019-12-31,44741,331755,1
1353596,2019-12-07,2019-12-28,2019-12-18,44741,830200,1
1353597,2019-12-07,2019-12-28,,44751,630229,3
1353598,2019-12-07,2019-12-28,,44921,498374,3
1353599,2019-12-07,2019-12-28,,45118,761802,3
1353600,2019-12-07,2019-12-28,,45259,120798,3
1353601,2019-12-07,2019-12-28,,45259,517527,3
1353602,2019-12-07,2019-12-28,,45259,862548,3
1353603,2019-12-07,2019-12-28,,45282,261433,3
1353604,2019-12-07,2019-12-28,2019-12-25,45381,313493,1
1353605,2019-12-07,2019-12-28,,45541,178732,3
1353606,2019-12-07,2019-12-28,,45541,311689,3
1353607,2019-12-07,2019-12-28,2019-12-29,45604,688102,1
1353608,2019-12-07,2019-12-28,2019-12-28,45762,344138,1
1353609,2019-12-07,2019-12-28,2019-12-28,45769,284028,1
1353610,2019-12-07,2019-12-28,,45815,954414,3
1353611,2019-12-07,2019-12-28,2019-12-27,45982,917035,1
1353612,2019-12-07,2019-12-28,,45992,92342,3
1353613,2019-12-07,2019-12-28,,46041,844613,3
1353614,2019-12-07,2019-12-28,,46045,585323,3
1353615,2019-12-07,2019-12-28,,46045,723244,3
1353616,2019-12-07,2019-12-28,2019-12-24,46105,501930,1
1353617,2019-12-07,2019-12-28,,46214,652942,3
1353618,2019-12-07,2019-12-28,2019-12-31,46270,364894,1
1353619,2019-12-07,2019-12-28,2019-12-26,46270,590815,1
1353620,2019-12-07,2019-12-28,2019-12-22,46270,929543,1
1353621,2019-12-07,2019-12-28,,46282,43292,3
1353622,2019-12-07,2019-12-28,,46462,27657,3
1353623,2019-12-07,2019-12-28,,46552,116661,3
1353624,2019-12-07,2019-12-28,,46552,333504,3
1353625,2019-12-07,2019-12-28,,46552,435324,3
1353626,2019-12-07,2019-12-28,,46552,458377,3
1353627,2019-12-07,2019-12-28,,46552,469483,3
1353628,2019-12-07,2019-12-28,,46552,778610,3
1353629,2019-12-07,2019-12-28,,46552,791882,3
1353630,2019-12-07,2019-12-28,,46552,938146,3
1353631,2019-12-07,2019-12-28,,46619,369467,3
1353632,2019-12-07,2019-12-28,2019-12-22,46639,719035,1
1353633,2019-12-07,2019-12-28,2019-12-19,46805,564412,1
1353634,2019-12-07,2019-12-28,,46913,222920,3
1353635,2019-12-07,2019-12-28,2019-12-25,46964,656443,1
1353636,2019-12-07,2019-12-28,,47195,576737,3
1353637,2019-12-07,2019-12-28,,47537,176179,3
1353638,2019-12-07,2019-12-28,2019-12-31,47537,357430,1
1353639,2019-12-07,2019-12-28,,47548,579389,3
1353640,2019-12-07,2019-12-28,,47576,582448,3
1353641,2019-12-07,2019-12-28,2019-12-20,47588,340526,1
1353642,2019-12-07,2019-12-28,,47588,350051,3
1353643,2019-12-07,2019-12-28,2019-12-27,47588,423679,1
1353644,2019-12-07,2019-12-28,2019-12-25,47588,624122,1
1353645,2019-12-07,2019-12-28,2019-12-21,47588,840604,1
1353646,2019-12-07,2019-12-28,2019-12-18,47758,195030,1
1353647,2019-12-07,2019-12-28,2019-12-19,47758,420681,1
1353648,2019-12-07,2019-12-28,2019-12-19,47758,770818,1
1353649,2019-12-07,2019-12-28,,47836,360767,3
1353650,2019-12-07,2019-12-28,,47959,283685,3
1353651,2019-12-07,2019-12-28,,47987,282206,3
1353652,2019-12-07,2019-12-28,,48575,504386,3
1353653,2019-12-07,2019-12-28,,48586,197186,3
1353654,2019-12-07,2019-12-28,,48586,220242,3
1353655,2019-12-07,2019-12-28,,48586,247903,3
1353656,2019-12-07,2019-12-28,2019-12-30,48586,282136,1
1353657,2019-12-07,2019-12-28,,48586,295037,3
1353658,2019-12-07,2019-12-28,,48586,460794,3
1353659,2019-12-07,2019-12-28,,48586,555748,3
1353660,2019-12-07,2019-12-28,,48586,683100,3
1353661,2019-12-07,2019-12-28,,48586,698826,3
1353662,2019-12-07,2019-12-28,,48586,826486,3
1353663,2019-12-07,2019-12-28,,48654,934395,3
1353664,2019-12-07,2019-12-28,,48830,359001,3
1353665,2019-12-07,2019-12-28,2019-12-26,48881,864367,1
1353666,2019-12-07,2019-12-28,2019-12-29,49151,311797,1
1353667,2019-12-07,2019-12-28,,49175,104341,3
1353668,2019-12-07,2019-12-28,2019-12-31,49249,26178,1
1353669,2019-12-07,2019-12-28,2019-12-31,49249,527434,1
1353670,2019-12-07,2019-12-28,,49256,459938,3
1353671,2019-12-07,2019-12-28,2019-12-25,49387,477376,1
1353672,2019-12-07,2019-12-28,,49931,386826,3
1353673,2019-12-07,2019-12-28,,49962,131138,3
1353674,2019-12-07,2019-12-28,,50089,368155,3
1353675,2019-12-07,2019-12-28,,50238,416063,3
1353676,2019-12-07,2019-12-28,,50262,15293,3
1353677,2019-12-07,2019-12-28,,50262,183858,3
1353678,2019-12-07,2019-12-28,,50300,610221,3
1353679,2019-12-07,2019-12-28,,50391,217565,3
1353680,2019-12-07,2019-12-28,,50779,943686,3
1353681,2019-12-07,2019-12-28,2019-12-22,51038,569798,1
1353682,2019-12-07,2019-12-28,,51302,884733,3
1353683,2019-12-07,2019-12-28,2019-12-26,51377,755838,1
1353684,2019-12-07,2019-12-28,,51496,669308,3
1353685,2019-12-07,2019-12-28,,51750,942099,3
1353686,2019-12-07,2019-12-28,,51822,823348,3
1353687,2019-12-07,2019-12-28,2019-12-22,51881,421984,1
1353688,2019-12-07,2019-12-28,2019-12-18,52139,483558,1
1353689,2019-12-07,2019-12-28,,52194,287920,3
1353690,2019-12-07,2019-12-28,,52240,140180,3
1353691,2019-12-07,2019-12-28,,52307,753564,3
1353692,2019-12-07,2019-12-28,,52342,513373,3
1353693,2019-12-07,2019-12-28,2019-12-20,52429,916424,1
1353694,2019-12-07,2019-12-28,,52453,705872,3
1353695,2019-12-07,2019-12-28,2019-12-29,52457,258021,1
1353696,2019-12-07,2019-12-28,,52481,235455,3
1353697,2019-12-07,2019-12-28,,52568,16701,3
1353698,2019-12-07,2019-12-28,,52625,403247,3
1353699,2019-12-07,2019-12-28,2019-12-22,52862,141040,1
1353700,2019-12-07,2019-12-28,2019-12-28,52914,809288,1
1353701,2019-12-07,2019-12-28,,53078,527202,3
1353702,2019-12-07,2019-12-28,,53100,382128,3
1353703,2019-12-07,2019-12-28,,53127,504803,3
1353704,2019-12-07,2019-12-28,,53155,443778,3
1353705,2019-12-07,2019-12-28,,53192,132377,3
1353706,2019-12-07,2019-12-28,2019-12-24,53361,568770,1
1353707,2019-12-07,2019-12-28,,53405,812445,3
1353708,2019-12-07,2019-12-28,,53471,140463,3
1353709,2019-12-07,2019-12-28,2019-12-29,53471,355546,1
1353710,2019-12-07,2019-12-28,,53497,611474,3
1353711,2019-12-07,2019-12-28,,53499,228344,3
1353712,2019-12-07,2019-12-28,2019-12-28,53640,698933,1
1353713,2019-12-07,2019-12-28,,53796,540073,3
1353714,2019-12-07,2019-12-28,,53805,2398,3
1353715,2019-12-07,2019-12-28,,54039,163762,3
1353716,2019-12-07,2019-12-28,2019-12-28,54199,103967,1
1353717,2019-12-07,2019-12-28,2019-12-30,54206,713586,1
1353718,2019-12-07,2019-12-28,,54265,695855,3
1353719,2019-12-07,2019-12-28,,54278,688753,3
1353720,2019-12-07,2019-12-28,,54347,643520,3
1353721,2019-12-07,2019-12-28,,54391,93737,3
1353722,2019-12-07,2019-12-28,,54682,197203,3
1353723,2019-12-07,2019-12-28,2019-12-31,54786,567708,1
1353724,2019-12-07,2019-12-28,,54866,327155,3
1353725,2019-12-07,2019-12-28,2019-12-22,54954,443944,1
1353726,2019-12-07,2019-12-28,,55076,370794,3
1353727,2019-12-07,2019-12-28,,55230,601730,3
1353728,2019-12-07,2019-12-28,,55258,221139,3
1353729,2019-12-07,2019-12-28,,55313,406585,3
1353730,2019-12-07,2019-12-28,2019-12-25,55319,469369,1
1353731,2019-12-07,2019-12-28,,55490,308405,3
1353732,2019-12-07,2019-12-28,,55893,336052,3
1353733,2019-12-07,2019-12-28,2019-12-25,55993,396890,1
1353734,2019-12-07,2019-12-28,,56013,290680,3
1353735,2019-12-07,2019-12-28,,56051,24324,3
1353736,2019-12-07,2019-12-28,,56051,224520,3
1353737,2019-12-07,2019-12-28,2019-12-21,56051,484332,1
1353738,2019-12-07,2019-12-28,,56051,868835,3
1353739,2019-12-07,2019-12-28,2019-12-24,56129,832378,1
1353740,2019-12-07,2019-12-28,,56190,253495,3
1353741,2019-12-07,2019-12-28,,56253,584039,3
1353742,2019-12-07,2019-12-28,,56343,881269,3
1353743,2019-12-07,2019-12-28,,56655,762951,3
1353744,2019-12-07,2019-12-28,,56905,427745,3
1353745,2019-12-07,2019-12-28,2019-12-19,57060,140998,1
1353746,2019-12-07,2019-12-28,,57161,278307,3
1353747,2019-12-07,2019-12-28,,57666,287753,3
1353748,2019-12-07,2019-12-28,2019-12-29,57686,834562,1
1353749,2019-12-07,2019-12-28,,57728,805745,3
1353750,2019-12-07,2019-12-28,,57810,738098,3
1353751,2019-12-07,2019-12-28,2019-12-27,57870,357426,1
1353752,2019-12-07,2019-12-28,2019-12-22,57870,439210,1
1353753,2019-12-07,2019-12-28,,57870,567670,3
1353754,2019-12-07,2019-12-28,2019-12-31,57870,728544,1
1353755,2019-12-07,2019-12-28,,57917,698827,3
1353756,2019-12-07,2019-12-28,,58019,57551,3
1353757,2019-12-07,2019-12-28,,58091,772802,3
1353758,2019-12-07,2019-12-28,2019-12-19,58146,334549,1
1353759,2019-12-07,2019-12-28,,58157,281173,3
1353760,2019-12-07,2019-12-28,2019-12-24,58254,244736,1
1353761,2019-12-07,2019-12-28,2019-12-28,58254,447526,1
1353762,2019-12-07,2019-12-28,2019-12-31,58254,699719,1
1353763,2019-12-07,2019-12-28,2019-12-23,58254,813816,1
1353764,2019-12-07,2019-12-28,,58311,44696,3
1353765,2019-12-07,2019-12-28,,58311,511332,3
1353766,2019-12-07,2019-12-28,,58311,618171,3
1353767,2019-12-07,2019-12-28,,58311,643966,3
1353768,2019-12-07,2019-12-28,,58582,482383,3
1353769,2019-12-07,2019-12-28,2019-12-22,58593,328334,1
1353770,2019-12-07,2019-12-28,,58593,362232,3
1353771,2019-12-07,2019-12-28,,58609,874276,3
1353772,2019-12-07,2019-12-28,,58632,27703,3
1353773,2019-12-07,2019-12-28,,58660,325758,3
1353774,2019-12-07,2019-12-28,,58706,905258,3
1353775,2019-12-07,2019-12-28,,58796,816359,3
1353776,2019-12-07,2019-12-28,,58925,953859,3
1353777,2019-12-07,2019-12-28,2019-12-19,59119,217918,1
1353778,2019-12-07,2019-12-28,,59345,853542,3
1353779,2019-12-07,2019-12-28,,59472,862629,3
1353780,2019-12-07,2019-12-28,,59522,290345,3
1353781,2019-12-07,2019-12-28,2019-12-24,59720,51878,1
1353782,2019-12-07,2019-12-28,,59739,641478,3
1353783,2019-12-07,2019-12-28,,59751,453000,3
1353784,2019-12-07,2019-12-28,2019-12-29,59884,822362,1
1353785,2019-12-07,2019-12-28,,59966,604280,3
1353786,2019-12-07,2019-12-28,2019-12-29,60003,25385,1
1353787,2019-12-07,2019-12-28,,60214,671891,3
1353788,2019-12-07,2019-12-28,,60390,348414,3
1353789,2019-12-07,2019-12-28,,60437,598405,3
1353790,2019-12-07,2019-12-28,2019-12-25,60536,280944,1
1353791,2019-12-07,2019-12-28,,60549,439252,3
1353792,2019-12-07,2019-12-28,,60621,863144,3
1353793,2019-12-07,2019-12-28,2019-12-21,60873,774816,1
1353794,2019-12-07,2019-12-28,2019-12-25,61305,857256,1
1353795,2019-12-07,2019-12-28,,61352,192803,3
1353796,2019-12-07,2019-12-28,,62059,951713,3
1353797,2019-12-07,2019-12-28,,62198,344083,3
1353798,2019-12-07,2019-12-28,,62245,937689,3
1353799,2019-12-07,2019-12-28,2019-12-29,62265,757043,1
1353800,2019-12-07,2019-12-28,,62280,34358,3
1353801,2019-12-07,2019-12-28,,62280,533509,3
1353802,2019-12-07,2019-12-28,2019-12-20,62343,27682,1
1353803,2019-12-07,2019-12-28,2019-12-21,62405,844748,1
1353804,2019-12-07,2019-12-28,,62427,419725,3
1353805,2019-12-07,2019-12-28,,62436,64295,3
1353806,2019-12-07,2019-12-28,,62564,621788,3
1353807,2019-12-07,2019-12-28,,62592,331777,3
1353808,2019-12-07,2019-12-28,2019-12-24,62719,87418,1
1353809,2019-12-07,2019-12-28,,62719,189212,3
1353810,2019-12-07,2019-12-28,2019-12-19,62719,303911,1
1353811,2019-12-07,2019-12-28,2019-12-30,62719,420682,1
1353812,2019-12-07,2019-12-28,2019-12-19,62719,517103,1
1353813,2019-12-07,2019-12-28,2019-12-29,62719,641282,1
1353814,2019-12-07,2019-12-28,2019-12-27,62796,359342,1
1353815,2019-12-07,2019-12-28,,62796,439604,3
1353816,2019-12-07,2019-12-28,,63105,708407,3
1353817,2019-12-07,2019-12-28,,63219,534644,3
1353818,2019-12-07,2019-12-28,,63256,410012,3
1353819,2019-12-07,2019-12-28,,63387,562090,3
1353820,2019-12-07,2019-12-28,,63411,134549,3
1353821,2019-12-07,2019-12-28,,63411,175789,3
1353822,2019-12-07,2019-12-28,,63411,401251,3
1353823,2019-12-07,2019-12-28,,63666,423458,3
1353824,2019-12-07,2019-12-28,,63670,614115,3
1353825,2019-12-07,2019-12-28,,63853,540133,3
1353826,2019-12-07,2019-12-28,,64038,42598,3
1353827,2019-12-07,2019-12-28,2019-12-19,64082,824250,1
1353828,2019-12-07,2019-12-28,2019-12-31,64123,39793,1
1353829,2019-12-07,2019-12-28,,64135,504889,3
1353830,2019-12-07,2019-12-28,,64193,153344,3
1353831,2019-12-07,2019-12-28,,64193,933954,3
1353832,2019-12-07,2019-12-28,,64436,519054,3
1353833,2019-12-07,2019-12-28,2019-12-30,64514,585207,1
1353834,2019-12-07,2019-12-28,2019-12-25,64765,140331,1
1353835,2019-12-07,2019-12-28,,64778,751702,3
1353836,2019-12-07,2019-12-28,,64796,454282,3
1353837,2019-12-07,2019-12-28,2019-12-22,64828,454946,1
1353838,2019-12-07,2019-12-28,,64852,665135,3
1353839,2019-12-07,2019-12-28,,65201,439188,3
1353840,2019-12-07,2019-12-28,,65201,583240,3
1353841,2019-12-07,2019-12-28,,65201,599450,3
1353842,2019-12-07,2019-12-28,,65201,689225,3
1353843,2019-12-07,2019-12-28,,65201,720363,3
1353844,2019-12-07,2019-12-28,2019-12-25,65376,171851,1
1353845,2019-12-07,2019-12-28,,65390,287921,3
1353846,2019-12-07,2019-12-28,2019-12-25,65689,332793,1
1353847,2019-12-07,2019-12-28,2019-12-29,65689,709729,1
1353848,2019-12-07,2019-12-28,,65835,465934,3
1353849,2019-12-07,2019-12-28,,65835,864856,3
1353850,2019-12-07,2019-12-28,2019-12-24,65856,637351,1
1353851,2019-12-07,2019-12-28,2019-12-28,66318,737526,1
1353852,2019-12-07,2019-12-28,,66345,614210,3
1353853,2019-12-07,2019-12-28,2019-12-21,66385,286992,1
1353854,2019-12-07,2019-12-28,2019-12-31,66511,820104,1
1353855,2019-12-07,2019-12-28,,66584,420950,3
1353856,2019-12-07,2019-12-28,,66653,385024,3
1353857,2019-12-07,2019-12-28,,66691,24980,3
1353858,2019-12-07,2019-12-28,,66691,942364,3
1353859,2019-12-07,2019-12-28,,66876,609169,3
1353860,2019-12-07,2019-12-28,,67016,83297,3
1353861,2019-12-07,2019-12-28,,67036,439694,3
1353862,2019-12-07,2019-12-28,,67069,231093,3
1353863,2019-12-07,2019-12-28,2019-12-24,67069,852870,1
1353864,2019-12-07,2019-12-28,2019-12-23,67150,731405,1
1353865,2019-12-07,2019-12-28,,67276,328259,3
1353866,2019-12-07,2019-12-28,,67276,405311,3
1353867,2019-12-07,2019-12-28,,67276,536625,3
1353868,2019-12-07,2019-12-28,,67276,621563,3
1353869,2019-12-07,2019-12-28,,67276,625424,3
1353870,2019-12-07,2019-12-28,,67326,363086,3
1353871,2019-12-07,2019-12-28,2019-12-29,67571,159016,1
1353872,2019-12-07,2019-12-28,2019-12-31,67571,476030,1
1353873,2019-12-07,2019-12-28,2019-12-28,67571,770804,1
1353874,2019-12-07,2019-12-28,,67571,868859,3
1353875,2019-12-07,2019-12-28,,67896,622277,3
1353876,2019-12-07,2019-12-28,,67919,12936,3
1353877,2019-12-07,2019-12-28,,67919,25336,3
1353878,2019-12-07,2019-12-28,,67919,50523,3
1353879,2019-12-07,2019-12-28,,67919,58810,3
1353880,2019-12-07,2019-12-28,,67919,184817,3
1353881,2019-12-07,2019-12-28,,67919,195549,3
1353882,2019-12-07,2019-12-28,,67919,207547,3
1353883,2019-12-07,2019-12-28,,67919,350025,3
1353884,2019-12-07,2019-12-28,,67919,352974,3
1353885,2019-12-07,2019-12-28,,67919,357244,3
1353886,2019-12-07,2019-12-28,,67919,370767,3
1353887,2019-12-07,2019-12-28,,67919,378500,3
1353888,2019-12-07,2019-12-28,,67919,496631,3
1353889,2019-12-07,2019-12-28,2019-12-29,67919,540906,1
1353890,2019-12-07,2019-12-28,,67919,558837,3
1353891,2019-12-07,2019-12-28,,67919,596363,3
1353892,2019-12-07,2019-12-28,,67919,737643,3
1353893,2019-12-07,2019-12-28,,67919,806439,3
1353894,2019-12-07,2019-12-28,2019-12-28,67919,829155,1
1353895,2019-12-07,2019-12-28,,67919,873802,3
1353896,2019-12-07,2019-12-28,,67919,887424,3
1353897,2019-12-07,2019-12-28,,67919,903854,3
1353898,2019-12-07,2019-12-28,,67919,908433,3
1353899,2019-12-07,2019-12-28,2019-12-22,67923,927026,1
1353900,2019-12-07,2019-12-28,2019-12-25,67925,667749,1
1353901,2019-12-07,2019-12-28,,68026,504847,3
1353902,2019-12-07,2019-12-28,,68028,698999,3
1353903,2019-12-07,2019-12-28,,68209,702321,3
1353904,2019-12-07,2019-12-28,2019-12-27,68269,698683,1
1353905,2019-12-07,2019-12-28,,68287,707197,3
1353906,2019-12-07,2019-12-28,2019-12-26,68436,721871,1
1353907,2019-12-07,2019-12-28,,68447,127058,3
1353908,2019-12-07,2019-12-28,,68547,625430,3
1353909,2019-12-07,2019-12-28,,68547,705970,3
1353910,2019-12-07,2019-12-28,2019-12-28,68624,410726,1
1353911,2019-12-07,2019-12-28,2019-12-21,68624,671110,1
1353912,2019-12-07,2019-12-28,2019-12-27,68624,720526,1
1353913,2019-12-07,2019-12-28,2019-12-28,68624,906350,1
1353914,2019-12-07,2019-12-28,,68633,309499,3
1353915,2019-12-07,2019-12-28,,68660,595129,3
1353916,2019-12-07,2019-12-28,,68887,25058,3
1353917,2019-12-07,2019-12-28,,68887,214489,3
1353918,2019-12-07,2019-12-28,,68924,430723,3
1353919,2019-12-07,2019-12-28,,69016,146610,3
1353920,2019-12-07,2019-12-28,2019-12-25,69050,518478,1
1353921,2019-12-07,2019-12-28,2019-12-24,69150,33060,1
1353922,2019-12-07,2019-12-28,,69156,334980,3
1353923,2019-12-07,2019-12-28,2019-12-25,69156,532836,1
1353924,2019-12-07,2019-12-28,2019-12-29,69221,435979,1
1353925,2019-12-07,2019-12-28,,69261,823703,3
1353926,2019-12-07,2019-12-28,2019-12-28,69265,406705,1
1353927,2019-12-07,2019-12-28,,69298,139187,3
1353928,2019-12-07,2019-12-28,,69530,285833,3
1353929,2019-12-07,2019-12-28,2019-12-20,69530,536015,1
1353930,2019-12-07,2019-12-28,2019-12-19,69530,661292,1
1353931,2019-12-07,2019-12-28,,69641,846312,3
1353932,2019-12-07,2019-12-28,,69660,678203,3
1353933,2019-12-07,2019-12-28,,69744,621679,3
1353934,2019-12-07,2019-12-28,,70015,180520,3
1353935,2019-12-07,2019-12-28,,70054,104434,3
1353936,2019-12-07,2019-12-28,,70075,208845,3
1353937,2019-12-07,2019-12-28,,70172,644834,3
1353938,2019-12-07,2019-12-28,,70274,162399,3
1353939,2019-12-07,2019-12-28,,70359,362942,3
1353940,2019-12-07,2019-12-28,,70717,682869,3
1353941,2019-12-07,2019-12-28,2019-12-30,70809,608507,1
1353942,2019-12-07,2019-12-28,2019-12-21,70885,552221,1
1353943,2019-12-07,2019-12-28,2019-12-19,70885,823781,1
1353944,2019-12-07,2019-12-28,,71054,594461,3
1353945,2019-12-07,2019-12-28,2019-12-27,71063,418416,1
1353946,2019-12-07,2019-12-28,,71079,91898,3
1353947,2019-12-07,2019-12-28,2019-12-22,71079,330676,1
1353948,2019-12-07,2019-12-28,,71267,934807,3
1353949,2019-12-07,2019-12-28,,71322,900478,3
1353950,2019-12-07,2019-12-28,,71708,57267,3
1353951,2019-12-07,2019-12-28,,71720,358249,3
1353952,2019-12-07,2019-12-28,,71759,262140,3
1353953,2019-12-07,2019-12-28,2019-12-17,71873,411861,1
1353954,2019-12-07,2019-12-28,2019-12-30,72205,148678,1
1353955,2019-12-07,2019-12-28,2019-12-29,72208,226269,1
1353956,2019-12-07,2019-12-28,,72282,816514,3
1353957,2019-12-07,2019-12-28,2019-12-29,72326,366473,1
1353958,2019-12-07,2019-12-28,2019-12-31,72334,576024,1
1353959,2019-12-07,2019-12-28,,72378,219245,3
1353960,2019-12-07,2019-12-28,2019-12-30,72457,950081,1
1353961,2019-12-07,2019-12-28,,72478,845782,3
1353962,2019-12-07,2019-12-28,2019-12-23,72522,638503,1
1353963,2019-12-07,2019-12-28,,72694,475857,3
1353964,2019-12-07,2019-12-28,,72807,447919,3
1353965,2019-12-07,2019-12-28,,72826,683292,3
1353966,2019-12-07,2019-12-28,,72898,690448,3
1353967,2019-12-07,2019-12-28,2019-12-21,73150,832621,1
1353968,2019-12-07,2019-12-28,,73223,361235,3
1353969,2019-12-07,2019-12-28,2019-12-24,73324,664035,1
1353970,2019-12-07,2019-12-28,,73378,638104,3
1353971,2019-12-07,2019-12-28,2019-12-22,73408,486310,1
1353972,2019-12-07,2019-12-28,,73415,563637,3
1353973,2019-12-07,2019-12-28,2019-12-24,73512,653347,1
1353974,2019-12-07,2019-12-28,2019-12-27,73512,916240,1
1353975,2019-12-07,2019-12-28,,73629,407484,3
1353976,2019-12-07,2019-12-28,,73641,78327,3
1353977,2019-12-07,2019-12-28,,73641,276886,3
1353978,2019-12-07,2019-12-28,,73688,570686,3
1353979,2019-12-07,2019-12-28,,73808,485599,3
1353980,2019-12-07,2019-12-28,2019-12-20,73879,498282,1
1353981,2019-12-07,2019-12-28,,73956,273728,3
1353982,2019-12-07,2019-12-28,2019-12-22,74043,634057,1
1353983,2019-12-07,2019-12-28,,74177,530569,3
1353984,2019-12-07,2019-12-28,2019-12-30,74453,17734,1
1353985,2019-12-07,2019-12-28,,74453,41266,3
1353986,2019-12-07,2019-12-28,,74453,129088,3
1353987,2019-12-07,2019-12-28,2019-12-31,74716,205570,1
1353988,2019-12-07,2019-12-28,2019-12-23,74716,596464,1
1353989,2019-12-07,2019-12-28,2019-12-23,74812,157678,1
1353990,2019-12-07,2019-12-28,,74898,901428,3
1353991,2019-12-07,2019-12-28,,75044,781629,3
1353992,2019-12-07,2019-12-28,2019-12-18,75079,721765,1
1353993,2019-12-07,2019-12-28,2019-12-24,75123,500045,1
1353994,2019-12-07,2019-12-28,,75234,597117,3
1353995,2019-12-07,2019-12-28,,75463,2554,3
1353996,2019-12-07,2019-12-28,2019-12-24,75714,507140,1
1353997,2019-12-07,2019-12-28,,75864,803749,3
1353998,2019-12-07,2019-12-28,,75978,154146,3
1353999,2019-12-07,2019-12-28,,76304,621564,3
1354000,2019-12-07,2019-12-28,,76323,227621,3
1354001,2019-12-07,2019-12-28,,76412,439857,3
1354002,2019-12-07,2019-12-28,2019-12-29,76419,539941,1
1354003,2019-12-07,2019-12-28,2019-12-25,76540,514549,1
1354004,2019-12-07,2019-12-28,,76590,226237,3
1354005,2019-12-07,2019-12-28,,76631,937950,3
1354006,2019-12-07,2019-12-28,,76645,710319,3
1354007,2019-12-07,2019-12-28,,76755,773261,3
1354008,2019-12-07,2019-12-28,,76961,174752,3
1354009,2019-12-07,2019-12-28,,77133,144293,3
1354010,2019-12-07,2019-12-28,2019-12-20,77301,247146,1
1354011,2019-12-07,2019-12-28,2019-12-23,77301,388844,1
1354012,2019-12-07,2019-12-28,,77301,417002,3
1354013,2019-12-07,2019-12-28,2019-12-23,77301,434179,1
1354014,2019-12-07,2019-12-28,,77301,448241,3
1354015,2019-12-07,2019-12-28,2019-12-25,77301,665930,1
1354016,2019-12-07,2019-12-28,2019-12-30,77301,673476,1
1354017,2019-12-07,2019-12-28,2019-12-24,77301,705221,1
1354018,2019-12-07,2019-12-28,2019-12-21,77301,739070,1
1354019,2019-12-07,2019-12-28,,77301,807708,3
1354020,2019-12-07,2019-12-28,2019-12-31,77301,825475,1
1354021,2019-12-07,2019-12-28,2019-12-22,77301,870062,1
1354022,2019-12-07,2019-12-28,,77301,876574,3
1354023,2019-12-07,2019-12-28,,77301,902677,3
1354024,2019-12-07,2019-12-28,,77301,918722,3
1354025,2019-12-07,2019-12-28,,77397,674852,3
1354026,2019-12-07,2019-12-28,2019-12-22,77523,308030,1
1354027,2019-12-07,2019-12-28,,77595,589859,3
1354028,2019-12-07,2019-12-28,,77751,868884,3
1354029,2019-12-07,2019-12-28,,77862,189788,3
1354030,2019-12-07,2019-12-28,,78005,382613,3
1354031,2019-12-07,2019-12-28,,78033,32048,3
1354032,2019-12-07,2019-12-28,,78045,306451,3
1354033,2019-12-07,2019-12-28,,78248,752795,3
1354034,2019-12-07,2019-12-28,,78302,322127,3
1354035,2019-12-07,2019-12-28,,78331,196109,3
1354036,2019-12-07,2019-12-28,,78389,954960,3
1354037,2019-12-07,2019-12-28,,78395,465169,3
1354038,2019-12-07,2019-12-28,,78446,211160,3
1354039,2019-12-07,2019-12-28,2019-12-21,79127,524951,1
1354040,2019-12-07,2019-12-28,2019-12-22,79147,469366,1
1354041,2019-12-07,2019-12-28,2019-12-21,79147,696286,1
1354042,2019-12-07,2019-12-28,2019-12-28,79323,395076,1
1354043,2019-12-07,2019-12-28,,79332,862990,3
1354044,2019-12-07,2019-12-28,,79415,461964,3
1354045,2019-12-07,2019-12-28,,79475,160074,3
1354046,2019-12-07,2019-12-28,2019-12-22,79475,488554,1
1354047,2019-12-07,2019-12-28,,79475,574853,3
1354048,2019-12-07,2019-12-28,,79475,650286,3
1354049,2019-12-07,2019-12-28,,79537,658165,3
1354050,2019-12-07,2019-12-28,,79589,267655,3
1354051,2019-12-07,2019-12-28,,79589,745445,3
1354052,2019-12-07,2019-12-28,,79789,811665,3
1354053,2019-12-07,2019-12-28,2019-12-29,79794,580004,1
1354054,2019-12-07,2019-12-28,,79895,808694,3
1354055,2019-12-07,2019-12-28,,79926,513643,3
1354056,2019-12-07,2019-12-28,,79971,875496,3
1354057,2019-12-07,2019-12-28,,80070,421246,3
1354058,2019-12-07,2019-12-28,,80191,111558,3
1354059,2019-12-07,2019-12-28,,80272,540312,3
1354060,2019-12-07,2019-12-28,,80533,199,3
1354061,2019-12-07,2019-12-28,,80613,106496,3
1354062,2019-12-07,2019-12-28,,80853,547311,3
1354063,2019-12-07,2019-12-28,,80948,514424,3
1354064,2019-12-07,2019-12-28,,81124,842410,3
1354065,2019-12-07,2019-12-28,2019-12-21,81373,688367,1
1354066,2019-12-07,2019-12-28,,81374,190347,3
1354067,2019-12-07,2019-12-28,,81374,309900,3
1354068,2019-12-07,2019-12-28,,81615,757278,3
1354069,2019-12-07,2019-12-28,2019-12-22,81767,116460,1
1354070,2019-12-07,2019-12-28,2019-12-29,81767,247976,1
1354071,2019-12-07,2019-12-28,,81817,137765,3
1354072,2019-12-07,2019-12-28,,81875,785204,3
1354073,2019-12-07,2019-12-28,,82083,503758,3
1354074,2019-12-07,2019-12-28,,82243,736926,3
1354075,2019-12-07,2019-12-28,,82275,309953,3
1354076,2019-12-07,2019-12-28,,82316,480907,3
1354077,2019-12-07,2019-12-28,2019-12-31,82345,518188,1
1354078,2019-12-07,2019-12-28,,82345,721634,3
1354079,2019-12-07,2019-12-28,,82485,503019,3
1354080,2019-12-07,2019-12-28,2019-12-31,82485,730832,1
1354081,2019-12-07,2019-12-28,,82570,719644,3
1354082,2019-12-07,2019-12-28,,82614,435889,3
1354083,2019-12-07,2019-12-28,,82894,953777,3
1354084,2019-12-07,2019-12-28,2019-12-25,82900,266463,1
1354085,2019-12-07,2019-12-28,,82900,545135,3
1354086,2019-12-07,2019-12-28,,82920,33622,3
1354087,2019-12-07,2019-12-28,,82920,499224,3
1354088,2019-12-07,2019-12-28,,83083,198181,3
1354089,2019-12-07,2019-12-28,2019-12-22,83083,491030,1
1354090,2019-12-07,2019-12-28,,83296,784485,3
1354091,2019-12-07,2019-12-28,2019-12-28,83324,21914,1
1354092,2019-12-07,2019-12-28,2019-12-20,83403,199678,1
1354093,2019-12-07,2019-12-28,2019-12-17,83451,839804,1
1354094,2019-12-07,2019-12-28,2019-12-31,83838,848378,1
1354095,2019-12-07,2019-12-28,,83847,651490,3
1354096,2019-12-07,2019-12-28,,83903,508593,3
1354097,2019-12-07,2019-12-28,,83953,74533,3
1354098,2019-12-07,2019-12-28,,83980,22180,3
1354099,2019-12-07,2019-12-28,,84126,709197,3
1354100,2019-12-07,2019-12-28,2019-12-31,84126,806861,1
1354101,2019-12-07,2019-12-28,,84282,915276,3
1354102,2019-12-07,2019-12-28,2019-12-23,84350,205360,1
1354103,2019-12-07,2019-12-28,2019-12-25,84416,517534,1
1354104,2019-12-07,2019-12-28,,84591,93424,3
1354105,2019-12-07,2019-12-28,,84673,479257,3
1354106,2019-12-07,2019-12-28,,84874,314424,3
1354107,2019-12-07,2019-12-28,,84874,671468,3
1354108,2019-12-07,2019-12-28,,84885,148679,3
1354109,2019-12-07,2019-12-28,,84914,76883,3
1354110,2019-12-07,2019-12-28,,84914,87802,3
1354111,2019-12-07,2019-12-28,,84914,336218,3
1354112,2019-12-07,2019-12-28,,84914,447050,3
1354113,2019-12-07,2019-12-28,,84914,717522,3
1354114,2019-12-07,2019-12-28,2019-12-18,84914,723333,1
1354115,2019-12-07,2019-12-28,,84973,140205,3
1354116,2019-12-07,2019-12-28,,84973,226255,3
1354117,2019-12-07,2019-12-28,,84973,246897,3
1354118,2019-12-07,2019-12-28,2019-12-20,84973,429361,1
1354119,2019-12-07,2019-12-28,2019-12-27,84973,653838,1
1354120,2019-12-07,2019-12-28,,84973,682197,3
1354121,2019-12-07,2019-12-28,,84973,872773,3
1354122,2019-12-07,2019-12-28,,84977,534454,3
1354123,2019-12-07,2019-12-28,,84997,197037,3
1354124,2019-12-07,2019-12-28,,85047,711149,3
1354125,2019-12-07,2019-12-28,2019-12-30,85097,878430,1
1354126,2019-12-07,2019-12-28,,85293,355851,3
1354127,2019-12-07,2019-12-28,,85495,429748,3
1354128,2019-12-07,2019-12-28,,85601,688368,3
1354129,2019-12-07,2019-12-28,,85700,256345,3
1354130,2019-12-07,2019-12-28,,85864,232977,3
1354131,2019-12-07,2019-12-28,,86218,135677,3
1354132,2019-12-07,2019-12-28,,86431,77043,3
1354133,2019-12-07,2019-12-28,,86597,663071,3
1354134,2019-12-07,2019-12-28,,86852,43437,3
1354135,2019-12-07,2019-12-28,,86852,109863,3
1354136,2019-12-07,2019-12-28,2019-12-18,86942,741845,1
1354137,2019-12-07,2019-12-28,,87142,868066,3
1354138,2019-12-07,2019-12-28,,87361,721302,3
1354139,2019-12-07,2019-12-28,2019-12-30,87369,17755,1
1354140,2019-12-07,2019-12-28,,87433,892693,3
1354141,2019-12-07,2019-12-28,2019-12-25,87566,722999,1
1354142,2019-12-07,2019-12-28,2019-12-31,87669,106598,1
1354143,2019-12-07,2019-12-28,2019-12-29,87836,601338,1
1354144,2019-12-07,2019-12-28,,88489,577772,3
1354145,2019-12-07,2019-12-28,2019-12-19,88499,195378,1
1354146,2019-12-07,2019-12-28,2019-12-22,88499,282951,1
1354147,2019-12-07,2019-12-28,,88666,757525,3
1354148,2019-12-07,2019-12-28,2019-12-21,88730,927240,1
1354149,2019-12-07,2019-12-28,,88778,861506,3
1354150,2019-12-07,2019-12-28,,88996,48376,3
1354151,2019-12-07,2019-12-28,2019-12-23,89125,314399,1
1354152,2019-12-07,2019-12-28,2019-12-29,89428,313571,1
1354153,2019-12-07,2019-12-28,2019-12-25,89844,363872,1
1354154,2019-12-07,2019-12-28,,89861,168971,3
1354155,2019-12-07,2019-12-28,,89997,497505,3
1354156,2019-12-07,2019-12-28,,90036,944693,3
1354157,2019-12-07,2019-12-28,,90079,382790,3
1354158,2019-12-07,2019-12-28,,90141,154224,3
1354159,2019-12-07,2019-12-28,,90141,299663,3
1354160,2019-12-07,2019-12-28,,90156,808404,3
1354161,2019-12-07,2019-12-28,,90156,827776,3
1354162,2019-12-07,2019-12-28,,90290,222851,3
1354163,2019-12-07,2019-12-28,,90333,56460,3
1354164,2019-12-07,2019-12-28,,90485,907771,3
1354165,2019-12-07,2019-12-28,,90590,166483,3
1354166,2019-12-07,2019-12-28,,90711,476637,3
1354167,2019-12-07,2019-12-28,2019-12-24,90720,884789,1
1354168,2019-12-07,2019-12-28,,90723,48692,3
1354169,2019-12-07,2019-12-28,,90734,842940,3
1354170,2019-12-07,2019-12-28,,90974,356393,3
1354171,2019-12-07,2019-12-28,2019-12-30,90978,761340,1
1354172,2019-12-07,2019-12-28,2019-12-24,91123,309500,1
1354173,2019-12-07,2019-12-28,2019-12-18,91656,92926,1
1354174,2019-12-07,2019-12-28,,91656,508930,3
1354175,2019-12-07,2019-12-28,,91723,484178,3
1354176,2019-12-07,2019-12-28,,91831,652206,3
1354177,2019-12-07,2019-12-28,,91969,452510,3
1354178,2019-12-07,2019-12-28,,92192,207627,3
1354179,2019-12-07,2019-12-28,,92230,254349,3
1354180,2019-12-07,2019-12-28,2019-12-30,92297,684662,1
1354181,2019-12-07,2019-12-28,2019-12-31,92353,754654,1
1354182,2019-12-07,2019-12-28,,92432,579747,3
1354183,2019-12-07,2019-12-28,,92432,630490,3
1354184,2019-12-07,2019-12-28,,92534,929026,3
1354185,2019-12-07,2019-12-28,,92647,331341,3
1354186,2019-12-07,2019-12-28,,92743,783067,3
1354187,2019-12-07,2019-12-28,,92869,237795,3
1354188,2019-12-07,2019-12-28,,92869,304231,3
1354189,2019-12-07,2019-12-28,,93156,850448,3
1354190,2019-12-07,2019-12-28,,93393,622586,3
1354191,2019-12-07,2019-12-28,,93434,722809,3
1354192,2019-12-07,2019-12-28,2019-12-20,93714,873856,1
1354193,2019-12-07,2019-12-28,2019-12-23,93749,399353,1
1354194,2019-12-07,2019-12-28,2019-12-30,93749,500071,1
1354195,2019-12-07,2019-12-28,,93787,693383,3
1354196,2019-12-07,2019-12-28,2019-12-29,94201,368864,1
1354197,2019-12-07,2019-12-28,,94343,151047,3
1354198,2019-12-07,2019-12-28,,94343,595252,3
1354199,2019-12-07,2019-12-28,2019-12-24,94343,691997,1
1354200,2019-12-07,2019-12-28,2019-12-20,94366,779631,1
1354201,2019-12-07,2019-12-28,,94453,134953,3
1354202,2019-12-07,2019-12-28,2019-12-21,94679,565997,1
1354203,2019-12-07,2019-12-28,,94700,323547,3
1354204,2019-12-07,2019-12-28,,94715,128717,3
1354205,2019-12-07,2019-12-28,,94800,67521,3
1354206,2019-12-07,2019-12-28,,94867,187990,3
1354207,2019-12-07,2019-12-28,2019-12-21,94872,879482,1
1354208,2019-12-07,2019-12-28,2019-12-31,94900,737749,1
1354209,2019-12-07,2019-12-28,,95222,688761,3
1354210,2019-12-07,2019-12-28,,95274,128760,3
1354211,2019-12-07,2019-12-28,,95451,935642,3
1354212,2019-12-07,2019-12-28,,95473,165252,3
1354213,2019-12-07,2019-12-28,,95474,62592,3
1354214,2019-12-07,2019-12-28,,95575,274982,3
1354215,2019-12-07,2019-12-28,2019-12-21,95616,620736,1
1354216,2019-12-07,2019-12-28,2019-12-22,95794,889711,1
1354217,2019-12-07,2019-12-28,,95858,750580,3
1354218,2019-12-07,2019-12-28,,95903,348415,3
1354219,2019-12-07,2019-12-28,,96158,48693,3
1354220,2019-12-07,2019-12-28,2019-12-26,96202,945741,1
1354221,2019-12-07,2019-12-28,,96521,858113,3
1354222,2019-12-07,2019-12-28,,96624,673100,3
1354223,2019-12-07,2019-12-28,,96723,552094,3
1354224,2019-12-07,2019-12-28,2019-12-21,96901,33032,1
1354225,2019-12-07,2019-12-28,2019-12-31,96901,476163,1
1354226,2019-12-07,2019-12-28,2019-12-18,96901,765887,1
1354227,2019-12-07,2019-12-28,,96901,801952,3
1354228,2019-12-07,2019-12-28,,97131,291267,3
1354229,2019-12-07,2019-12-28,,97694,197544,3
1354230,2019-12-07,2019-12-28,,97702,887951,3
1354231,2019-12-07,2019-12-28,,97731,699030,3
1354232,2019-12-07,2019-12-28,,98017,307704,3
1354233,2019-12-07,2019-12-28,,98236,823382,3
1354234,2019-12-07,2019-12-28,2019-12-21,98351,920606,1
1354235,2019-12-07,2019-12-28,2019-12-31,98430,900316,1
1354236,2019-12-07,2019-12-28,,98586,433261,3
1354237,2019-12-07,2019-12-28,2019-12-30,98640,627928,1
1354238,2019-12-07,2019-12-28,,98756,822201,3
1354239,2019-12-07,2019-12-28,2019-12-25,98961,537159,1
1354240,2019-12-07,2019-12-28,,99042,681268,3
1354241,2019-12-07,2019-12-28,2019-12-25,99335,214787,1
1354242,2019-12-07,2019-12-28,,99355,215782,3
1354243,2019-12-07,2019-12-28,2019-12-20,99355,703906,1
1354244,2019-12-07,2019-12-28,,99443,580377,3
1354245,2019-12-07,2019-12-28,,99506,358384,3
1354246,2019-12-07,2019-12-28,,99637,696239,3
1354247,2019-12-07,2019-12-28,,99658,347468,3
1354248,2019-12-07,2019-12-28,,99929,778488,3
1354249,2019-12-07,2019-12-28,,99955,395162,3
1354250,2019-12-07,2019-12-28,,100213,98865,3
1354251,2019-12-07,2019-12-28,2019-12-27,100213,149168,1
1354252,2019-12-07,2019-12-28,,100333,592678,3
1354253,2019-12-07,2019-12-28,,100354,666022,3
1354254,2019-12-07,2019-12-28,,100354,915026,3
1354255,2019-12-07,2019-12-28,,100922,563941,3
1354256,2019-12-07,2019-12-28,2019-12-30,100922,878899,1
1354257,2019-12-07,2019-12-28,,101143,479703,3
1354258,2019-12-07,2019-12-28,2019-12-25,101217,939027,1
1354259,2019-12-07,2019-12-28,,101248,754114,3
1354260,2019-12-07,2019-12-28,2019-12-31,101349,23630,1
1354261,2019-12-07,2019-12-28,,101349,231762,3
1354262,2019-12-07,2019-12-28,2019-12-22,101349,599202,1
1354263,2019-12-07,2019-12-28,,101349,799110,3
1354264,2019-12-07,2019-12-28,,102197,419227,3
1354265,2019-12-07,2019-12-28,,102254,174433,3
1354266,2019-12-07,2019-12-28,,102539,216201,3
1354267,2019-12-07,2019-12-28,,102568,739869,3
1354268,2019-12-07,2019-12-28,,102708,752039,3
1354269,2019-12-07,2019-12-28,,102797,521161,3
1354270,2019-12-07,2019-12-28,,102881,665532,3
1354271,2019-12-07,2019-12-28,2019-12-20,102985,947499,1
1354272,2019-12-07,2019-12-28,,103130,612400,3
1354273,2019-12-07,2019-12-28,,103283,262670,3
1354274,2019-12-07,2019-12-28,,103283,510549,3
1354275,2019-12-07,2019-12-28,,103484,565133,3
1354276,2019-12-07,2019-12-28,,103757,247459,3
1354277,2019-12-07,2019-12-28,,103780,87623,3
1354278,2019-12-07,2019-12-28,,103780,125141,3
1354279,2019-12-07,2019-12-28,,103780,152082,3
1354280,2019-12-07,2019-12-28,2019-12-29,103780,204234,1
1354281,2019-12-07,2019-12-28,2019-12-31,103780,344090,1
1354282,2019-12-07,2019-12-28,,103780,389351,3
1354283,2019-12-07,2019-12-28,,103780,509981,3
1354284,2019-12-07,2019-12-28,,103780,577799,3
1354285,2019-12-07,2019-12-28,2019-12-29,103780,607667,1
1354286,2019-12-07,2019-12-28,,103780,679845,3
1354287,2019-12-07,2019-12-28,,103780,763493,3
1354288,2019-12-07,2019-12-28,2019-12-31,103780,797242,1
1354289,2019-12-07,2019-12-28,,103780,826595,3
1354290,2019-12-07,2019-12-28,2019-12-20,103882,187409,1
1354291,2019-12-07,2019-12-28,,104115,134093,3
1354292,2019-12-07,2019-12-28,,104235,759561,3
1354293,2019-12-07,2019-12-28,2019-12-23,104498,859058,1
1354294,2019-12-07,2019-12-28,,104522,782970,3
1354295,2019-12-07,2019-12-28,2019-12-25,104636,728816,1
1354296,2019-12-07,2019-12-28,,104659,341482,3
1354297,2019-12-07,2019-12-28,,104659,933228,3
1354298,2019-12-07,2019-12-28,,104785,936946,3
1354299,2019-12-07,2019-12-28,2019-12-27,104864,782032,1
1354300,2019-12-07,2019-12-28,,104900,403648,3
1354301,2019-12-07,2019-12-28,,104979,934338,3
1354302,2019-12-07,2019-12-28,,105151,582784,3
1354303,2019-12-07,2019-12-28,,105273,379219,3
1354304,2019-12-07,2019-12-28,,105438,480635,3
1354305,2019-12-07,2019-12-28,2019-12-31,105511,542123,1
1354306,2019-12-07,2019-12-28,,105741,174434,3
1354307,2019-12-07,2019-12-28,,105927,502133,3
1354308,2019-12-07,2019-12-28,,105934,554307,3
1354309,2019-12-07,2019-12-28,,105988,104342,3
1354310,2019-12-07,2019-12-28,,106000,944514,3
1354311,2019-12-07,2019-12-28,,106037,681581,3
1354312,2019-12-07,2019-12-28,,106179,443108,3
1354313,2019-12-07,2019-12-28,2019-12-20,106201,236146,1
1354314,2019-12-07,2019-12-28,,106219,589713,3
1354315,2019-12-07,2019-12-28,,106433,25215,3
1354316,2019-12-07,2019-12-28,,106433,38446,3
1354317,2019-12-07,2019-12-28,,106433,49730,3
1354318,2019-12-07,2019-12-28,,106433,230008,3
1354319,2019-12-07,2019-12-28,2019-12-30,106433,680548,1
1354320,2019-12-07,2019-12-28,,106477,776483,3
1354321,2019-12-07,2019-12-28,,106840,537167,3
1354322,2019-12-07,2019-12-28,2019-12-25,106902,688291,1
1354323,2019-12-07,2019-12-28,,107256,698934,3
1354324,2019-12-07,2019-12-28,,107667,741850,3
1354325,2019-12-07,2019-12-28,,107772,771988,3
1354326,2019-12-07,2019-12-28,,107854,255942,3
1354327,2019-12-07,2019-12-28,,108152,779987,3
1354328,2019-12-07,2019-12-28,2019-12-24,108160,95158,1
1354329,2019-12-07,2019-12-28,,108227,224895,3
1354330,2019-12-07,2019-12-28,,108483,34400,3
1354331,2019-12-07,2019-12-28,,108563,202682,3
1354332,2019-12-07,2019-12-28,,108563,369763,3
1354333,2019-12-07,2019-12-28,,108567,816203,3
1354334,2019-12-07,2019-12-28,2019-12-29,108574,713081,1
1354335,2019-12-07,2019-12-28,2019-12-22,108574,875796,1
1354336,2019-12-07,2019-12-28,,108574,934720,3
1354337,2019-12-07,2019-12-28,,108621,240549,3
1354338,2019-12-07,2019-12-28,,108668,266464,3
1354339,2019-12-07,2019-12-28,,108668,681585,3
1354340,2019-12-07,2019-12-28,,108668,689175,3
1354341,2019-12-07,2019-12-28,,108772,498881,3
1354342,2019-12-07,2019-12-28,2019-12-29,109041,576003,1
1354343,2019-12-07,2019-12-28,,109043,91294,3
1354344,2019-12-07,2019-12-28,,109293,813218,3
1354345,2019-12-07,2019-12-28,,109367,841714,3
1354346,2019-12-07,2019-12-28,,109369,18834,3
1354347,2019-12-07,2019-12-28,,109619,160785,3
1354348,2019-12-07,2019-12-28,,109769,511679,3
1354349,2019-12-07,2019-12-28,,109769,554642,3
1354350,2019-12-07,2019-12-28,,109769,581782,3
1354351,2019-12-07,2019-12-28,,109769,631108,3
1354352,2019-12-07,2019-12-28,,109769,684681,3
1354353,2019-12-07,2019-12-28,,109769,815097,3
1354354,2019-12-07,2019-12-28,,109777,281999,3
1354355,2019-12-07,2019-12-28,2019-12-29,109777,730423,1
1354356,2019-12-07,2019-12-28,,109777,853275,3
1354357,2019-12-07,2019-12-28,,109797,427438,3
1354358,2019-12-07,2019-12-28,,109866,573141,3
1354359,2019-12-07,2019-12-28,2019-12-27,109917,113434,1
1354360,2019-12-07,2019-12-28,2019-12-27,109917,654266,1
1354361,2019-12-07,2019-12-28,,109952,700420,3
1354362,2019-12-07,2019-12-28,,110075,161328,3
1354363,2019-12-07,2019-12-28,,110196,486968,3
1354364,2019-12-07,2019-12-28,,110200,503818,3
1354365,2019-12-07,2019-12-28,2019-12-20,110249,501204,1
1354366,2019-12-07,2019-12-28,2019-12-29,110320,553963,1
1354367,2019-12-07,2019-12-28,,110663,151431,3
1354368,2019-12-07,2019-12-28,,110695,278371,3
1354369,2019-12-07,2019-12-28,,110790,428439,3
1354370,2019-12-07,2019-12-28,2019-12-26,110790,754948,1
1354371,2019-12-07,2019-12-28,,110993,156532,3
1354372,2019-12-07,2019-12-28,,110993,427683,3
1354373,2019-12-07,2019-12-28,,110993,487068,3
1354374,2019-12-07,2019-12-28,,110993,677113,3
1354375,2019-12-07,2019-12-28,,110993,936166,3
1354376,2019-12-07,2019-12-28,,111032,122471,3
1354377,2019-12-07,2019-12-28,,111069,670333,3
1354378,2019-12-07,2019-12-28,,111252,593639,3
1354379,2019-12-07,2019-12-28,2019-12-31,111272,926828,1
1354380,2019-12-07,2019-12-28,,111438,380048,3
1354381,2019-12-07,2019-12-28,,111438,398912,3
1354382,2019-12-07,2019-12-28,,111438,538748,3
1354383,2019-12-07,2019-12-28,,111451,43165,3
1354384,2019-12-07,2019-12-28,2019-12-19,111592,586773,1
1354385,2019-12-07,2019-12-28,,111829,844932,3
1354386,2019-12-07,2019-12-28,,111843,889276,3
1354387,2019-12-07,2019-12-28,,112000,682917,3
1354388,2019-12-07,2019-12-28,,112148,449135,3
1354389,2019-12-07,2019-12-28,,112368,139190,3
1354390,2019-12-07,2019-12-28,2019-12-30,112493,149162,1
1354391,2019-12-07,2019-12-28,2019-12-24,112691,851010,1
1354392,2019-12-07,2019-12-28,,112767,172345,3
1354393,2019-12-07,2019-12-28,2019-12-24,113081,170013,1
1354394,2019-12-07,2019-12-28,,113100,864607,3
1354395,2019-12-07,2019-12-28,,113138,340520,3
1354396,2019-12-07,2019-12-28,,113275,212741,3
1354397,2019-12-07,2019-12-28,,113522,635354,3
1354398,2019-12-07,2019-12-28,,113695,121852,3
1354399,2019-12-07,2019-12-28,2019-12-27,113695,588755,1
1354400,2019-12-07,2019-12-28,2019-12-26,113785,9802,1
1354401,2019-12-07,2019-12-28,2019-12-29,113785,696310,1
1354402,2019-12-07,2019-12-28,2019-12-26,113935,67797,1
1354403,2019-12-07,2019-12-28,,113986,483471,3
1354404,2019-12-07,2019-12-28,2019-12-28,114004,255696,1
1354405,2019-12-07,2019-12-28,2019-12-30,114398,312518,1
1354406,2019-12-07,2019-12-28,,114472,207628,3
1354407,2019-12-07,2019-12-28,,114824,395805,3
1354408,2019-12-07,2019-12-28,,114840,179375,3
1354409,2019-12-07,2019-12-28,,114840,482529,3
1354410,2019-12-07,2019-12-28,2019-12-26,114840,844933,1
1354411,2019-12-07,2019-12-28,,114855,609388,3
1354412,2019-12-07,2019-12-28,,115011,378158,3
1354413,2019-12-07,2019-12-28,2019-12-27,115106,673559,1
1354414,2019-12-07,2019-12-28,,115144,779409,3
1354415,2019-12-07,2019-12-28,,115156,416317,3
1354416,2019-12-07,2019-12-28,2019-12-26,115367,273712,1
1354417,2019-12-07,2019-12-28,,115453,148275,3
1354418,2019-12-07,2019-12-28,,115544,621565,3
1354419,2019-12-07,2019-12-28,,115753,419086,3
1354420,2019-12-07,2019-12-28,,115753,492899,3
1354421,2019-12-07,2019-12-28,2019-12-19,115819,249930,1
1354422,2019-12-07,2019-12-28,,115828,189861,3
1354423,2019-12-07,2019-12-28,,116053,439227,3
1354424,2019-12-07,2019-12-28,,116254,348447,3
1354425,2019-12-07,2019-12-28,,116507,202328,3
1354426,2019-12-07,2019-12-28,,116589,896462,3
1354427,2019-12-07,2019-12-28,2019-12-24,116732,801788,1
1354428,2019-12-07,2019-12-28,2019-12-25,116843,51300,1
1354429,2019-12-07,2019-12-28,,116843,52233,3
1354430,2019-12-07,2019-12-28,,116908,73790,3
1354431,2019-12-07,2019-12-28,,117171,897913,3
1354432,2019-12-07,2019-12-28,,117664,389316,3
1354433,2019-12-07,2019-12-28,,117664,674522,3
1354434,2019-12-07,2019-12-28,,117664,742109,3
1354435,2019-12-07,2019-12-28,,117767,222921,3
1354436,2019-12-07,2019-12-28,2019-12-29,117865,729557,1
1354437,2019-12-07,2019-12-28,,117865,766754,3
1354438,2019-12-07,2019-12-28,,117903,53729,3
1354439,2019-12-07,2019-12-28,,118137,1235,3
1354440,2019-12-07,2019-12-28,,118322,668296,3
1354441,2019-12-07,2019-12-28,,118377,947279,3
1354442,2019-12-07,2019-12-28,2019-12-19,118493,449346,1
1354443,2019-12-07,2019-12-28,2019-12-19,118568,435571,1
1354444,2019-12-07,2019-12-28,2019-12-29,118884,325981,1
1354445,2019-12-07,2019-12-28,,119423,886290,3
1354446,2019-12-07,2019-12-28,2019-12-24,119450,670086,1
1354447,2019-12-07,2019-12-28,2019-12-25,119450,744317,1
1354448,2019-12-07,2019-12-28,,119637,276231,3
1354449,2019-12-07,2019-12-28,,119690,176224,3
1354450,2019-12-07,2019-12-28,,119776,597118,3
1354451,2019-12-07,2019-12-28,2019-12-20,119973,246233,1
1354452,2019-12-07,2019-12-28,,120086,241446,3
1354453,2019-12-07,2019-12-28,,120280,466264,3
1354454,2019-12-07,2019-12-28,2019-12-26,120389,480920,1
1354455,2019-12-07,2019-12-28,2019-12-27,120530,728559,1
1354456,2019-12-07,2019-12-28,,120631,38110,3
1354457,2019-12-07,2019-12-28,2019-12-21,120631,481935,1
1354458,2019-12-07,2019-12-28,,120631,502479,3
1354459,2019-12-07,2019-12-28,,120631,605877,3
1354460,2019-12-07,2019-12-28,,120656,430624,3
1354461,2019-12-07,2019-12-28,,121203,650426,3
1354462,2019-12-07,2019-12-28,,121348,205782,3
1354463,2019-12-07,2019-12-28,,121355,77235,3
1354464,2019-12-07,2019-12-28,,121361,350323,3
1354465,2019-12-07,2019-12-28,,121442,31900,3
1354466,2019-12-07,2019-12-28,,121509,30887,3
1354467,2019-12-07,2019-12-28,,121509,902634,3
1354468,2019-12-07,2019-12-28,2019-12-22,121565,657441,1
1354469,2019-12-07,2019-12-28,,121740,275168,3
1354470,2019-12-07,2019-12-28,,121740,359766,3
1354471,2019-12-07,2019-12-28,2019-12-26,121740,686066,1
1354472,2019-12-07,2019-12-28,,121952,394112,3
1354473,2019-12-07,2019-12-28,,122181,879265,3
1354474,2019-12-07,2019-12-28,,122292,8028,3
1354475,2019-12-07,2019-12-28,,122362,367897,3
1354476,2019-12-07,2019-12-28,,122382,796251,3
1354477,2019-12-07,2019-12-28,,122439,20776,3
1354478,2019-12-07,2019-12-28,,122490,147070,3
1354479,2019-12-07,2019-12-28,2019-12-27,122666,598831,1
1354480,2019-12-07,2019-12-28,2019-12-22,122978,29818,1
1354481,2019-12-07,2019-12-28,,123003,96804,3
1354482,2019-12-07,2019-12-28,,123027,44200,3
1354483,2019-12-07,2019-12-28,,123058,693406,3
1354484,2019-12-07,2019-12-28,2019-12-23,123136,301480,1
1354485,2019-12-07,2019-12-28,2019-12-23,123288,311862,1
1354486,2019-12-07,2019-12-28,,123288,682944,3
1354487,2019-12-07,2019-12-28,,123298,895733,3
1354488,2019-12-07,2019-12-28,,123533,880959,3
1354489,2019-12-07,2019-12-28,2019-12-23,123952,797792,1
1354490,2019-12-07,2019-12-28,,124702,888380,3
1354491,2019-12-07,2019-12-28,,124773,477332,3
1354492,2019-12-07,2019-12-28,,124797,837177,3
1354493,2019-12-07,2019-12-28,,124864,382614,3
1354494,2019-12-07,2019-12-28,,124919,559887,3
1354495,2019-12-07,2019-12-28,,125019,767827,3
1354496,2019-12-07,2019-12-28,2019-12-30,125052,546956,1
1354497,2019-12-07,2019-12-28,,125216,281558,3
1354498,2019-12-07,2019-12-28,2019-12-28,125383,273575,1
1354499,2019-12-07,2019-12-28,,125536,358529,3
1354500,2019-12-07,2019-12-28,,125550,844934,3
1354501,2019-12-07,2019-12-28,,125580,92534,3
1354502,2019-12-07,2019-12-28,,125666,492550,3
1354503,2019-12-07,2019-12-28,,125740,806539,3
1354504,2019-12-07,2019-12-28,,125959,242779,3
1354505,2019-12-07,2019-12-28,,126015,909206,3
1354506,2019-12-07,2019-12-28,2019-12-22,126051,136205,1
1354507,2019-12-07,2019-12-28,,126572,621789,3
1354508,2019-12-07,2019-12-28,,126606,535947,3
1354509,2019-12-07,2019-12-28,2019-12-23,126842,698828,1
1354510,2019-12-07,2019-12-28,2019-12-26,127013,550874,1
1354511,2019-12-07,2019-12-28,,127025,49404,3
1354512,2019-12-07,2019-12-28,,127182,259124,3
1354513,2019-12-07,2019-12-28,2019-12-18,127530,266126,1
1354514,2019-12-07,2019-12-28,,127530,792111,3
1354515,2019-12-07,2019-12-28,,127638,396873,3
1354516,2019-12-07,2019-12-28,2019-12-20,127685,92359,1
1354517,2019-12-07,2019-12-28,,127685,159017,3
1354518,2019-12-07,2019-12-28,2019-12-26,127685,804016,1
1354519,2019-12-07,2019-12-28,2019-12-29,128007,219073,1
1354520,2019-12-07,2019-12-28,,128047,191733,3
1354521,2019-12-07,2019-12-28,,128274,621287,3
1354522,2019-12-07,2019-12-28,,128319,104529,3
1354523,2019-12-07,2019-12-28,,128319,699031,3
1354524,2019-12-07,2019-12-28,,128340,464533,3
1354525,2019-12-07,2019-12-28,2019-12-20,128465,226501,1
1354526,2019-12-07,2019-12-28,,128573,399200,3
1354527,2019-12-07,2019-12-28,,128573,482911,3
1354528,2019-12-07,2019-12-28,,128637,621566,3
1354529,2019-12-07,2019-12-28,,128695,174269,3
1354530,2019-12-07,2019-12-28,2019-12-20,128709,26449,1
1354531,2019-12-07,2019-12-28,,128874,115504,3
1354532,2019-12-07,2019-12-28,,128902,872267,3
1354533,2019-12-07,2019-12-28,,128934,871081,3
1354534,2019-12-07,2019-12-28,,129166,101591,3
1354535,2019-12-07,2019-12-28,2019-12-29,129166,356597,1
1354536,2019-12-07,2019-12-28,2019-12-25,129166,604831,1
1354537,2019-12-07,2019-12-28,,129166,663068,3
1354538,2019-12-07,2019-12-28,2019-12-21,129166,744677,1
1354539,2019-12-07,2019-12-28,2019-12-19,129534,89995,1
1354540,2019-12-07,2019-12-28,2019-12-26,129582,840484,1
1354541,2019-12-07,2019-12-28,,129619,640525,3
1354542,2019-12-07,2019-12-28,,129685,698829,3
1354543,2019-12-07,2019-12-28,,129808,529174,3
1354544,2019-12-07,2019-12-28,2019-12-29,129896,60262,1
1354545,2019-12-07,2019-12-28,2019-12-18,129896,851812,1
1354546,2019-12-07,2019-12-28,,130031,467273,3
1354547,2019-12-07,2019-12-28,2019-12-29,130126,114430,1
1354548,2019-12-07,2019-12-28,,130228,795251,3
1354549,2019-12-07,2019-12-28,2019-12-23,130321,106017,1
1354550,2019-12-07,2019-12-28,,130321,233030,3
1354551,2019-12-07,2019-12-28,2019-12-20,130321,236892,1
1354552,2019-12-07,2019-12-28,,130321,244308,3
1354553,2019-12-07,2019-12-28,,130321,629887,3
1354554,2019-12-07,2019-12-28,,130321,714125,3
1354555,2019-12-07,2019-12-28,,130347,860441,3
1354556,2019-12-07,2019-12-28,2019-12-27,130430,766743,1
1354557,2019-12-07,2019-12-28,,130724,26528,3
1354558,2019-12-07,2019-12-28,2019-12-20,130724,255961,1
1354559,2019-12-07,2019-12-28,,130724,569729,3
1354560,2019-12-07,2019-12-28,,130750,87107,3
1354561,2019-12-07,2019-12-28,,131279,322040,3
1354562,2019-12-07,2019-12-28,,131279,866999,3
1354563,2019-12-07,2019-12-28,,131427,518262,3
1354564,2019-12-07,2019-12-28,2019-12-31,131497,422469,1
1354565,2019-12-07,2019-12-28,2019-12-20,131552,737820,1
1354566,2019-12-07,2019-12-28,,131640,698830,3
1354567,2019-12-07,2019-12-28,,131802,163395,3
1354568,2019-12-07,2019-12-28,,131894,670931,3
1354569,2019-12-07,2019-12-28,,131968,272993,3
1354570,2019-12-07,2019-12-28,,131968,391330,3
1354571,2019-12-07,2019-12-28,2019-12-18,131968,421247,1
1354572,2019-12-07,2019-12-28,,131968,832973,3
1354573,2019-12-07,2019-12-28,2019-12-28,132105,65725,1
1354574,2019-12-07,2019-12-28,,132144,574099,3
1354575,2019-12-07,2019-12-28,,132144,604917,3
1354576,2019-12-07,2019-12-28,,132207,425967,3
1354577,2019-12-07,2019-12-28,2019-12-25,132211,32520,1
1354578,2019-12-07,2019-12-28,2019-12-28,132246,167593,1
1354579,2019-12-07,2019-12-28,,132246,352631,3
1354580,2019-12-07,2019-12-28,,132246,541231,3
1354581,2019-12-07,2019-12-28,,132378,823364,3
1354582,2019-12-07,2019-12-28,2019-12-27,132420,262337,1
1354583,2019-12-07,2019-12-28,,132594,103937,3
1354584,2019-12-07,2019-12-28,,132664,791207,3
1354585,2019-12-07,2019-12-28,,132755,918496,3
1354586,2019-12-07,2019-12-28,,132834,57643,3
1354587,2019-12-07,2019-12-28,,132874,853569,3
1354588,2019-12-07,2019-12-28,,132899,241094,3
1354589,2019-12-07,2019-12-28,,132952,775454,3
1354590,2019-12-07,2019-12-28,2019-12-19,133214,123400,1
1354591,2019-12-07,2019-12-28,,133454,89726,3
1354592,2019-12-07,2019-12-28,,133521,515278,3
1354593,2019-12-07,2019-12-28,2019-12-18,133574,179163,1
1354594,2019-12-07,2019-12-28,,133743,167976,3
1354595,2019-12-07,2019-12-28,2019-12-30,133765,209563,1
1354596,2019-12-07,2019-12-28,,133810,931189,3
1354597,2019-12-07,2019-12-28,2019-12-25,134096,845051,1
1354598,2019-12-07,2019-12-28,,134225,264434,3
1354599,2019-12-07,2019-12-28,2019-12-25,134231,743473,1
1354600,2019-12-07,2019-12-28,,134411,718341,3
1354601,2019-12-07,2019-12-28,2019-12-29,134534,176809,1
1354602,2019-12-07,2019-12-28,2019-12-30,134534,857934,1
1354603,2019-12-07,2019-12-28,,134535,903779,3
1354604,2019-12-07,2019-12-28,2019-12-29,134639,124377,1
1354605,2019-12-07,2019-12-28,,134735,567710,3
1354606,2019-12-07,2019-12-28,,134936,33854,3
1354607,2019-12-07,2019-12-28,,134942,913603,3
1354608,2019-12-07,2019-12-28,,135373,683101,3
1354609,2019-12-07,2019-12-28,,135470,432289,3
1354610,2019-12-07,2019-12-28,,135540,78594,3
1354611,2019-12-07,2019-12-28,,135540,570164,3
1354612,2019-12-07,2019-12-28,,135540,713901,3
1354613,2019-12-07,2019-12-28,2019-12-25,135547,48294,1
1354614,2019-12-07,2019-12-28,,135576,846733,3
1354615,2019-12-07,2019-12-28,,135603,94197,3
1354616,2019-12-07,2019-12-28,,135685,154779,3
1354617,2019-12-07,2019-12-28,2019-12-20,135753,348503,1
1354618,2019-12-07,2019-12-28,2019-12-30,135930,129757,1
1354619,2019-12-07,2019-12-28,,135930,315228,3
1354620,2019-12-07,2019-12-28,,136036,733554,3
1354621,2019-12-07,2019-12-28,,136260,98235,3
1354622,2019-12-07,2019-12-28,,136379,698831,3
1354623,2019-12-07,2019-12-28,,136618,463347,3
1354624,2019-12-07,2019-12-28,,136685,919872,3
1354625,2019-12-07,2019-12-28,2019-12-29,137127,610241,1
1354626,2019-12-07,2019-12-28,,137140,438079,3
1354627,2019-12-07,2019-12-28,,137315,122631,3
1354628,2019-12-07,2019-12-28,,137414,199404,3
1354629,2019-12-07,2019-12-28,,137414,586802,3
1354630,2019-12-07,2019-12-28,,137414,774209,3
1354631,2019-12-07,2019-12-28,,137605,658145,3
1354632,2019-12-07,2019-12-28,,138010,903877,3
1354633,2019-12-07,2019-12-28,,138076,116406,3
1354634,2019-12-07,2019-12-28,,138076,151480,3
1354635,2019-12-07,2019-12-28,,138076,165214,3
1354636,2019-12-07,2019-12-28,,138076,906844,3
1354637,2019-12-07,2019-12-28,2019-12-20,138225,912050,1
1354638,2019-12-07,2019-12-28,,138321,791753,3
1354639,2019-12-07,2019-12-28,,138412,372650,3
1354640,2019-12-07,2019-12-28,,138587,186380,3
1354641,2019-12-07,2019-12-28,,138587,836833,3
1354642,2019-12-07,2019-12-28,2019-12-31,138644,849752,1
1354643,2019-12-07,2019-12-28,,139191,622697,3
1354644,2019-12-07,2019-12-28,,139193,777538,3
1354645,2019-12-07,2019-12-28,,139209,661668,3
1354646,2019-12-07,2019-12-28,,139243,50558,3
1354647,2019-12-07,2019-12-28,,139332,499127,3
1354648,2019-12-07,2019-12-28,,139709,626977,3
1354649,2019-12-07,2019-12-28,,139748,722402,3
1354650,2019-12-07,2019-12-28,,139756,114646,3
1354651,2019-12-07,2019-12-28,2019-12-20,139756,430538,1
1354652,2019-12-07,2019-12-28,,139813,903362,3
1354653,2019-12-07,2019-12-28,2019-12-27,140037,8792,1
1354654,2019-12-07,2019-12-28,2019-12-29,140037,764340,1
1354655,2019-12-07,2019-12-28,,140348,889418,3
1354656,2019-12-07,2019-12-28,,140366,468935,3
1354657,2019-12-07,2019-12-28,,140408,430080,3
1354658,2019-12-07,2019-12-28,,140764,374674,3
1354659,2019-12-07,2019-12-28,,140766,380510,3
1354660,2019-12-07,2019-12-28,2019-12-19,140777,713603,1
1354661,2019-12-07,2019-12-28,,141026,939121,3
1354662,2019-12-07,2019-12-28,,141080,184257,3
1354663,2019-12-07,2019-12-28,,141147,899066,3
1354664,2019-12-07,2019-12-28,2019-12-30,141197,856013,1
1354665,2019-12-07,2019-12-28,,141277,211666,3
1354666,2019-12-07,2019-12-28,,141308,427670,3
1354667,2019-12-07,2019-12-28,,141308,693301,3
1354668,2019-12-07,2019-12-28,2019-12-19,141426,199727,1
1354669,2019-12-07,2019-12-28,2019-12-22,141426,245818,1
1354670,2019-12-07,2019-12-28,,141426,795184,3
1354671,2019-12-07,2019-12-28,,141444,297322,3
1354672,2019-12-07,2019-12-28,,141452,860342,3
1354673,2019-12-07,2019-12-28,2019-12-19,141541,927241,1
1354674,2019-12-07,2019-12-28,2019-12-29,141607,793815,1
1354675,2019-12-07,2019-12-28,,141620,76324,3
1354676,2019-12-07,2019-12-28,,141620,791617,3
1354677,2019-12-07,2019-12-28,,141636,109243,3
1354678,2019-12-07,2019-12-28,,141641,207703,3
1354679,2019-12-07,2019-12-28,2019-12-24,141641,877650,1
1354680,2019-12-07,2019-12-28,,141768,509246,3
1354681,2019-12-07,2019-12-28,,141856,797514,3
1354682,2019-12-07,2019-12-28,,141977,284786,3
1354683,2019-12-07,2019-12-28,2019-12-30,141988,71176,1
1354684,2019-12-07,2019-12-28,2019-12-26,141988,887793,1
1354685,2019-12-07,2019-12-28,,142062,803778,3
1354686,2019-12-07,2019-12-28,,142256,175373,3
1354687,2019-12-07,2019-12-28,,142276,482473,3
1354688,2019-12-07,2019-12-28,,142331,490810,3
1354689,2019-12-07,2019-12-28,,142334,90497,3
1354690,2019-12-07,2019-12-28,,142334,379353,3
1354691,2019-12-07,2019-12-28,,142334,705303,3
1354692,2019-12-07,2019-12-28,,142334,802667,3
1354693,2019-12-07,2019-12-28,,142334,864807,3
1354694,2019-12-07,2019-12-28,,142359,256866,3
1354695,2019-12-07,2019-12-28,,142431,598294,3
1354696,2019-12-07,2019-12-28,,142574,15460,3
1354697,2019-12-07,2019-12-28,2019-12-23,142574,850891,1
1354698,2019-12-07,2019-12-28,,142613,195184,3
1354699,2019-12-07,2019-12-28,2019-12-28,142646,150692,1
1354700,2019-12-07,2019-12-28,2019-12-31,142857,177911,1
1354701,2019-12-07,2019-12-28,,142971,385113,3
1354702,2019-12-07,2019-12-28,,143076,890571,3
1354703,2019-12-07,2019-12-28,2019-12-18,143159,600281,1
1354704,2019-12-07,2019-12-28,,143327,543920,3
1354705,2019-12-07,2019-12-28,,143437,121032,3
1354706,2019-12-07,2019-12-28,,143451,723396,3
1354707,2019-12-07,2019-12-28,2019-12-28,143562,881455,1
1354708,2019-12-07,2019-12-28,,143570,879320,3
1354709,2019-12-07,2019-12-28,2019-12-23,143687,903515,1
1354710,2019-12-07,2019-12-28,,143709,314652,3
1354711,2019-12-07,2019-12-28,2019-12-26,143713,947472,1
1354712,2019-12-07,2019-12-28,,143834,586123,3
1354713,2019-12-07,2019-12-28,2019-12-29,143845,23216,1
1354714,2019-12-07,2019-12-28,2019-12-22,143848,861381,1
1354715,2019-12-07,2019-12-28,,143888,245357,3
1354716,2019-12-07,2019-12-28,,143888,878903,3
1354717,2019-12-07,2019-12-28,2019-12-31,143911,154652,1
1354718,2019-12-07,2019-12-28,2019-12-24,144009,803381,1
1354719,2019-12-07,2019-12-28,,144082,323530,3
1354720,2019-12-07,2019-12-28,,144082,435818,3
1354721,2019-12-07,2019-12-28,,144082,607094,3
1354722,2019-12-07,2019-12-28,,144082,625212,3
1354723,2019-12-07,2019-12-28,,144082,929407,3
1354724,2019-12-07,2019-12-28,,144225,498087,3
1354725,2019-12-07,2019-12-28,,144336,26489,3
1354726,2019-12-07,2019-12-28,2019-12-30,144336,131167,1
1354727,2019-12-07,2019-12-28,2019-12-26,144336,770057,1
1354728,2019-12-07,2019-12-28,2019-12-22,144529,332188,1
1354729,2019-12-07,2019-12-28,2019-12-22,144831,858799,1
1354730,2019-12-07,2019-12-28,,144833,363577,3
1354731,2019-12-07,2019-12-28,2019-12-21,145680,387884,1
1354732,2019-12-07,2019-12-28,,145733,7864,3
1354733,2019-12-07,2019-12-28,,145786,872976,3
1354734,2019-12-07,2019-12-28,,145867,54217,3
1354735,2019-12-07,2019-12-28,2019-12-22,146058,220966,1
1354736,2019-12-07,2019-12-28,,146294,279445,3
1354737,2019-12-07,2019-12-28,2019-12-24,146730,807324,1
1354738,2019-12-07,2019-12-28,,146800,264914,3
1354739,2019-12-07,2019-12-28,,146800,297702,3
1354740,2019-12-07,2019-12-28,,146800,359159,3
1354741,2019-12-07,2019-12-28,,146800,525815,3
1354742,2019-12-07,2019-12-28,,146800,642029,3
1354743,2019-12-07,2019-12-28,,146807,603246,3
1354744,2019-12-07,2019-12-28,,146807,604951,3
1354745,2019-12-07,2019-12-28,,147070,509203,3
1354746,2019-12-07,2019-12-28,,147096,453842,3
1354747,2019-12-07,2019-12-28,,147096,627908,3
1354748,2019-12-07,2019-12-28,,147159,456404,3
1354749,2019-12-07,2019-12-28,2019-12-22,147180,571260,1
1354750,2019-12-07,2019-12-28,2019-12-29,147489,770805,1
1354751,2019-12-07,2019-12-28,2019-12-26,147541,289805,1
1354752,2019-12-07,2019-12-28,2019-12-20,147598,829749,1
1354753,2019-12-07,2019-12-28,,147636,133927,3
1354754,2019-12-07,2019-12-28,,147951,383068,3
1354755,2019-12-07,2019-12-28,,148225,252236,3
1354756,2019-12-07,2019-12-28,,148359,859027,3
1354757,2019-12-07,2019-12-28,,148496,582,3
1354758,2019-12-07,2019-12-28,,148496,139172,3
1354759,2019-12-07,2019-12-28,,148496,272766,3
1354760,2019-12-07,2019-12-28,,148496,610529,3
1354761,2019-12-07,2019-12-28,,148496,711544,3
1354762,2019-12-07,2019-12-28,,148496,822363,3
1354763,2019-12-07,2019-12-28,,148496,855985,3
1354764,2019-12-07,2019-12-28,,148496,874212,3
1354765,2019-12-07,2019-12-28,,148503,71100,3
1354766,2019-12-07,2019-12-28,2019-12-19,148503,334178,1
1354767,2019-12-07,2019-12-28,,148516,316641,3
1354768,2019-12-07,2019-12-28,2019-12-24,148775,330010,1
1354769,2019-12-07,2019-12-28,2019-12-26,148775,918071,1
1354770,2019-12-07,2019-12-28,,148788,892824,3
1354771,2019-12-07,2019-12-28,2019-12-20,148791,790495,1
1354772,2019-12-07,2019-12-28,,149037,880682,3
1354773,2019-12-07,2019-12-28,,149153,913078,3
1354774,2019-12-07,2019-12-28,,149219,519185,3
1354775,2019-12-07,2019-12-28,,149253,517343,3
1354776,2019-12-07,2019-12-28,,149312,590269,3
1354777,2019-12-07,2019-12-28,,149369,433308,3
1354778,2019-12-07,2019-12-28,,149471,311872,3
1354779,2019-12-07,2019-12-28,,149565,926149,3
1354780,2019-12-07,2019-12-28,,149616,411041,3
1354781,2019-12-07,2019-12-28,2019-12-24,149650,21341,1
1354782,2019-12-07,2019-12-28,2019-12-29,149892,699734,1
1354783,2019-12-07,2019-12-28,2019-12-23,149909,26529,1
1354784,2019-12-07,2019-12-28,,149909,770063,3
1354785,2019-12-07,2019-12-28,2019-12-27,149985,536432,1
1354786,2019-12-07,2019-12-28,2019-12-31,150028,33077,1
1354787,2019-12-07,2019-12-28,2019-12-28,150028,476205,1
1354788,2019-12-07,2019-12-28,2019-12-28,150028,765913,1
1354789,2019-12-07,2019-12-28,,150059,287930,3
1354790,2019-12-07,2019-12-28,2019-12-24,150069,495640,1
1354791,2019-12-07,2019-12-28,,150137,623387,3
1354792,2019-12-07,2019-12-28,2019-12-25,150245,211198,1
1354793,2019-12-07,2019-12-28,2019-12-25,150549,742313,1
1354794,2019-12-07,2019-12-28,,150557,104343,3
1354795,2019-12-07,2019-12-28,2019-12-31,150618,877952,1
1354796,2019-12-07,2019-12-28,,150644,146450,3
1354797,2019-12-07,2019-12-28,,150925,262929,3
1354798,2019-12-07,2019-12-28,,151084,82695,3
1354799,2019-12-07,2019-12-28,,151084,193719,3
1354800,2019-12-07,2019-12-28,,151180,473921,3
1354801,2019-12-07,2019-12-28,,151251,382854,3
1354802,2019-12-07,2019-12-28,2019-12-21,151325,660383,1
1354803,2019-12-07,2019-12-28,,151686,797771,3
1354804,2019-12-07,2019-12-28,,151880,622187,3
1354805,2019-12-07,2019-12-28,2019-12-30,151933,131139,1
1354806,2019-12-07,2019-12-28,,151954,636567,3
1354807,2019-12-07,2019-12-28,,152070,563634,3
1354808,2019-12-07,2019-12-28,,152127,309901,3
1354809,2019-12-07,2019-12-28,,152127,516103,3
1354810,2019-12-07,2019-12-28,,152157,162238,3
1354811,2019-12-07,2019-12-28,2019-12-20,152290,171656,1
1354812,2019-12-07,2019-12-28,,152358,181880,3
1354813,2019-12-07,2019-12-28,,152508,589845,3
1354814,2019-12-07,2019-12-28,,152590,655013,3
1354815,2019-12-07,2019-12-28,2019-12-24,152668,492511,1
1354816,2019-12-07,2019-12-28,2019-12-22,152698,379570,1
1354817,2019-12-07,2019-12-28,,153155,698935,3
1354818,2019-12-07,2019-12-28,,153232,631716,3
1354819,2019-12-07,2019-12-28,2019-12-22,153243,442951,1
1354820,2019-12-07,2019-12-28,,153336,104344,3
1354821,2019-12-07,2019-12-28,,153429,529915,3
1354822,2019-12-07,2019-12-28,2019-12-27,153680,516950,1
1354823,2019-12-07,2019-12-28,2019-12-19,153819,939004,1
1354824,2019-12-07,2019-12-28,,154048,827759,3
1354825,2019-12-07,2019-12-28,,154247,924041,3
1354826,2019-12-07,2019-12-28,,154254,545651,3
1354827,2019-12-07,2019-12-28,,154457,56308,3
1354828,2019-12-07,2019-12-28,,154526,453843,3
1354829,2019-12-07,2019-12-28,2019-12-17,154563,238053,1
1354830,2019-12-07,2019-12-28,2019-12-29,154563,508462,1
1354831,2019-12-07,2019-12-28,2019-12-30,154657,310523,1
1354832,2019-12-07,2019-12-28,,154697,873466,3
1354833,2019-12-07,2019-12-28,,154740,789181,3
1354834,2019-12-07,2019-12-28,,154902,258102,3
1354835,2019-12-07,2019-12-28,2019-12-23,154902,535341,1
1354836,2019-12-07,2019-12-28,,155094,612312,3
1354837,2019-12-07,2019-12-28,,155478,391843,3
1354838,2019-12-07,2019-12-28,,155515,550476,3
1354839,2019-12-07,2019-12-28,,155530,35713,3
1354840,2019-12-07,2019-12-28,,155541,758051,3
1354841,2019-12-07,2019-12-28,,155542,617602,3
1354842,2019-12-07,2019-12-28,,155742,737877,3
1354843,2019-12-07,2019-12-28,2019-12-27,156011,142670,1
1354844,2019-12-07,2019-12-28,,156287,845668,3
1354845,2019-12-07,2019-12-28,2019-12-22,156327,843996,1
1354846,2019-12-07,2019-12-28,2019-12-24,156413,501710,1
1354847,2019-12-07,2019-12-28,,156456,50729,3
1354848,2019-12-07,2019-12-28,,156621,79474,3
1354849,2019-12-07,2019-12-28,2019-12-17,156621,140312,1
1354850,2019-12-07,2019-12-28,,156985,744127,3
1354851,2019-12-07,2019-12-28,2019-12-22,157317,418901,1
1354852,2019-12-07,2019-12-28,2019-12-20,157317,800148,1
1354853,2019-12-07,2019-12-28,2019-12-25,157317,832800,1
1354854,2019-12-07,2019-12-28,2019-12-28,157317,896207,1
1354855,2019-12-07,2019-12-28,,157725,385100,3
1354856,2019-12-07,2019-12-28,,157922,309501,3
1354857,2019-12-07,2019-12-28,2019-12-28,158014,155000,1
1354858,2019-12-07,2019-12-28,,158090,560344,3
1354859,2019-12-07,2019-12-28,,158120,273976,3
1354860,2019-12-07,2019-12-28,,158174,352927,3
1354861,2019-12-07,2019-12-28,,158361,463479,3
1354862,2019-12-07,2019-12-28,,158564,432310,3
1354863,2019-12-07,2019-12-28,,158564,513794,3
1354864,2019-12-07,2019-12-28,,158579,5878,3
1354865,2019-12-07,2019-12-28,2019-12-23,158666,534214,1
1354866,2019-12-07,2019-12-28,2019-12-29,158702,26539,1
1354867,2019-12-07,2019-12-28,2019-12-25,158702,872871,1
1354868,2019-12-07,2019-12-28,2019-12-25,158838,604821,1
1354869,2019-12-07,2019-12-28,,158840,288982,3
1354870,2019-12-07,2019-12-28,,158906,897518,3
1354871,2019-12-07,2019-12-28,,159051,443706,3
1354872,2019-12-07,2019-12-28,,159141,5939,3
1354873,2019-12-07,2019-12-28,,159168,35141,3
1354874,2019-12-07,2019-12-28,,159168,391678,3
1354875,2019-12-07,2019-12-28,,159168,420679,3
1354876,2019-12-07,2019-12-28,,159168,613741,3
1354877,2019-12-07,2019-12-28,,159168,635707,3
1354878,2019-12-07,2019-12-28,,159168,916577,3
1354879,2019-12-07,2019-12-28,,159236,81425,3
1354880,2019-12-07,2019-12-28,,159236,222852,3
1354881,2019-12-07,2019-12-28,,159364,661216,3
1354882,2019-12-07,2019-12-28,,159369,347179,3
1354883,2019-12-07,2019-12-28,2019-12-25,159369,474191,1
1354884,2019-12-07,2019-12-28,,159369,591108,3
1354885,2019-12-07,2019-12-28,,159369,780466,3
1354886,2019-12-07,2019-12-28,,159369,878030,3
1354887,2019-12-07,2019-12-28,,159477,478744,3
1354888,2019-12-08,2019-12-29,,51,444235,3
1354889,2019-12-08,2019-12-29,,78,268300,3
1354890,2019-12-08,2019-12-29,,160,140532,3
1354891,2019-12-08,2019-12-29,,160,633662,3
1354892,2019-12-08,2019-12-29,,356,806491,3
1354893,2019-12-08,2019-12-29,,558,465845,3
1354894,2019-12-08,2019-12-29,2019-12-19,698,25603,1
1354895,2019-12-08,2019-12-29,,698,746441,3
1354896,2019-12-08,2019-12-29,,1026,133451,3
1354897,2019-12-08,2019-12-29,,1077,442582,3
1354898,2019-12-08,2019-12-29,,1081,731914,3
1354899,2019-12-08,2019-12-29,,1123,699899,3
1354900,2019-12-08,2019-12-29,2019-12-27,1220,530726,1
1354901,2019-12-08,2019-12-29,,1358,787004,3
1354902,2019-12-08,2019-12-29,2019-12-26,1358,866220,1
1354903,2019-12-08,2019-12-29,,1474,713168,3
1354904,2019-12-08,2019-12-29,,1507,212579,3
1354905,2019-12-08,2019-12-29,2019-12-24,1516,696054,1
1354906,2019-12-08,2019-12-29,,1518,104345,3
1354907,2019-12-08,2019-12-29,,1553,928314,3
1354908,2019-12-08,2019-12-29,,1663,622530,3
1354909,2019-12-08,2019-12-29,,1750,607492,3
1354910,2019-12-08,2019-12-29,2019-12-25,1930,76645,1
1354911,2019-12-08,2019-12-29,,2313,629203,3
1354912,2019-12-08,2019-12-29,,2364,617191,3
1354913,2019-12-08,2019-12-29,2019-12-28,2487,369764,1
1354914,2019-12-08,2019-12-29,,2597,570381,3
1354915,2019-12-08,2019-12-29,2019-12-21,2597,665130,1
1354916,2019-12-08,2019-12-29,2019-12-24,2597,829124,1
1354917,2019-12-08,2019-12-29,,2690,899010,3
1354918,2019-12-08,2019-12-29,,2691,604918,3
1354919,2019-12-08,2019-12-29,2019-12-29,2780,514373,1
1354920,2019-12-08,2019-12-29,2019-12-26,2908,269223,1
1354921,2019-12-08,2019-12-29,,2912,307067,3
1354922,2019-12-08,2019-12-29,,3081,290159,3
1354923,2019-12-08,2019-12-29,,3381,205980,3
1354924,2019-12-08,2019-12-29,2019-12-30,3563,466371,1
1354925,2019-12-08,2019-12-29,,3676,621680,3
1354926,2019-12-08,2019-12-29,,3676,698832,3
1354927,2019-12-08,2019-12-29,,3839,188286,3
1354928,2019-12-08,2019-12-29,,4074,59374,3
1354929,2019-12-08,2019-12-29,,4074,458733,3
1354930,2019-12-08,2019-12-29,,4074,709949,3
1354931,2019-12-08,2019-12-29,,4206,108130,3
1354932,2019-12-08,2019-12-29,2019-12-23,4317,19769,1
1354933,2019-12-08,2019-12-29,,4428,900745,3
1354934,2019-12-08,2019-12-29,,4646,169980,3
1354935,2019-12-08,2019-12-29,2019-12-26,4646,341492,1
1354936,2019-12-08,2019-12-29,,4836,370135,3
1354937,2019-12-08,2019-12-29,,4858,288059,3
1354938,2019-12-08,2019-12-29,,4858,713836,3
1354939,2019-12-08,2019-12-29,,4858,823796,3
1354940,2019-12-08,2019-12-29,,4866,948215,3
1354941,2019-12-08,2019-12-29,,4917,78328,3
1354942,2019-12-08,2019-12-29,,4917,681586,3
1354943,2019-12-08,2019-12-29,2019-12-24,4918,557185,1
1354944,2019-12-08,2019-12-29,,5005,711565,3
1354945,2019-12-08,2019-12-29,,5036,382791,3
1354946,2019-12-08,2019-12-29,,5053,467831,3
1354947,2019-12-08,2019-12-29,2019-12-29,5151,275753,1
1354948,2019-12-08,2019-12-29,2019-12-22,5270,665416,1
1354949,2019-12-08,2019-12-29,2019-12-21,5343,578533,1
1354950,2019-12-08,2019-12-29,2019-12-23,5611,248007,1
1354951,2019-12-08,2019-12-29,2019-12-22,5707,648859,1
1354952,2019-12-08,2019-12-29,,5768,652172,3
1354953,2019-12-08,2019-12-29,,5896,288445,3
1354954,2019-12-08,2019-12-29,,6006,141041,3
1354955,2019-12-08,2019-12-29,,6211,471730,3
1354956,2019-12-08,2019-12-29,,6257,246996,3
1354957,2019-12-08,2019-12-29,2019-12-29,6360,477811,1
1354958,2019-12-08,2019-12-29,,6401,621232,3
1354959,2019-12-08,2019-12-29,2019-12-25,6467,449645,1
1354960,2019-12-08,2019-12-29,,6468,594726,3
1354961,2019-12-08,2019-12-29,,6536,843236,3
1354962,2019-12-08,2019-12-29,,6707,86754,3
1354963,2019-12-08,2019-12-29,,7065,287416,3
1354964,2019-12-08,2019-12-29,,7176,26626,3
1354965,2019-12-08,2019-12-29,2019-12-19,7226,682946,1
1354966,2019-12-08,2019-12-29,2019-12-22,7226,864791,1
1354967,2019-12-08,2019-12-29,,7454,200490,3
1354968,2019-12-08,2019-12-29,,7831,410048,3
1354969,2019-12-08,2019-12-29,,7831,427053,3
1354970,2019-12-08,2019-12-29,,7831,752533,3
1354971,2019-12-08,2019-12-29,,7904,752268,3
1354972,2019-12-08,2019-12-29,,8202,845689,3
1354973,2019-12-08,2019-12-29,,8222,38641,3
1354974,2019-12-08,2019-12-29,,8310,403966,3
1354975,2019-12-08,2019-12-29,2019-12-30,8327,844983,1
1354976,2019-12-08,2019-12-29,2019-12-31,8330,215711,1
1354977,2019-12-08,2019-12-29,2019-12-26,8520,510046,1
1354978,2019-12-08,2019-12-29,,8605,875596,3
1354979,2019-12-08,2019-12-29,,8615,511564,3
1354980,2019-12-08,2019-12-29,,8640,55682,3
1354981,2019-12-08,2019-12-29,,8733,925567,3
1354982,2019-12-08,2019-12-29,,8786,625064,3
1354983,2019-12-08,2019-12-29,2019-12-24,9176,184706,1
1354984,2019-12-08,2019-12-29,,9232,95630,3
1354985,2019-12-08,2019-12-29,2019-12-26,9294,670939,1
1354986,2019-12-08,2019-12-29,,9373,720769,3
1354987,2019-12-08,2019-12-29,,9698,555863,3
1354988,2019-12-08,2019-12-29,,9849,198651,3
1354989,2019-12-08,2019-12-29,,9849,599671,3
1354990,2019-12-08,2019-12-29,,9930,166153,3
1354991,2019-12-08,2019-12-29,,9960,434014,3
1354992,2019-12-08,2019-12-29,,9971,955760,3
1354993,2019-12-08,2019-12-29,,10028,353168,3
1354994,2019-12-08,2019-12-29,,10128,120628,3
1354995,2019-12-08,2019-12-29,2019-12-23,10183,923971,1
1354996,2019-12-08,2019-12-29,2019-12-26,10220,604960,1
1354997,2019-12-08,2019-12-29,2019-12-21,10399,349705,1
1354998,2019-12-08,2019-12-29,,10432,601928,3
1354999,2019-12-08,2019-12-29,,10432,605797,3
1355000,2019-12-08,2019-12-29,,10639,49063,3
1355001,2019-12-08,2019-12-29,,10969,228976,3
1355002,2019-12-08,2019-12-29,,10975,348481,3
1355003,2019-12-08,2019-12-29,,10986,352371,3
1355004,2019-12-08,2019-12-29,,11213,806593,3
1355005,2019-12-08,2019-12-29,,11373,704903,3
1355006,2019-12-08,2019-12-29,,11525,446089,3
1355007,2019-12-08,2019-12-29,2019-12-19,11854,327227,1
1355008,2019-12-08,2019-12-29,2019-12-19,11854,899691,1
1355009,2019-12-08,2019-12-29,,12015,359014,3
1355010,2019-12-08,2019-12-29,,12015,429255,3
1355011,2019-12-08,2019-12-29,,12015,559843,3
1355012,2019-12-08,2019-12-29,,12015,882584,3
1355013,2019-12-08,2019-12-29,,12015,906845,3
1355014,2019-12-08,2019-12-29,,12255,845024,3
1355015,2019-12-08,2019-12-29,,12622,725823,3
1355016,2019-12-08,2019-12-29,2019-12-26,12846,630152,1
1355017,2019-12-08,2019-12-29,2019-12-22,12931,456533,1
1355018,2019-12-08,2019-12-29,,13215,452255,3
1355019,2019-12-08,2019-12-29,,13340,502254,3
1355020,2019-12-08,2019-12-29,,13441,387007,3
1355021,2019-12-08,2019-12-29,,13707,15656,3
1355022,2019-12-08,2019-12-29,2019-12-18,13839,49531,1
1355023,2019-12-08,2019-12-29,,13839,400212,3
1355024,2019-12-08,2019-12-29,,13839,697987,3
1355025,2019-12-08,2019-12-29,,13851,820243,3
1355026,2019-12-08,2019-12-29,,13853,124378,3
1355027,2019-12-08,2019-12-29,2019-12-25,13977,40644,1
1355028,2019-12-08,2019-12-29,,13992,326564,3
1355029,2019-12-08,2019-12-29,,14161,83357,3
1355030,2019-12-08,2019-12-29,2019-12-27,14325,162507,1
1355031,2019-12-08,2019-12-29,2019-12-24,14325,918568,1
1355032,2019-12-08,2019-12-29,,14681,130853,3
1355033,2019-12-08,2019-12-29,,14766,539708,3
1355034,2019-12-08,2019-12-29,2019-12-28,14766,936160,1
1355035,2019-12-08,2019-12-29,,14825,800930,3
1355036,2019-12-08,2019-12-29,,14867,777389,3
1355037,2019-12-08,2019-12-29,,14912,690244,3
1355038,2019-12-08,2019-12-29,2019-12-23,15033,651706,1
1355039,2019-12-08,2019-12-29,2019-12-29,15096,568811,1
1355040,2019-12-08,2019-12-29,,15212,104435,3
1355041,2019-12-08,2019-12-29,,15266,144540,3
1355042,2019-12-08,2019-12-29,,15339,149985,3
1355043,2019-12-08,2019-12-29,,15474,368644,3
1355044,2019-12-08,2019-12-29,2019-12-25,15634,46311,1
1355045,2019-12-08,2019-12-29,,15732,644399,3
1355046,2019-12-08,2019-12-29,2019-12-28,15770,659637,1
1355047,2019-12-08,2019-12-29,,15950,34694,3
1355048,2019-12-08,2019-12-29,2019-12-27,16019,727271,1
1355049,2019-12-08,2019-12-29,,16085,193045,3
1355050,2019-12-08,2019-12-29,,16135,909284,3
1355051,2019-12-08,2019-12-29,,16145,150051,3
1355052,2019-12-08,2019-12-29,,16244,26765,3
1355053,2019-12-08,2019-12-29,2019-12-29,16274,422005,1
1355054,2019-12-08,2019-12-29,,16326,897403,3
1355055,2019-12-08,2019-12-29,2019-12-21,16348,184123,1
1355056,2019-12-08,2019-12-29,,16348,396734,3
1355057,2019-12-08,2019-12-29,,16536,809266,3
1355058,2019-12-08,2019-12-29,,16621,947419,3
1355059,2019-12-08,2019-12-29,,16714,320721,3
1355060,2019-12-08,2019-12-29,,16730,306400,3
1355061,2019-12-08,2019-12-29,,16750,872887,3
1355062,2019-12-08,2019-12-29,,16900,48206,3
1355063,2019-12-08,2019-12-29,2019-12-29,16967,672299,1
1355064,2019-12-08,2019-12-29,,17009,719959,3
1355065,2019-12-08,2019-12-29,,17064,886251,3
1355066,2019-12-08,2019-12-29,,17128,809,3
1355067,2019-12-08,2019-12-29,,17176,936197,3
1355068,2019-12-08,2019-12-29,,17177,295038,3
1355069,2019-12-08,2019-12-29,,17177,484179,3
1355070,2019-12-08,2019-12-29,,17179,834093,3
1355071,2019-12-08,2019-12-29,,17277,768980,3
1355072,2019-12-08,2019-12-29,2019-12-26,17277,775518,1
1355073,2019-12-08,2019-12-29,,17335,57350,3
1355074,2019-12-08,2019-12-29,,17590,848732,3
1355075,2019-12-08,2019-12-29,2019-12-18,17619,947473,1
1355076,2019-12-08,2019-12-29,,17815,315831,3
1355077,2019-12-08,2019-12-29,,18086,194124,3
1355078,2019-12-08,2019-12-29,,18086,207438,3
1355079,2019-12-08,2019-12-29,,18086,310515,3
1355080,2019-12-08,2019-12-29,,18086,398500,3
1355081,2019-12-08,2019-12-29,2019-12-24,18145,166154,1
1355082,2019-12-08,2019-12-29,,18146,134798,3
1355083,2019-12-08,2019-12-29,,18211,693729,3
1355084,2019-12-08,2019-12-29,,18446,640751,3
1355085,2019-12-08,2019-12-29,2019-12-25,18447,66753,1
1355086,2019-12-08,2019-12-29,2019-12-22,18447,71950,1
1355087,2019-12-08,2019-12-29,2019-12-30,18447,225675,1
1355088,2019-12-08,2019-12-29,2019-12-30,18447,322888,1
1355089,2019-12-08,2019-12-29,2019-12-19,18447,608617,1
1355090,2019-12-08,2019-12-29,2019-12-28,18447,705634,1
1355091,2019-12-08,2019-12-29,,18524,488122,3
1355092,2019-12-08,2019-12-29,,18604,415130,3
1355093,2019-12-08,2019-12-29,,18639,451199,3
1355094,2019-12-08,2019-12-29,2019-12-23,18704,808797,1
1355095,2019-12-08,2019-12-29,,18817,766787,3
1355096,2019-12-08,2019-12-29,,18899,308639,3
1355097,2019-12-08,2019-12-29,,18899,507211,3
1355098,2019-12-08,2019-12-29,,18899,535783,3
1355099,2019-12-08,2019-12-29,,18899,658458,3
1355100,2019-12-08,2019-12-29,,18899,676591,3
1355101,2019-12-08,2019-12-29,,18899,698684,3
1355102,2019-12-08,2019-12-29,2019-12-22,18899,802668,1
1355103,2019-12-08,2019-12-29,,18899,912669,3
1355104,2019-12-08,2019-12-29,2019-12-20,18983,88669,1
1355105,2019-12-08,2019-12-29,,18988,936506,3
1355106,2019-12-08,2019-12-29,,19092,501028,3
1355107,2019-12-08,2019-12-29,,19344,355304,3
1355108,2019-12-08,2019-12-29,2019-12-21,19375,625452,1
1355109,2019-12-08,2019-12-29,,19427,944560,3
1355110,2019-12-08,2019-12-29,,19432,92546,3
1355111,2019-12-08,2019-12-29,2019-12-22,19582,218782,1
1355112,2019-12-08,2019-12-29,2019-12-28,19627,492620,1
1355113,2019-12-08,2019-12-29,,19699,469478,3
1355114,2019-12-08,2019-12-29,,19978,445970,3
1355115,2019-12-08,2019-12-29,,20043,751873,3
1355116,2019-12-08,2019-12-29,,20118,204622,3
1355117,2019-12-08,2019-12-29,2019-12-20,20168,30888,1
1355118,2019-12-08,2019-12-29,,20209,211057,3
1355119,2019-12-08,2019-12-29,,20325,582063,3
1355120,2019-12-08,2019-12-29,2019-12-31,20369,450531,1
1355121,2019-12-08,2019-12-29,,20496,794817,3
1355122,2019-12-08,2019-12-29,2019-12-28,20736,154103,1
1355123,2019-12-08,2019-12-29,,20788,710181,3
1355124,2019-12-08,2019-12-29,,21073,930285,3
1355125,2019-12-08,2019-12-29,,21232,274690,3
1355126,2019-12-08,2019-12-29,,21334,326037,3
1355127,2019-12-08,2019-12-29,,22112,165876,3
1355128,2019-12-08,2019-12-29,2019-12-21,22165,253543,1
1355129,2019-12-08,2019-12-29,2019-12-25,22234,819847,1
1355130,2019-12-08,2019-12-29,,22304,638646,3
1355131,2019-12-08,2019-12-29,2019-12-26,22507,600520,1
1355132,2019-12-08,2019-12-29,2019-12-21,22514,844984,1
1355133,2019-12-08,2019-12-29,,22537,172283,3
1355134,2019-12-08,2019-12-29,,22537,416172,3
1355135,2019-12-08,2019-12-29,2019-12-24,22696,394077,1
1355136,2019-12-08,2019-12-29,,22766,131333,3
1355137,2019-12-08,2019-12-29,,22975,154977,3
1355138,2019-12-08,2019-12-29,,23061,772830,3
1355139,2019-12-08,2019-12-29,,23174,867507,3
1355140,2019-12-08,2019-12-29,,23188,860349,3
1355141,2019-12-08,2019-12-29,,23772,745427,3
1355142,2019-12-08,2019-12-29,,23903,473497,3
1355143,2019-12-08,2019-12-29,,23905,685643,3
1355144,2019-12-08,2019-12-29,,24252,748510,3
1355145,2019-12-08,2019-12-29,,24507,445602,3
1355146,2019-12-08,2019-12-29,,24548,328320,3
1355147,2019-12-08,2019-12-29,,24548,873789,3
1355148,2019-12-08,2019-12-29,,24659,425082,3
1355149,2019-12-08,2019-12-29,2019-12-30,24679,300223,1
1355150,2019-12-08,2019-12-29,,24708,536006,3
1355151,2019-12-08,2019-12-29,2019-12-27,24850,347572,1
1355152,2019-12-08,2019-12-29,2019-12-22,24868,936911,1
1355153,2019-12-08,2019-12-29,,25270,348482,3
1355154,2019-12-08,2019-12-29,,25276,685482,3
1355155,2019-12-08,2019-12-29,2019-12-31,25298,220243,1
1355156,2019-12-08,2019-12-29,,25405,689226,3
1355157,2019-12-08,2019-12-29,2019-12-22,25491,918002,1
1355158,2019-12-08,2019-12-29,,25526,304592,3
1355159,2019-12-08,2019-12-29,,25537,903861,3
1355160,2019-12-08,2019-12-29,2019-12-26,25610,88883,1
1355161,2019-12-08,2019-12-29,,25610,729585,3
1355162,2019-12-08,2019-12-29,2019-12-26,26522,780023,1
1355163,2019-12-08,2019-12-29,,26553,403708,3
1355164,2019-12-08,2019-12-29,2019-12-25,26724,220152,1
1355165,2019-12-08,2019-12-29,,26724,321931,3
1355166,2019-12-08,2019-12-29,2019-12-31,26724,871814,1
1355167,2019-12-08,2019-12-29,,26783,393335,3
1355168,2019-12-08,2019-12-29,,26783,689180,3
1355169,2019-12-08,2019-12-29,,27114,698685,3
1355170,2019-12-08,2019-12-29,,27136,796272,3
1355171,2019-12-08,2019-12-29,,27177,644698,3
1355172,2019-12-08,2019-12-29,,27277,638686,3
1355173,2019-12-08,2019-12-29,,27326,360728,3
1355174,2019-12-08,2019-12-29,,27326,798888,3
1355175,2019-12-08,2019-12-29,,27455,29055,3
1355176,2019-12-08,2019-12-29,,27455,172890,3
1355177,2019-12-08,2019-12-29,,27455,221864,3
1355178,2019-12-08,2019-12-29,,27455,222853,3
1355179,2019-12-08,2019-12-29,,27455,226869,3
1355180,2019-12-08,2019-12-29,,27455,291223,3
1355181,2019-12-08,2019-12-29,,27455,303089,3
1355182,2019-12-08,2019-12-29,,27455,510366,3
1355183,2019-12-08,2019-12-29,2019-12-29,27455,576820,1
1355184,2019-12-08,2019-12-29,,27455,580952,3
1355185,2019-12-08,2019-12-29,2019-12-27,27455,598409,1
1355186,2019-12-08,2019-12-29,,27455,660645,3
1355187,2019-12-08,2019-12-29,,27455,740721,3
1355188,2019-12-08,2019-12-29,,27479,306102,3
1355189,2019-12-08,2019-12-29,,27624,104191,3
1355190,2019-12-08,2019-12-29,2019-12-26,27684,785157,1
1355191,2019-12-08,2019-12-29,,27754,144931,3
1355192,2019-12-08,2019-12-29,2019-12-28,27807,111114,1
1355193,2019-12-08,2019-12-29,2019-12-26,27807,472569,1
1355194,2019-12-08,2019-12-29,,27978,121847,3
1355195,2019-12-08,2019-12-29,,27978,650745,3
1355196,2019-12-08,2019-12-29,2019-12-26,27994,369262,1
1355197,2019-12-08,2019-12-29,2019-12-23,27994,604595,1
1355198,2019-12-08,2019-12-29,,28462,197330,3
1355199,2019-12-08,2019-12-29,,28462,708344,3
1355200,2019-12-08,2019-12-29,2019-12-22,28559,128903,1
1355201,2019-12-08,2019-12-29,,28617,63589,3
1355202,2019-12-08,2019-12-29,,28617,604423,3
1355203,2019-12-08,2019-12-29,,28718,191397,3
1355204,2019-12-08,2019-12-29,,28730,181585,3
1355205,2019-12-08,2019-12-29,,28751,82541,3
1355206,2019-12-08,2019-12-29,,28775,133103,3
1355207,2019-12-08,2019-12-29,,28847,104758,3
1355208,2019-12-08,2019-12-29,,28847,119480,3
1355209,2019-12-08,2019-12-29,,28847,311696,3
1355210,2019-12-08,2019-12-29,2019-12-31,28847,320504,1
1355211,2019-12-08,2019-12-29,,28847,508710,3
1355212,2019-12-08,2019-12-29,,28847,677102,3
1355213,2019-12-08,2019-12-29,2019-12-22,28971,887264,1
1355214,2019-12-08,2019-12-29,2019-12-24,29089,416401,1
1355215,2019-12-08,2019-12-29,,29224,30052,3
1355216,2019-12-08,2019-12-29,,29224,267618,3
1355217,2019-12-08,2019-12-29,,29224,479294,3
1355218,2019-12-08,2019-12-29,2019-12-25,29237,5268,1
1355219,2019-12-08,2019-12-29,2019-12-30,29339,45802,1
1355220,2019-12-08,2019-12-29,,29450,253513,3
1355221,2019-12-08,2019-12-29,2019-12-24,29458,370718,1
1355222,2019-12-08,2019-12-29,,29780,689227,3
1355223,2019-12-08,2019-12-29,,30136,534227,3
1355224,2019-12-08,2019-12-29,,30208,686252,3
1355225,2019-12-08,2019-12-29,2019-12-28,30229,704059,1
1355226,2019-12-08,2019-12-29,,30636,862640,3
1355227,2019-12-08,2019-12-29,,30837,188728,3
1355228,2019-12-08,2019-12-29,2019-12-27,30874,559631,1
1355229,2019-12-08,2019-12-29,,30955,603155,3
1355230,2019-12-08,2019-12-29,,31039,161817,3
1355231,2019-12-08,2019-12-29,2019-12-21,31048,137337,1
1355232,2019-12-08,2019-12-29,2019-12-27,31185,803919,1
1355233,2019-12-08,2019-12-29,2019-12-29,31395,231763,1
1355234,2019-12-08,2019-12-29,2019-12-28,31667,514885,1
1355235,2019-12-08,2019-12-29,2019-12-25,31882,8270,1
1355236,2019-12-08,2019-12-29,,31882,388206,3
1355237,2019-12-08,2019-12-29,,31882,737582,3
1355238,2019-12-08,2019-12-29,,31923,708817,3
1355239,2019-12-08,2019-12-29,2019-12-22,31929,688909,1
1355240,2019-12-08,2019-12-29,,32090,495631,3
1355241,2019-12-08,2019-12-29,,32090,580082,3
1355242,2019-12-08,2019-12-29,,32277,171004,3
1355243,2019-12-08,2019-12-29,,32311,543801,3
1355244,2019-12-08,2019-12-29,,32313,686744,3
1355245,2019-12-08,2019-12-29,2019-12-26,32492,34359,1
1355246,2019-12-08,2019-12-29,2019-12-19,32492,364751,1
1355247,2019-12-08,2019-12-29,2019-12-24,32492,759803,1
1355248,2019-12-08,2019-12-29,2019-12-23,32614,431933,1
1355249,2019-12-08,2019-12-29,,32691,287948,3
1355250,2019-12-08,2019-12-29,,32691,453997,3
1355251,2019-12-08,2019-12-29,2019-12-24,32818,282137,1
1355252,2019-12-08,2019-12-29,,33056,936870,3
1355253,2019-12-08,2019-12-29,,33080,496896,3
1355254,2019-12-08,2019-12-29,,33170,333338,3
1355255,2019-12-08,2019-12-29,2019-12-25,33293,228454,1
1355256,2019-12-08,2019-12-29,,33304,927242,3
1355257,2019-12-08,2019-12-29,,33342,322514,3
1355258,2019-12-08,2019-12-29,,33342,735835,3
1355259,2019-12-08,2019-12-29,,33435,862648,3
1355260,2019-12-08,2019-12-29,,33608,877134,3
1355261,2019-12-08,2019-12-29,,33629,674127,3
1355262,2019-12-08,2019-12-29,2019-12-21,33937,743100,1
1355263,2019-12-08,2019-12-29,,34301,454805,3
1355264,2019-12-08,2019-12-29,,34596,287731,3
1355265,2019-12-08,2019-12-29,,34808,469392,3
1355266,2019-12-08,2019-12-29,,34808,685343,3
1355267,2019-12-08,2019-12-29,2019-12-24,34808,836214,1
1355268,2019-12-08,2019-12-29,2019-12-28,34808,866026,1
1355269,2019-12-08,2019-12-29,2019-12-25,34947,823178,1
1355270,2019-12-08,2019-12-29,,34951,480933,3
1355271,2019-12-08,2019-12-29,2019-12-19,35027,335887,1
1355272,2019-12-08,2019-12-29,,35133,34643,3
1355273,2019-12-08,2019-12-29,,35134,845052,3
1355274,2019-12-08,2019-12-29,,35309,565994,3
1355275,2019-12-08,2019-12-29,,35326,699266,3
1355276,2019-12-08,2019-12-29,,35449,441823,3
1355277,2019-12-08,2019-12-29,,35474,908241,3
1355278,2019-12-08,2019-12-29,2019-12-20,35781,264952,1
1355279,2019-12-08,2019-12-29,,35781,819892,3
1355280,2019-12-08,2019-12-29,,36304,542095,3
1355281,2019-12-08,2019-12-29,,36560,802723,3
1355282,2019-12-08,2019-12-29,,36606,614751,3
1355283,2019-12-08,2019-12-29,,36935,264098,3
1355284,2019-12-08,2019-12-29,,36973,312463,3
1355285,2019-12-08,2019-12-29,,36992,388787,3
1355286,2019-12-08,2019-12-29,,37035,360913,3
1355287,2019-12-08,2019-12-29,,37070,64932,3
1355288,2019-12-08,2019-12-29,,37158,819848,3
1355289,2019-12-08,2019-12-29,,37611,765801,3
1355290,2019-12-08,2019-12-29,2019-12-24,37989,876575,1
1355291,2019-12-08,2019-12-29,,38148,94733,3
1355292,2019-12-08,2019-12-29,,38261,12891,3
1355293,2019-12-08,2019-12-29,,38306,228224,3
1355294,2019-12-08,2019-12-29,,38331,457650,3
1355295,2019-12-08,2019-12-29,,38430,685644,3
1355296,2019-12-08,2019-12-29,,38493,109170,3
1355297,2019-12-08,2019-12-29,,38753,182149,3
1355298,2019-12-08,2019-12-29,2019-12-21,38805,582726,1
1355299,2019-12-08,2019-12-29,,38815,646453,3
1355300,2019-12-08,2019-12-29,,38834,693333,3
1355301,2019-12-08,2019-12-29,,38874,272287,3
1355302,2019-12-08,2019-12-29,2019-12-27,38875,322887,1
1355303,2019-12-08,2019-12-29,,38882,265224,3
1355304,2019-12-08,2019-12-29,2019-12-29,38927,529199,1
1355305,2019-12-08,2019-12-29,,38931,752028,3
1355306,2019-12-08,2019-12-29,2019-12-26,38954,583581,1
1355307,2019-12-08,2019-12-29,,38996,369356,3
1355308,2019-12-08,2019-12-29,2019-12-20,38996,685645,1
1355309,2019-12-08,2019-12-29,,39370,288316,3
1355310,2019-12-08,2019-12-29,2019-12-19,39630,66097,1
1355311,2019-12-08,2019-12-29,,39739,953032,3
1355312,2019-12-08,2019-12-29,2019-12-28,39857,160868,1
1355313,2019-12-08,2019-12-29,,39880,617340,3
1355314,2019-12-08,2019-12-29,,39916,749823,3
1355315,2019-12-08,2019-12-29,,40151,880634,3
1355316,2019-12-08,2019-12-29,,40176,846965,3
1355317,2019-12-08,2019-12-29,,40207,768962,3
1355318,2019-12-08,2019-12-29,,40251,686745,3
1355319,2019-12-08,2019-12-29,2019-12-23,40289,361521,1
1355320,2019-12-08,2019-12-29,,40343,465846,3
1355321,2019-12-08,2019-12-29,,40459,630230,3
1355322,2019-12-08,2019-12-29,,40551,674113,3
1355323,2019-12-08,2019-12-29,2019-12-30,40619,917647,1
1355324,2019-12-08,2019-12-29,2019-12-20,40625,3841,1
1355325,2019-12-08,2019-12-29,,40712,883485,3
1355326,2019-12-08,2019-12-29,2019-12-25,40908,670932,1
1355327,2019-12-08,2019-12-29,,40908,745859,3
1355328,2019-12-08,2019-12-29,,40995,384114,3
1355329,2019-12-08,2019-12-29,,40995,850291,3
1355330,2019-12-08,2019-12-29,,41300,772803,3
1355331,2019-12-08,2019-12-29,,41300,844903,3
1355332,2019-12-08,2019-12-29,,41791,498301,3
1355333,2019-12-08,2019-12-29,,42228,863634,3
1355334,2019-12-08,2019-12-29,2019-12-22,42228,891864,1
1355335,2019-12-08,2019-12-29,,43071,372424,3
1355336,2019-12-08,2019-12-29,2019-12-28,43376,523,1
1355337,2019-12-08,2019-12-29,,43570,373845,3
1355338,2019-12-08,2019-12-29,,43570,436563,3
1355339,2019-12-08,2019-12-29,,43615,47,3
1355340,2019-12-08,2019-12-29,,43615,45017,3
1355341,2019-12-08,2019-12-29,,43876,668558,3
1355342,2019-12-08,2019-12-29,,43930,681717,3
1355343,2019-12-08,2019-12-29,,44401,287743,3
1355344,2019-12-08,2019-12-29,,44497,660816,3
1355345,2019-12-08,2019-12-29,,44510,334517,3
1355346,2019-12-08,2019-12-29,,44784,678418,3
1355347,2019-12-08,2019-12-29,,44812,380732,3
1355348,2019-12-08,2019-12-29,,44812,478295,3
1355349,2019-12-08,2019-12-29,,44860,391379,3
1355350,2019-12-08,2019-12-29,2019-12-21,44904,90820,1
1355351,2019-12-08,2019-12-29,,45177,525270,3
1355352,2019-12-08,2019-12-29,,45259,214788,3
1355353,2019-12-08,2019-12-29,,45434,210619,3
1355354,2019-12-08,2019-12-29,,45559,96468,3
1355355,2019-12-08,2019-12-29,,45559,604953,3
1355356,2019-12-08,2019-12-29,,45977,432925,3
1355357,2019-12-08,2019-12-29,,46125,619724,3
1355358,2019-12-08,2019-12-29,,46125,654332,3
1355359,2019-12-08,2019-12-29,2019-12-22,46125,713909,1
1355360,2019-12-08,2019-12-29,2019-12-25,46125,901158,1
1355361,2019-12-08,2019-12-29,2019-12-23,46150,220734,1
1355362,2019-12-08,2019-12-29,,46528,600742,3
1355363,2019-12-08,2019-12-29,2019-12-24,46567,590272,1
1355364,2019-12-08,2019-12-29,,46567,737527,3
1355365,2019-12-08,2019-12-29,,46567,877328,3
1355366,2019-12-08,2019-12-29,,46639,132134,3
1355367,2019-12-08,2019-12-29,,46791,240111,3
1355368,2019-12-08,2019-12-29,2019-12-26,46791,465342,1
1355369,2019-12-08,2019-12-29,2019-12-28,46791,476068,1
1355370,2019-12-08,2019-12-29,2019-12-21,46791,728775,1
1355371,2019-12-08,2019-12-29,2019-12-22,46791,877749,1
1355372,2019-12-08,2019-12-29,,46942,562950,3
1355373,2019-12-08,2019-12-29,,47212,687554,3
1355374,2019-12-08,2019-12-29,,47239,367487,3
1355375,2019-12-08,2019-12-29,,47340,446660,3
1355376,2019-12-08,2019-12-29,,47449,33289,3
1355377,2019-12-08,2019-12-29,,47498,698686,3
1355378,2019-12-08,2019-12-29,2019-12-25,47513,59988,1
1355379,2019-12-08,2019-12-29,,47513,331214,3
1355380,2019-12-08,2019-12-29,2019-12-23,47513,583196,1
1355381,2019-12-08,2019-12-29,,47659,542809,3
1355382,2019-12-08,2019-12-29,2019-12-23,47747,651735,1
1355383,2019-12-08,2019-12-29,2019-12-31,47747,741846,1
1355384,2019-12-08,2019-12-29,2019-12-28,47747,903828,1
1355385,2019-12-08,2019-12-29,2019-12-26,47758,80064,1
1355386,2019-12-08,2019-12-29,2019-12-26,47758,159026,1
1355387,2019-12-08,2019-12-29,2019-12-31,47758,804027,1
1355388,2019-12-08,2019-12-29,2019-12-21,47765,616860,1
1355389,2019-12-08,2019-12-29,,48146,709140,3
1355390,2019-12-08,2019-12-29,,48277,35575,3
1355391,2019-12-08,2019-12-29,,48286,297133,3
1355392,2019-12-08,2019-12-29,,48286,506178,3
1355393,2019-12-08,2019-12-29,,48337,597653,3
1355394,2019-12-08,2019-12-29,2019-12-23,48411,668559,1
1355395,2019-12-08,2019-12-29,,48525,170249,3
1355396,2019-12-08,2019-12-29,,48525,376720,3
1355397,2019-12-08,2019-12-29,,48525,404194,3
1355398,2019-12-08,2019-12-29,,48525,405065,3
1355399,2019-12-08,2019-12-29,,48525,792337,3
1355400,2019-12-08,2019-12-29,,48525,859552,3
1355401,2019-12-08,2019-12-29,,48525,925150,3
1355402,2019-12-08,2019-12-29,,48586,284932,3
1355403,2019-12-08,2019-12-29,,48586,405349,3
1355404,2019-12-08,2019-12-29,,48586,453907,3
1355405,2019-12-08,2019-12-29,,48586,628504,3
1355406,2019-12-08,2019-12-29,,48722,813243,3
1355407,2019-12-08,2019-12-29,2019-12-25,48771,386627,1
1355408,2019-12-08,2019-12-29,2019-12-21,48881,6546,1
1355409,2019-12-08,2019-12-29,2019-12-26,48881,16096,1
1355410,2019-12-08,2019-12-29,2019-12-26,48881,18198,1
1355411,2019-12-08,2019-12-29,2019-12-21,48881,23471,1
1355412,2019-12-08,2019-12-29,,48881,33468,3
1355413,2019-12-08,2019-12-29,,48881,34826,3
1355414,2019-12-08,2019-12-29,,48881,46061,3
1355415,2019-12-08,2019-12-29,2019-12-26,48881,49821,1
1355416,2019-12-08,2019-12-29,2019-12-22,48881,58132,1
1355417,2019-12-08,2019-12-29,2019-12-28,48881,64516,1
1355418,2019-12-08,2019-12-29,2019-12-26,48881,65558,1
1355419,2019-12-08,2019-12-29,2019-12-22,48881,71191,1
1355420,2019-12-08,2019-12-29,,48881,72013,3
1355421,2019-12-08,2019-12-29,2019-12-30,48881,73872,1
1355422,2019-12-08,2019-12-29,,48881,75305,3
1355423,2019-12-08,2019-12-29,,48881,76430,3
1355424,2019-12-08,2019-12-29,2019-12-31,48881,82744,1
1355425,2019-12-08,2019-12-29,2019-12-23,48881,90614,1
1355426,2019-12-08,2019-12-29,2019-12-27,48881,93307,1
1355427,2019-12-08,2019-12-29,2019-12-22,48881,95270,1
1355428,2019-12-08,2019-12-29,,48881,119481,3
1355429,2019-12-08,2019-12-29,2019-12-30,48881,119585,1
1355430,2019-12-08,2019-12-29,,48881,130152,3
1355431,2019-12-08,2019-12-29,,48881,130280,3
1355432,2019-12-08,2019-12-29,,48881,137797,3
1355433,2019-12-08,2019-12-29,2019-12-22,48881,154172,1
1355434,2019-12-08,2019-12-29,,48881,156597,3
1355435,2019-12-08,2019-12-29,2019-12-26,48881,158233,1
1355436,2019-12-08,2019-12-29,2019-12-30,48881,201369,1
1355437,2019-12-08,2019-12-29,2019-12-24,48881,205816,1
1355438,2019-12-08,2019-12-29,2019-12-26,48881,206719,1
1355439,2019-12-08,2019-12-29,2019-12-22,48881,210597,1
1355440,2019-12-08,2019-12-29,2019-12-24,48881,211557,1
1355441,2019-12-08,2019-12-29,2019-12-24,48881,214809,1
1355442,2019-12-08,2019-12-29,,48881,230475,3
1355443,2019-12-08,2019-12-29,,48881,232252,3
1355444,2019-12-08,2019-12-29,2019-12-26,48881,240564,1
1355445,2019-12-08,2019-12-29,2019-12-28,48881,245587,1
1355446,2019-12-08,2019-12-29,,48881,249171,3
1355447,2019-12-08,2019-12-29,2019-12-29,48881,255785,1
1355448,2019-12-08,2019-12-29,2019-12-31,48881,259315,1
1355449,2019-12-08,2019-12-29,,48881,273050,3
1355450,2019-12-08,2019-12-29,2019-12-25,48881,277505,1
1355451,2019-12-08,2019-12-29,,48881,281247,3
1355452,2019-12-08,2019-12-29,,48881,281708,3
1355453,2019-12-08,2019-12-29,2019-12-27,48881,288115,1
1355454,2019-12-08,2019-12-29,2019-12-31,48881,289748,1
1355455,2019-12-08,2019-12-29,2019-12-23,48881,308261,1
1355456,2019-12-08,2019-12-29,,48881,318703,3
1355457,2019-12-08,2019-12-29,,48881,326492,3
1355458,2019-12-08,2019-12-29,2019-12-27,48881,331571,1
1355459,2019-12-08,2019-12-29,2019-12-29,48881,332185,1
1355460,2019-12-08,2019-12-29,2019-12-30,48881,337156,1
1355461,2019-12-08,2019-12-29,2019-12-22,48881,342351,1
1355462,2019-12-08,2019-12-29,2019-12-31,48881,365059,1
1355463,2019-12-08,2019-12-29,,48881,371124,3
1355464,2019-12-08,2019-12-29,2019-12-31,48881,378423,1
1355465,2019-12-08,2019-12-29,2019-12-29,48881,395380,1
1355466,2019-12-08,2019-12-29,2019-12-27,48881,397109,1
1355467,2019-12-08,2019-12-29,2019-12-22,48881,405082,1
1355468,2019-12-08,2019-12-29,2019-12-31,48881,421256,1
1355469,2019-12-08,2019-12-29,2019-12-31,48881,428776,1
1355470,2019-12-08,2019-12-29,2019-12-29,48881,436941,1
1355471,2019-12-08,2019-12-29,2019-12-24,48881,437482,1
1355472,2019-12-08,2019-12-29,2019-12-26,48881,444705,1
1355473,2019-12-08,2019-12-29,,48881,444955,3
1355474,2019-12-08,2019-12-29,2019-12-25,48881,445660,1
1355475,2019-12-08,2019-12-29,,48881,460047,3
1355476,2019-12-08,2019-12-29,,48881,467728,3
1355477,2019-12-08,2019-12-29,2019-12-25,48881,467961,1
1355478,2019-12-08,2019-12-29,2019-12-27,48881,471278,1
1355479,2019-12-08,2019-12-29,2019-12-22,48881,479527,1
1355480,2019-12-08,2019-12-29,2019-12-25,48881,487052,1
1355481,2019-12-08,2019-12-29,2019-12-25,48881,488099,1
1355482,2019-12-08,2019-12-29,,48881,491031,3
1355483,2019-12-08,2019-12-29,2019-12-24,48881,497562,1
1355484,2019-12-08,2019-12-29,,48881,504161,3
1355485,2019-12-08,2019-12-29,2019-12-27,48881,506162,1
1355486,2019-12-08,2019-12-29,2019-12-26,48881,514358,1
1355487,2019-12-08,2019-12-29,2019-12-25,48881,517225,1
1355488,2019-12-08,2019-12-29,,48881,517356,3
1355489,2019-12-08,2019-12-29,2019-12-24,48881,518750,1
1355490,2019-12-08,2019-12-29,2019-12-22,48881,523285,1
1355491,2019-12-08,2019-12-29,2019-12-28,48881,527133,1
1355492,2019-12-08,2019-12-29,2019-12-24,48881,527443,1
1355493,2019-12-08,2019-12-29,2019-12-27,48881,535026,1
1355494,2019-12-08,2019-12-29,2019-12-24,48881,535295,1
1355495,2019-12-08,2019-12-29,,48881,541767,3
1355496,2019-12-08,2019-12-29,2019-12-27,48881,542414,1
1355497,2019-12-08,2019-12-29,2019-12-25,48881,570184,1
1355498,2019-12-08,2019-12-29,2019-12-31,48881,596871,1
1355499,2019-12-08,2019-12-29,,48881,599310,3
1355500,2019-12-08,2019-12-29,2019-12-21,48881,600395,1
1355501,2019-12-08,2019-12-29,2019-12-28,48881,609471,1
1355502,2019-12-08,2019-12-29,,48881,615319,3
1355503,2019-12-08,2019-12-29,2019-12-29,48881,618654,1
1355504,2019-12-08,2019-12-29,2019-12-25,48881,624557,1
1355505,2019-12-08,2019-12-29,,48881,627055,3
1355506,2019-12-08,2019-12-29,2019-12-22,48881,641818,1
1355507,2019-12-08,2019-12-29,2019-12-29,48881,647592,1
1355508,2019-12-08,2019-12-29,2019-12-28,48881,653570,1
1355509,2019-12-08,2019-12-29,2019-12-22,48881,663277,1
1355510,2019-12-08,2019-12-29,,48881,670598,3
1355511,2019-12-08,2019-12-29,,48881,679438,3
1355512,2019-12-08,2019-12-29,2019-12-31,48881,684541,1
1355513,2019-12-08,2019-12-29,,48881,691700,3
1355514,2019-12-08,2019-12-29,2019-12-31,48881,699400,1
1355515,2019-12-08,2019-12-29,2019-12-28,48881,709716,1
1355516,2019-12-08,2019-12-29,2019-12-31,48881,714273,1
1355517,2019-12-08,2019-12-29,2019-12-30,48881,731220,1
1355518,2019-12-08,2019-12-29,2019-12-22,48881,740902,1
1355519,2019-12-08,2019-12-29,2019-12-25,48881,741678,1
1355520,2019-12-08,2019-12-29,,48881,755767,3
1355521,2019-12-08,2019-12-29,2019-12-28,48881,757040,1
1355522,2019-12-08,2019-12-29,2019-12-28,48881,763216,1
1355523,2019-12-08,2019-12-29,2019-12-27,48881,765633,1
1355524,2019-12-08,2019-12-29,2019-12-21,48881,766454,1
1355525,2019-12-08,2019-12-29,2019-12-21,48881,768536,1
1355526,2019-12-08,2019-12-29,2019-12-30,48881,774380,1
1355527,2019-12-08,2019-12-29,,48881,774506,3
1355528,2019-12-08,2019-12-29,2019-12-23,48881,779305,1
1355529,2019-12-08,2019-12-29,,48881,792763,3
1355530,2019-12-08,2019-12-29,2019-12-21,48881,794215,1
1355531,2019-12-08,2019-12-29,2019-12-24,48881,796240,1
1355532,2019-12-08,2019-12-29,,48881,796699,3
1355533,2019-12-08,2019-12-29,2019-12-31,48881,813136,1
1355534,2019-12-08,2019-12-29,2019-12-31,48881,813823,1
1355535,2019-12-08,2019-12-29,,48881,818950,3
1355536,2019-12-08,2019-12-29,2019-12-24,48881,824789,1
1355537,2019-12-08,2019-12-29,2019-12-29,48881,835141,1
1355538,2019-12-08,2019-12-29,,48881,836994,3
1355539,2019-12-08,2019-12-29,,48881,841920,3
1355540,2019-12-08,2019-12-29,2019-12-25,48881,846305,1
1355541,2019-12-08,2019-12-29,2019-12-27,48881,850222,1
1355542,2019-12-08,2019-12-29,,48881,865092,3
1355543,2019-12-08,2019-12-29,2019-12-26,48881,887832,1
1355544,2019-12-08,2019-12-29,2019-12-27,48881,888343,1
1355545,2019-12-08,2019-12-29,2019-12-23,48881,891971,1
1355546,2019-12-08,2019-12-29,,48881,901723,3
1355547,2019-12-08,2019-12-29,2019-12-31,48881,903632,1
1355548,2019-12-08,2019-12-29,,48881,911047,3
1355549,2019-12-08,2019-12-29,,48881,913833,3
1355550,2019-12-08,2019-12-29,2019-12-28,48881,923974,1
1355551,2019-12-08,2019-12-29,,48881,931348,3
1355552,2019-12-08,2019-12-29,2019-12-30,48881,931471,1
1355553,2019-12-08,2019-12-29,2019-12-21,48881,945742,1
1355554,2019-12-08,2019-12-29,2019-12-26,48881,945884,1
1355555,2019-12-08,2019-12-29,2019-12-30,48881,947888,1
1355556,2019-12-08,2019-12-29,,49480,761839,3
1355557,2019-12-08,2019-12-29,,49667,274797,3
1355558,2019-12-08,2019-12-29,2019-12-28,49781,363634,1
1355559,2019-12-08,2019-12-29,,49781,365655,3
1355560,2019-12-08,2019-12-29,,49785,34164,3
1355561,2019-12-08,2019-12-29,,49801,50977,3
1355562,2019-12-08,2019-12-29,2019-12-25,49920,680549,1
1355563,2019-12-08,2019-12-29,2019-12-31,49962,26450,1
1355564,2019-12-08,2019-12-29,2019-12-27,49962,281813,1
1355565,2019-12-08,2019-12-29,,49962,670933,3
1355566,2019-12-08,2019-12-29,,49987,543123,3
1355567,2019-12-08,2019-12-29,,49990,378215,3
1355568,2019-12-08,2019-12-29,,50028,794573,3
1355569,2019-12-08,2019-12-29,,50028,829519,3
1355570,2019-12-08,2019-12-29,,50115,96469,3
1355571,2019-12-08,2019-12-29,2019-12-29,50115,418930,1
1355572,2019-12-08,2019-12-29,,50465,845025,3
1355573,2019-12-08,2019-12-29,,50538,477043,3
1355574,2019-12-08,2019-12-29,,50814,416905,3
1355575,2019-12-08,2019-12-29,2019-12-31,50858,226937,1
1355576,2019-12-08,2019-12-29,,51010,211987,3
1355577,2019-12-08,2019-12-29,2019-12-28,51038,299795,1
1355578,2019-12-08,2019-12-29,,51414,185946,3
1355579,2019-12-08,2019-12-29,2019-12-25,51576,105617,1
1355580,2019-12-08,2019-12-29,2019-12-28,51576,342970,1
1355581,2019-12-08,2019-12-29,,51823,382615,3
1355582,2019-12-08,2019-12-29,,51885,633537,3
1355583,2019-12-08,2019-12-29,2019-12-24,51901,750173,1
1355584,2019-12-08,2019-12-29,2019-12-29,51901,802832,1
1355585,2019-12-08,2019-12-29,,52029,163744,3
1355586,2019-12-08,2019-12-29,,52029,339787,3
1355587,2019-12-08,2019-12-29,,52029,482831,3
1355588,2019-12-08,2019-12-29,,52182,671254,3
1355589,2019-12-08,2019-12-29,,52240,682216,3
1355590,2019-12-08,2019-12-29,,52362,748945,3
1355591,2019-12-08,2019-12-29,,52422,123679,3
1355592,2019-12-08,2019-12-29,,52423,181646,3
1355593,2019-12-08,2019-12-29,2019-12-22,52457,5156,1
1355594,2019-12-08,2019-12-29,2019-12-29,52457,563683,1
1355595,2019-12-08,2019-12-29,2019-12-31,52537,230014,1
1355596,2019-12-08,2019-12-29,,52546,837987,3
1355597,2019-12-08,2019-12-29,2019-12-25,52862,685044,1
1355598,2019-12-08,2019-12-29,2019-12-29,53119,398085,1
1355599,2019-12-08,2019-12-29,,53290,852204,3
1355600,2019-12-08,2019-12-29,,53327,551620,3
1355601,2019-12-08,2019-12-29,,53379,406690,3
1355602,2019-12-08,2019-12-29,,53540,89621,3
1355603,2019-12-08,2019-12-29,,53540,258284,3
1355604,2019-12-08,2019-12-29,,53652,153322,3
1355605,2019-12-08,2019-12-29,,53660,681587,3
1355606,2019-12-08,2019-12-29,2019-12-30,54070,215327,1
1355607,2019-12-08,2019-12-29,2019-12-20,54070,777363,1
1355608,2019-12-08,2019-12-29,,54116,643879,3
1355609,2019-12-08,2019-12-29,,54206,223339,3
1355610,2019-12-08,2019-12-29,,54360,621790,3
1355611,2019-12-08,2019-12-29,,54607,83504,3
1355612,2019-12-08,2019-12-29,,54631,320149,3
1355613,2019-12-08,2019-12-29,,54847,768508,3
1355614,2019-12-08,2019-12-29,,54873,750511,3
1355615,2019-12-08,2019-12-29,,55090,165877,3
1355616,2019-12-08,2019-12-29,,55150,120249,3
1355617,2019-12-08,2019-12-29,2019-12-23,55150,898644,1
1355618,2019-12-08,2019-12-29,,55195,759804,3
1355619,2019-12-08,2019-12-29,,55241,322918,3
1355620,2019-12-08,2019-12-29,,55241,370326,3
1355621,2019-12-08,2019-12-29,2019-12-18,55322,181996,1
1355622,2019-12-08,2019-12-29,,55343,865234,3
1355623,2019-12-08,2019-12-29,,55468,62741,3
1355624,2019-12-08,2019-12-29,,55750,178733,3
1355625,2019-12-08,2019-12-29,,55759,331038,3
1355626,2019-12-08,2019-12-29,,55893,530730,3
1355627,2019-12-08,2019-12-29,2019-12-29,55968,47539,1
1355628,2019-12-08,2019-12-29,,55993,748922,3
1355629,2019-12-08,2019-12-29,2019-12-30,56051,315229,1
1355630,2019-12-08,2019-12-29,,56138,67857,3
1355631,2019-12-08,2019-12-29,,56209,883479,3
1355632,2019-12-08,2019-12-29,,56490,685984,3
1355633,2019-12-08,2019-12-29,,56525,498344,3
1355634,2019-12-08,2019-12-29,,56535,564072,3
1355635,2019-12-08,2019-12-29,2019-12-31,56916,891955,1
1355636,2019-12-08,2019-12-29,,56965,707202,3
1355637,2019-12-08,2019-12-29,,57060,782428,3
1355638,2019-12-08,2019-12-29,,57178,143153,3
1355639,2019-12-08,2019-12-29,,57187,676204,3
1355640,2019-12-08,2019-12-29,,57234,312151,3
1355641,2019-12-08,2019-12-29,,57279,712102,3
1355642,2019-12-08,2019-12-29,,57339,328769,3
1355643,2019-12-08,2019-12-29,,57339,360569,3
1355644,2019-12-08,2019-12-29,,57364,413443,3
1355645,2019-12-08,2019-12-29,,57364,837226,3
1355646,2019-12-08,2019-12-29,,57364,872831,3
1355647,2019-12-08,2019-12-29,,57510,421624,3
1355648,2019-12-08,2019-12-29,,57510,552229,3
1355649,2019-12-08,2019-12-29,,57686,737592,3
1355650,2019-12-08,2019-12-29,,57903,924726,3
1355651,2019-12-08,2019-12-29,2019-12-19,57972,394682,1
1355652,2019-12-08,2019-12-29,2019-12-21,57972,680564,1
1355653,2019-12-08,2019-12-29,2019-12-30,58021,551407,1
1355654,2019-12-08,2019-12-29,2019-12-19,58025,165878,1
1355655,2019-12-08,2019-12-29,,58121,738244,3
1355656,2019-12-08,2019-12-29,,58384,224179,3
1355657,2019-12-08,2019-12-29,,58392,72780,3
1355658,2019-12-08,2019-12-29,,58392,845053,3
1355659,2019-12-08,2019-12-29,2019-12-28,58548,698833,1
1355660,2019-12-08,2019-12-29,,58763,498291,3
1355661,2019-12-08,2019-12-29,2019-12-29,58804,26490,1
1355662,2019-12-08,2019-12-29,2019-12-30,58804,93654,1
1355663,2019-12-08,2019-12-29,,58804,604938,3
1355664,2019-12-08,2019-12-29,2019-12-23,58818,788329,1
1355665,2019-12-08,2019-12-29,2019-12-30,58868,99983,1
1355666,2019-12-08,2019-12-29,2019-12-18,58868,524123,1
1355667,2019-12-08,2019-12-29,2019-12-25,58976,517436,1
1355668,2019-12-08,2019-12-29,,59052,110447,3
1355669,2019-12-08,2019-12-29,,59052,374941,3
1355670,2019-12-08,2019-12-29,,59052,871815,3
1355671,2019-12-08,2019-12-29,,59251,774508,3
1355672,2019-12-08,2019-12-29,,59294,31626,3
1355673,2019-12-08,2019-12-29,,59313,837201,3
1355674,2019-12-08,2019-12-29,,59378,116373,3
1355675,2019-12-08,2019-12-29,,59454,28291,3
1355676,2019-12-08,2019-12-29,,59472,261395,3
1355677,2019-12-08,2019-12-29,,59472,512399,3
1355678,2019-12-08,2019-12-29,2019-12-21,59523,3202,1
1355679,2019-12-08,2019-12-29,,59577,190523,3
1355680,2019-12-08,2019-12-29,,59720,913393,3
1355681,2019-12-08,2019-12-29,,59739,34970,3
1355682,2019-12-08,2019-12-29,,59739,281122,3
1355683,2019-12-08,2019-12-29,,59739,389847,3
1355684,2019-12-08,2019-12-29,,59742,117602,3
1355685,2019-12-08,2019-12-29,2019-12-30,60033,829142,1
1355686,2019-12-08,2019-12-29,2019-12-31,60395,700595,1
1355687,2019-12-08,2019-12-29,,60514,514702,3
1355688,2019-12-08,2019-12-29,,60527,256600,3
1355689,2019-12-08,2019-12-29,,60815,130539,3
1355690,2019-12-08,2019-12-29,,60881,832161,3
1355691,2019-12-08,2019-12-29,,60941,745857,3
1355692,2019-12-08,2019-12-29,,61368,54589,3
1355693,2019-12-08,2019-12-29,2019-12-30,61512,910605,1
1355694,2019-12-08,2019-12-29,2019-12-30,61533,670484,1
1355695,2019-12-08,2019-12-29,,61684,83508,3
1355696,2019-12-08,2019-12-29,,61730,424009,3
1355697,2019-12-08,2019-12-29,,61779,832379,3
1355698,2019-12-08,2019-12-29,,61814,586595,3
1355699,2019-12-08,2019-12-29,,61835,290773,3
1355700,2019-12-08,2019-12-29,,61988,474747,3
1355701,2019-12-08,2019-12-29,,62152,932419,3
1355702,2019-12-08,2019-12-29,2019-12-25,62265,541768,1
1355703,2019-12-08,2019-12-29,2019-12-31,62370,165043,1
1355704,2019-12-08,2019-12-29,2019-12-27,62420,497941,1
1355705,2019-12-08,2019-12-29,2019-12-22,62427,588129,1
1355706,2019-12-08,2019-12-29,2019-12-22,62719,403212,1
1355707,2019-12-08,2019-12-29,2019-12-26,62719,456543,1
1355708,2019-12-08,2019-12-29,2019-12-20,62719,685050,1
1355709,2019-12-08,2019-12-29,,62796,741351,3
1355710,2019-12-08,2019-12-29,2019-12-29,63054,573977,1
1355711,2019-12-08,2019-12-29,,63108,698687,3
1355712,2019-12-08,2019-12-29,,63151,333807,3
1355713,2019-12-08,2019-12-29,,63271,671877,3
1355714,2019-12-08,2019-12-29,,63290,268962,3
1355715,2019-12-08,2019-12-29,,63290,307275,3
1355716,2019-12-08,2019-12-29,,63317,340790,3
1355717,2019-12-08,2019-12-29,,63317,727082,3
1355718,2019-12-08,2019-12-29,,63411,253544,3
1355719,2019-12-08,2019-12-29,,63411,363923,3
1355720,2019-12-08,2019-12-29,,63551,54377,3
1355721,2019-12-08,2019-12-29,,63662,71111,3
1355722,2019-12-08,2019-12-29,,63816,707609,3
1355723,2019-12-08,2019-12-29,,63894,823978,3
1355724,2019-12-08,2019-12-29,2019-12-19,64082,55362,1
1355725,2019-12-08,2019-12-29,2019-12-26,64082,163876,1
1355726,2019-12-08,2019-12-29,2019-12-28,64082,343160,1
1355727,2019-12-08,2019-12-29,2019-12-23,64082,889310,1
1355728,2019-12-08,2019-12-29,2019-12-27,64123,508629,1
1355729,2019-12-08,2019-12-29,,64147,740722,3
1355730,2019-12-08,2019-12-29,,64173,26074,3
1355731,2019-12-08,2019-12-29,,64181,114231,3
1355732,2019-12-08,2019-12-29,,64193,501979,3
1355733,2019-12-08,2019-12-29,,64193,720958,3
1355734,2019-12-08,2019-12-29,,64193,900483,3
1355735,2019-12-08,2019-12-29,2019-12-30,64193,953137,1
1355736,2019-12-08,2019-12-29,2019-12-29,64286,166155,1
1355737,2019-12-08,2019-12-29,,64428,562050,3
1355738,2019-12-08,2019-12-29,,64683,759610,3
1355739,2019-12-08,2019-12-29,2019-12-22,64877,469409,1
1355740,2019-12-08,2019-12-29,,65068,249024,3
1355741,2019-12-08,2019-12-29,2019-12-20,65098,831939,1
1355742,2019-12-08,2019-12-29,2019-12-31,65249,797340,1
1355743,2019-12-08,2019-12-29,,65286,38202,3
1355744,2019-12-08,2019-12-29,,65580,5441,3
1355745,2019-12-08,2019-12-29,2019-12-28,65689,607765,1
1355746,2019-12-08,2019-12-29,2019-12-28,65769,155005,1
1355747,2019-12-08,2019-12-29,,65926,500304,3
1355748,2019-12-08,2019-12-29,,66082,735063,3
1355749,2019-12-08,2019-12-29,2019-12-31,66097,137750,1
1355750,2019-12-08,2019-12-29,2019-12-22,66196,559634,1
1355751,2019-12-08,2019-12-29,2019-12-24,66242,491135,1
1355752,2019-12-08,2019-12-29,2019-12-21,66242,906063,1
1355753,2019-12-08,2019-12-29,2019-12-27,66365,142913,1
1355754,2019-12-08,2019-12-29,,66385,200262,3
1355755,2019-12-08,2019-12-29,,66385,282731,3
1355756,2019-12-08,2019-12-29,,66385,477675,3
1355757,2019-12-08,2019-12-29,,66385,567048,3
1355758,2019-12-08,2019-12-29,,66385,660187,3
1355759,2019-12-08,2019-12-29,,66385,897970,3
1355760,2019-12-08,2019-12-29,2019-12-22,66414,736163,1
1355761,2019-12-08,2019-12-29,,66504,94084,3
1355762,2019-12-08,2019-12-29,2019-12-26,66603,49512,1
1355763,2019-12-08,2019-12-29,2019-12-27,66603,952815,1
1355764,2019-12-08,2019-12-29,,66691,418535,3
1355765,2019-12-08,2019-12-29,,66746,379354,3
1355766,2019-12-08,2019-12-29,2019-12-27,67050,17292,1
1355767,2019-12-08,2019-12-29,,67166,123860,3
1355768,2019-12-08,2019-12-29,,67186,45619,3
1355769,2019-12-08,2019-12-29,,67459,931260,3
1355770,2019-12-08,2019-12-29,,67488,91745,3
1355771,2019-12-08,2019-12-29,,67488,796864,3
1355772,2019-12-08,2019-12-29,,67489,30976,3
1355773,2019-12-08,2019-12-29,,67557,338008,3
1355774,2019-12-08,2019-12-29,,67571,485713,3
1355775,2019-12-08,2019-12-29,2019-12-25,67571,952313,1
1355776,2019-12-08,2019-12-29,,67765,167511,3
1355777,2019-12-08,2019-12-29,,67765,181835,3
1355778,2019-12-08,2019-12-29,2019-12-28,67765,197023,1
1355779,2019-12-08,2019-12-29,2019-12-27,67765,448595,1
1355780,2019-12-08,2019-12-29,2019-12-29,67765,606218,1
1355781,2019-12-08,2019-12-29,,67860,200890,3
1355782,2019-12-08,2019-12-29,,67919,663519,3
1355783,2019-12-08,2019-12-29,,67919,838427,3
1355784,2019-12-08,2019-12-29,2019-12-27,68312,16101,1
1355785,2019-12-08,2019-12-29,,68533,338617,3
1355786,2019-12-08,2019-12-29,2019-12-23,68558,677839,1
1355787,2019-12-08,2019-12-29,,68581,809747,3
1355788,2019-12-08,2019-12-29,2019-12-22,68624,26491,1
1355789,2019-12-08,2019-12-29,,68624,316333,3
1355790,2019-12-08,2019-12-29,2019-12-31,68624,567671,1
1355791,2019-12-08,2019-12-29,2019-12-24,68624,637589,1
1355792,2019-12-08,2019-12-29,,68636,161417,3
1355793,2019-12-08,2019-12-29,2019-12-20,68756,439355,1
1355794,2019-12-08,2019-12-29,2019-12-27,68756,541792,1
1355795,2019-12-08,2019-12-29,,68756,846338,3
1355796,2019-12-08,2019-12-29,2019-12-28,68967,114051,1
1355797,2019-12-08,2019-12-29,,68980,185316,3
1355798,2019-12-08,2019-12-29,,68980,425934,3
1355799,2019-12-08,2019-12-29,2019-12-27,69075,711943,1
1355800,2019-12-08,2019-12-29,,69121,837202,3
1355801,2019-12-08,2019-12-29,,69150,2072,3
1355802,2019-12-08,2019-12-29,,69150,371711,3
1355803,2019-12-08,2019-12-29,2019-12-26,69150,476189,1
1355804,2019-12-08,2019-12-29,2019-12-31,69150,684669,1
1355805,2019-12-08,2019-12-29,2019-12-22,69150,693300,1
1355806,2019-12-08,2019-12-29,2019-12-28,69150,765899,1
1355807,2019-12-08,2019-12-29,2019-12-27,69150,878901,1
1355808,2019-12-08,2019-12-29,,69185,225883,3
1355809,2019-12-08,2019-12-29,,69221,312514,3
1355810,2019-12-08,2019-12-29,2019-12-26,69221,680550,1
1355811,2019-12-08,2019-12-29,,69274,222854,3
1355812,2019-12-08,2019-12-29,2019-12-18,69320,720875,1
1355813,2019-12-08,2019-12-29,,69447,621825,3
1355814,2019-12-08,2019-12-29,2019-12-26,69530,49532,1
1355815,2019-12-08,2019-12-29,,69889,509603,3
1355816,2019-12-08,2019-12-29,2019-12-29,69936,837153,1
1355817,2019-12-08,2019-12-29,,70015,151639,3
1355818,2019-12-08,2019-12-29,,70044,330423,3
1355819,2019-12-08,2019-12-29,,70130,163685,3
1355820,2019-12-08,2019-12-29,,70208,27153,3
1355821,2019-12-08,2019-12-29,2019-12-30,70274,116522,1
1355822,2019-12-08,2019-12-29,,70445,146650,3
1355823,2019-12-08,2019-12-29,,70445,432603,3
1355824,2019-12-08,2019-12-29,,70445,658977,3
1355825,2019-12-08,2019-12-29,2019-12-25,70663,26510,1
1355826,2019-12-08,2019-12-29,,70663,416538,3
1355827,2019-12-08,2019-12-29,2019-12-25,70885,245755,1
1355828,2019-12-08,2019-12-29,2019-12-21,70885,525714,1
1355829,2019-12-08,2019-12-29,,71261,693678,3
1355830,2019-12-08,2019-12-29,2019-12-28,71601,39976,1
1355831,2019-12-08,2019-12-29,2019-12-29,71656,686692,1
1355832,2019-12-08,2019-12-29,2019-12-22,71728,157959,1
1355833,2019-12-08,2019-12-29,2019-12-25,71728,681160,1
1355834,2019-12-08,2019-12-29,2019-12-30,71728,773282,1
1355835,2019-12-08,2019-12-29,2019-12-30,71728,948514,1
1355836,2019-12-08,2019-12-29,,72005,884670,3
1355837,2019-12-08,2019-12-29,2019-12-28,72067,904287,1
1355838,2019-12-08,2019-12-29,,72182,492551,3
1355839,2019-12-08,2019-12-29,,72674,230508,3
1355840,2019-12-08,2019-12-29,2019-12-19,72856,119137,1
1355841,2019-12-08,2019-12-29,2019-12-31,73013,49533,1
1355842,2019-12-08,2019-12-29,,73019,650303,3
1355843,2019-12-08,2019-12-29,,73085,262686,3
1355844,2019-12-08,2019-12-29,,73085,734292,3
1355845,2019-12-08,2019-12-29,,73144,449280,3
1355846,2019-12-08,2019-12-29,,73324,288217,3
1355847,2019-12-08,2019-12-29,,73324,464258,3
1355848,2019-12-08,2019-12-29,,73324,466978,3
1355849,2019-12-08,2019-12-29,,73324,601861,3
1355850,2019-12-08,2019-12-29,,73324,952741,3
1355851,2019-12-08,2019-12-29,2019-12-22,73512,98064,1
1355852,2019-12-08,2019-12-29,,73512,268346,3
1355853,2019-12-08,2019-12-29,,73619,761848,3
1355854,2019-12-08,2019-12-29,2019-12-25,73722,891980,1
1355855,2019-12-08,2019-12-29,,73740,364448,3
1355856,2019-12-08,2019-12-29,,73740,514922,3
1355857,2019-12-08,2019-12-29,,73759,903597,3
1355858,2019-12-08,2019-12-29,,73896,449136,3
1355859,2019-12-08,2019-12-29,,73896,553530,3
1355860,2019-12-08,2019-12-29,,73896,636433,3
1355861,2019-12-08,2019-12-29,,73959,711990,3
1355862,2019-12-08,2019-12-29,,74065,783215,3
1355863,2019-12-08,2019-12-29,2019-12-20,74716,801486,1
1355864,2019-12-08,2019-12-29,,74738,26668,3
1355865,2019-12-08,2019-12-29,2019-12-29,74738,350033,1
1355866,2019-12-08,2019-12-29,,74975,383417,3
1355867,2019-12-08,2019-12-29,,74978,453746,3
1355868,2019-12-08,2019-12-29,,75080,45633,3
1355869,2019-12-08,2019-12-29,2019-12-23,75080,491116,1
1355870,2019-12-08,2019-12-29,,75134,8293,3
1355871,2019-12-08,2019-12-29,,75134,21148,3
1355872,2019-12-08,2019-12-29,,75134,244936,3
1355873,2019-12-08,2019-12-29,,75134,534880,3
1355874,2019-12-08,2019-12-29,,75134,671341,3
1355875,2019-12-08,2019-12-29,2019-12-23,75134,777416,1
1355876,2019-12-08,2019-12-29,2019-12-24,75185,349183,1
1355877,2019-12-08,2019-12-29,,75455,222971,3
1355878,2019-12-08,2019-12-29,2019-12-21,75462,112116,1
1355879,2019-12-08,2019-12-29,,75462,174435,3
1355880,2019-12-08,2019-12-29,,75517,580400,3
1355881,2019-12-08,2019-12-29,2019-12-19,75584,248583,1
1355882,2019-12-08,2019-12-29,2019-12-23,75995,483658,1
1355883,2019-12-08,2019-12-29,,75995,737370,3
1355884,2019-12-08,2019-12-29,2019-12-29,76174,429099,1
1355885,2019-12-08,2019-12-29,2019-12-30,76303,205006,1
1355886,2019-12-08,2019-12-29,2019-12-23,76449,300161,1
1355887,2019-12-08,2019-12-29,2019-12-29,76581,497659,1
1355888,2019-12-08,2019-12-29,2019-12-23,76792,467234,1
1355889,2019-12-08,2019-12-29,,76828,785010,3
1355890,2019-12-08,2019-12-29,,76837,664130,3
1355891,2019-12-08,2019-12-29,2019-12-31,77083,455442,1
1355892,2019-12-08,2019-12-29,,77083,500406,3
1355893,2019-12-08,2019-12-29,,77083,520073,3
1355894,2019-12-08,2019-12-29,,77321,923151,3
1355895,2019-12-08,2019-12-29,2019-12-23,77397,274142,1
1355896,2019-12-08,2019-12-29,,77595,688122,3
1355897,2019-12-08,2019-12-29,,77747,258587,3
1355898,2019-12-08,2019-12-29,2019-12-31,77787,197086,1
1355899,2019-12-08,2019-12-29,,77867,138334,3
1355900,2019-12-08,2019-12-29,,77951,582017,3
1355901,2019-12-08,2019-12-29,,78076,772804,3
1355902,2019-12-08,2019-12-29,,78422,36885,3
1355903,2019-12-08,2019-12-29,2019-12-24,78422,311897,1
1355904,2019-12-08,2019-12-29,,78422,412395,3
1355905,2019-12-08,2019-12-29,,78422,720511,3
1355906,2019-12-08,2019-12-29,,78422,782961,3
1355907,2019-12-08,2019-12-29,2019-12-28,78685,644654,1
1355908,2019-12-08,2019-12-29,,78689,754601,3
1355909,2019-12-08,2019-12-29,,78724,428430,3
1355910,2019-12-08,2019-12-29,,78724,731918,3
1355911,2019-12-08,2019-12-29,,78755,631433,3
1355912,2019-12-08,2019-12-29,,78944,264822,3
1355913,2019-12-08,2019-12-29,2019-12-28,79123,385124,1
1355914,2019-12-08,2019-12-29,,79123,673658,3
1355915,2019-12-08,2019-12-29,2019-12-20,79178,611702,1
1355916,2019-12-08,2019-12-29,,79373,516622,3
1355917,2019-12-08,2019-12-29,2019-12-21,79443,335895,1
1355918,2019-12-08,2019-12-29,,79443,380885,3
1355919,2019-12-08,2019-12-29,,79443,403709,3
1355920,2019-12-08,2019-12-29,,79443,564416,3
1355921,2019-12-08,2019-12-29,2019-12-30,79443,627933,1
1355922,2019-12-08,2019-12-29,2019-12-30,79475,200452,1
1355923,2019-12-08,2019-12-29,2019-12-31,79475,424375,1
1355924,2019-12-08,2019-12-29,,79601,36665,3
1355925,2019-12-08,2019-12-29,2019-12-22,79652,317141,1
1355926,2019-12-08,2019-12-29,2019-12-30,79652,351829,1
1355927,2019-12-08,2019-12-29,2019-12-23,79652,834808,1
1355928,2019-12-08,2019-12-29,,79893,488755,3
1355929,2019-12-08,2019-12-29,,79910,162729,3
1355930,2019-12-08,2019-12-29,,80070,671104,3
1355931,2019-12-08,2019-12-29,,80075,746440,3
1355932,2019-12-08,2019-12-29,2019-12-18,80186,27906,1
1355933,2019-12-08,2019-12-29,,80321,153691,3
1355934,2019-12-08,2019-12-29,,80618,652116,3
1355935,2019-12-08,2019-12-29,,80645,56290,3
1355936,2019-12-08,2019-12-29,,80768,515616,3
1355937,2019-12-08,2019-12-29,,80846,226728,3
1355938,2019-12-08,2019-12-29,,80928,818131,3
1355939,2019-12-08,2019-12-29,,80948,96537,3
1355940,2019-12-08,2019-12-29,,80948,200883,3
1355941,2019-12-08,2019-12-29,,80948,513874,3
1355942,2019-12-08,2019-12-29,,80948,822364,3
1355943,2019-12-08,2019-12-29,,80948,882926,3
1355944,2019-12-08,2019-12-29,,80959,343608,3
1355945,2019-12-08,2019-12-29,,81136,76732,3
1355946,2019-12-08,2019-12-29,,81216,903113,3
1355947,2019-12-08,2019-12-29,2019-12-29,81368,845054,1
1355948,2019-12-08,2019-12-29,,81374,718344,3
1355949,2019-12-08,2019-12-29,,81525,802090,3
1355950,2019-12-08,2019-12-29,,81647,180521,3
1355951,2019-12-08,2019-12-29,,81647,622900,3
1355952,2019-12-08,2019-12-29,,81725,72065,3
1355953,2019-12-08,2019-12-29,,81743,421418,3
1355954,2019-12-08,2019-12-29,,81754,674920,3
1355955,2019-12-08,2019-12-29,2019-12-29,81875,34788,1
1355956,2019-12-08,2019-12-29,,81973,120771,3
1355957,2019-12-08,2019-12-29,2019-12-27,82026,177482,1
1355958,2019-12-08,2019-12-29,,82059,588204,3
1355959,2019-12-08,2019-12-29,,82113,886631,3
1355960,2019-12-08,2019-12-29,,82120,553169,3
1355961,2019-12-08,2019-12-29,2019-12-29,82345,606554,1
1355962,2019-12-08,2019-12-29,,82345,891081,3
1355963,2019-12-08,2019-12-29,,82388,478449,3
1355964,2019-12-08,2019-12-29,,82410,661003,3
1355965,2019-12-08,2019-12-29,,82633,952613,3
1355966,2019-12-08,2019-12-29,,82662,474341,3
1355967,2019-12-08,2019-12-29,,82672,123831,3
1355968,2019-12-08,2019-12-29,,82770,471960,3
1355969,2019-12-08,2019-12-29,2019-12-24,82852,367898,1
1355970,2019-12-08,2019-12-29,,82923,474511,3
1355971,2019-12-08,2019-12-29,2019-12-27,82999,223085,1
1355972,2019-12-08,2019-12-29,,82999,731472,3
1355973,2019-12-08,2019-12-29,,83063,681718,3
1355974,2019-12-08,2019-12-29,2019-12-27,83083,162428,1
1355975,2019-12-08,2019-12-29,,83083,873573,3
1355976,2019-12-08,2019-12-29,,83244,691588,3
1355977,2019-12-08,2019-12-29,2019-12-19,83324,26451,1
1355978,2019-12-08,2019-12-29,,83324,28901,3
1355979,2019-12-08,2019-12-29,2019-12-26,83403,672749,1
1355980,2019-12-08,2019-12-29,2019-12-29,83451,436174,1
1355981,2019-12-08,2019-12-29,,83621,541647,3
1355982,2019-12-08,2019-12-29,2019-12-19,83693,527435,1
1355983,2019-12-08,2019-12-29,,83829,99966,3
1355984,2019-12-08,2019-12-29,,83871,920384,3
1355985,2019-12-08,2019-12-29,,83903,808798,3
1355986,2019-12-08,2019-12-29,,83903,882932,3
1355987,2019-12-08,2019-12-29,,83983,303893,3
1355988,2019-12-08,2019-12-29,2019-12-30,83983,471594,1
1355989,2019-12-08,2019-12-29,,84047,582869,3
1355990,2019-12-08,2019-12-29,,84081,705745,3
1355991,2019-12-08,2019-12-29,,84153,562842,3
1355992,2019-12-08,2019-12-29,,84278,10607,3
1355993,2019-12-08,2019-12-29,,84442,231007,3
1355994,2019-12-08,2019-12-29,,84476,850677,3
1355995,2019-12-08,2019-12-29,2019-12-21,84563,832162,1
1355996,2019-12-08,2019-12-29,,84826,343062,3
1355997,2019-12-08,2019-12-29,,84833,239765,3
1355998,2019-12-08,2019-12-29,,84885,446619,3
1355999,2019-12-08,2019-12-29,,84907,210925,3
1356000,2019-12-08,2019-12-29,,84914,298099,3
1356001,2019-12-08,2019-12-29,,85080,222922,3
1356002,2019-12-08,2019-12-29,2019-12-30,85097,768987,1
1356003,2019-12-08,2019-12-29,,85283,856806,3
1356004,2019-12-08,2019-12-29,2019-12-22,85457,575991,1
1356005,2019-12-08,2019-12-29,,85493,311879,3
1356006,2019-12-08,2019-12-29,2019-12-27,85554,693767,1
1356007,2019-12-08,2019-12-29,,85958,44552,3
1356008,2019-12-08,2019-12-29,,85958,417205,3
1356009,2019-12-08,2019-12-29,2019-12-29,85958,825940,1
1356010,2019-12-08,2019-12-29,,86141,621567,3
1356011,2019-12-08,2019-12-29,,86251,226282,3
1356012,2019-12-08,2019-12-29,2019-12-20,86374,919867,1
1356013,2019-12-08,2019-12-29,,86556,530995,3
1356014,2019-12-08,2019-12-29,2019-12-27,86852,429666,1
1356015,2019-12-08,2019-12-29,,86852,542790,3
1356016,2019-12-08,2019-12-29,2019-12-23,86852,917297,1
1356017,2019-12-08,2019-12-29,,87032,165546,3
1356018,2019-12-08,2019-12-29,2019-12-24,87032,574587,1
1356019,2019-12-08,2019-12-29,2019-12-31,87361,394669,1
1356020,2019-12-08,2019-12-29,2019-12-24,87501,654726,1
1356021,2019-12-08,2019-12-29,,87558,583084,3
1356022,2019-12-08,2019-12-29,,87566,8239,3
1356023,2019-12-08,2019-12-29,2019-12-19,87566,49470,1
1356024,2019-12-08,2019-12-29,,87566,209836,3
1356025,2019-12-08,2019-12-29,,87566,548347,3
1356026,2019-12-08,2019-12-29,,87826,763239,3
1356027,2019-12-08,2019-12-29,2019-12-25,87826,903642,1
1356028,2019-12-08,2019-12-29,,87943,74235,3
1356029,2019-12-08,2019-12-29,,87943,274549,3
1356030,2019-12-08,2019-12-29,,87943,321932,3
1356031,2019-12-08,2019-12-29,,87943,492900,3
1356032,2019-12-08,2019-12-29,,88093,893165,3
1356033,2019-12-08,2019-12-29,2019-12-19,88107,7754,1
1356034,2019-12-08,2019-12-29,2019-12-30,88226,709074,1
1356035,2019-12-08,2019-12-29,,88499,410735,3
1356036,2019-12-08,2019-12-29,2019-12-28,88499,671120,1
1356037,2019-12-08,2019-12-29,2019-12-21,88608,698688,1
1356038,2019-12-08,2019-12-29,,88871,65150,3
1356039,2019-12-08,2019-12-29,,88935,698834,3
1356040,2019-12-08,2019-12-29,,88999,455384,3
1356041,2019-12-08,2019-12-29,,89055,80233,3
1356042,2019-12-08,2019-12-29,2019-12-26,89125,51203,1
1356043,2019-12-08,2019-12-29,2019-12-27,89125,389157,1
1356044,2019-12-08,2019-12-29,2019-12-23,89163,434415,1
1356045,2019-12-08,2019-12-29,,89163,559871,3
1356046,2019-12-08,2019-12-29,2019-12-26,89522,140990,1
1356047,2019-12-08,2019-12-29,,89532,254602,3
1356048,2019-12-08,2019-12-29,2019-12-19,89854,103938,1
1356049,2019-12-08,2019-12-29,,90264,193558,3
1356050,2019-12-08,2019-12-29,2019-12-30,90720,662608,1
1356051,2019-12-08,2019-12-29,,90943,705873,3
1356052,2019-12-08,2019-12-29,2019-12-26,91188,394679,1
1356053,2019-12-08,2019-12-29,,91188,889446,3
1356054,2019-12-08,2019-12-29,,91232,286121,3
1356055,2019-12-08,2019-12-29,2019-12-24,91319,648845,1
1356056,2019-12-08,2019-12-29,,91426,714210,3
1356057,2019-12-08,2019-12-29,2019-12-19,91426,922412,1
1356058,2019-12-08,2019-12-29,,91561,443820,3
1356059,2019-12-08,2019-12-29,,91561,944982,3
1356060,2019-12-08,2019-12-29,,91647,572786,3
1356061,2019-12-08,2019-12-29,2019-12-29,91656,770787,1
1356062,2019-12-08,2019-12-29,2019-12-29,91699,132872,1
1356063,2019-12-08,2019-12-29,,91700,390463,3
1356064,2019-12-08,2019-12-29,,91706,21466,3
1356065,2019-12-08,2019-12-29,,91797,705165,3
1356066,2019-12-08,2019-12-29,2019-12-24,91841,329108,1
1356067,2019-12-08,2019-12-29,,92249,391195,3
1356068,2019-12-08,2019-12-29,2019-12-20,92297,244161,1
1356069,2019-12-08,2019-12-29,,92318,536400,3
1356070,2019-12-08,2019-12-29,,92357,946297,3
1356071,2019-12-08,2019-12-29,2019-12-30,92423,146590,1
1356072,2019-12-08,2019-12-29,2019-12-27,92425,504040,1
1356073,2019-12-08,2019-12-29,2019-12-26,92577,462183,1
1356074,2019-12-08,2019-12-29,,92600,711315,3
1356075,2019-12-08,2019-12-29,,92722,348448,3
1356076,2019-12-08,2019-12-29,,92757,930623,3
1356077,2019-12-08,2019-12-29,,92919,413459,3
1356078,2019-12-08,2019-12-29,2019-12-30,92919,631841,1
1356079,2019-12-08,2019-12-29,,92919,650746,3
1356080,2019-12-08,2019-12-29,,92919,820785,3
1356081,2019-12-08,2019-12-29,,93082,226154,3
1356082,2019-12-08,2019-12-29,2019-12-27,93112,230650,1
1356083,2019-12-08,2019-12-29,,93112,340829,3
1356084,2019-12-08,2019-12-29,,93112,354657,3
1356085,2019-12-08,2019-12-29,,93112,555976,3
1356086,2019-12-08,2019-12-29,,93112,911967,3
1356087,2019-12-08,2019-12-29,,93121,832689,3
1356088,2019-12-08,2019-12-29,,93242,811796,3
1356089,2019-12-08,2019-12-29,2019-12-25,93673,321010,1
1356090,2019-12-08,2019-12-29,2019-12-26,93749,623810,1
1356091,2019-12-08,2019-12-29,,93925,89814,3
1356092,2019-12-08,2019-12-29,,94103,104192,3
1356093,2019-12-08,2019-12-29,,94311,115580,3
1356094,2019-12-08,2019-12-29,,94435,902493,3
1356095,2019-12-08,2019-12-29,,94576,798263,3
1356096,2019-12-08,2019-12-29,,94786,226350,3
1356097,2019-12-08,2019-12-29,,94786,355241,3
1356098,2019-12-08,2019-12-29,2019-12-29,94799,270068,1
1356099,2019-12-08,2019-12-29,,94799,419115,3
1356100,2019-12-08,2019-12-29,,94911,313170,3
1356101,2019-12-08,2019-12-29,2019-12-28,95080,103481,1
1356102,2019-12-08,2019-12-29,2019-12-25,95195,9572,1
1356103,2019-12-08,2019-12-29,2019-12-28,95195,492923,1
1356104,2019-12-08,2019-12-29,,95195,782938,3
1356105,2019-12-08,2019-12-29,2019-12-30,95488,480762,1
1356106,2019-12-08,2019-12-29,,95570,41930,3
1356107,2019-12-08,2019-12-29,2019-12-21,95942,104193,1
1356108,2019-12-08,2019-12-29,,95942,378053,3
1356109,2019-12-08,2019-12-29,,95987,921327,3
1356110,2019-12-08,2019-12-29,,96054,97147,3
1356111,2019-12-08,2019-12-29,2019-12-24,96054,196921,1
1356112,2019-12-08,2019-12-29,,96155,868836,3
1356113,2019-12-08,2019-12-29,2019-12-23,96202,27562,1
1356114,2019-12-08,2019-12-29,,96287,145182,3
1356115,2019-12-08,2019-12-29,,96549,298545,3
1356116,2019-12-08,2019-12-29,,96609,490392,3
1356117,2019-12-08,2019-12-29,,96712,735193,3
1356118,2019-12-08,2019-12-29,,96797,547312,3
1356119,2019-12-08,2019-12-29,,96797,652117,3
1356120,2019-12-08,2019-12-29,2019-12-29,96901,693285,1
1356121,2019-12-08,2019-12-29,2019-12-28,96901,878892,1
1356122,2019-12-08,2019-12-29,2019-12-18,96985,561113,1
1356123,2019-12-08,2019-12-29,2019-12-24,97356,66164,1
1356124,2019-12-08,2019-12-29,,97518,529095,3
1356125,2019-12-08,2019-12-29,2019-12-29,97673,832163,1
1356126,2019-12-08,2019-12-29,,97851,218561,3
1356127,2019-12-08,2019-12-29,,98351,37066,3
1356128,2019-12-08,2019-12-29,,98351,879474,3
1356129,2019-12-08,2019-12-29,,98430,240565,3
1356130,2019-12-08,2019-12-29,2019-12-25,98483,576042,1
1356131,2019-12-08,2019-12-29,2019-12-24,98669,171823,1
1356132,2019-12-08,2019-12-29,2019-12-28,98674,366474,1
1356133,2019-12-08,2019-12-29,,98992,437376,3
1356134,2019-12-08,2019-12-29,,99355,561517,3
1356135,2019-12-08,2019-12-29,2019-12-21,99355,817035,1
1356136,2019-12-08,2019-12-29,,99624,877254,3
1356137,2019-12-08,2019-12-29,,99639,907217,3
1356138,2019-12-08,2019-12-29,,99667,14438,3
1356139,2019-12-08,2019-12-29,,100213,342032,3
1356140,2019-12-08,2019-12-29,,100271,337952,3
1356141,2019-12-08,2019-12-29,,100271,786783,3
1356142,2019-12-08,2019-12-29,,100418,163709,3
1356143,2019-12-08,2019-12-29,,100501,694091,3
1356144,2019-12-08,2019-12-29,,100755,673901,3
1356145,2019-12-08,2019-12-29,2019-12-23,100922,846017,1
1356146,2019-12-08,2019-12-29,,101025,680597,3
1356147,2019-12-08,2019-12-29,,101095,201682,3
1356148,2019-12-08,2019-12-29,,101128,705918,3
1356149,2019-12-08,2019-12-29,,101293,778444,3
1356150,2019-12-08,2019-12-29,,101573,596656,3
1356151,2019-12-08,2019-12-29,,101622,729398,3
1356152,2019-12-08,2019-12-29,,101923,244637,3
1356153,2019-12-08,2019-12-29,,102024,309502,3
1356154,2019-12-08,2019-12-29,,102354,182904,3
1356155,2019-12-08,2019-12-29,2019-12-26,102645,917033,1
1356156,2019-12-08,2019-12-29,2019-12-25,102985,651508,1
1356157,2019-12-08,2019-12-29,,103130,601427,3
1356158,2019-12-08,2019-12-29,,103130,665283,3
1356159,2019-12-08,2019-12-29,,103130,774045,3
1356160,2019-12-08,2019-12-29,,103130,774976,3
1356161,2019-12-08,2019-12-29,,103650,190059,3
1356162,2019-12-08,2019-12-29,,103685,881788,3
1356163,2019-12-08,2019-12-29,,104091,545667,3
1356164,2019-12-08,2019-12-29,,104269,767208,3
1356165,2019-12-08,2019-12-29,2019-12-30,104401,311522,1
1356166,2019-12-08,2019-12-29,2019-12-20,104464,21094,1
1356167,2019-12-08,2019-12-29,,104549,640617,3
1356168,2019-12-08,2019-12-29,,104550,290885,3
1356169,2019-12-08,2019-12-29,2019-12-26,104636,652118,1
1356170,2019-12-08,2019-12-29,,104703,4834,3
1356171,2019-12-08,2019-12-29,,104869,249504,3
1356172,2019-12-08,2019-12-29,,104869,481820,3
1356173,2019-12-08,2019-12-29,,104948,25449,3
1356174,2019-12-08,2019-12-29,,105274,652119,3
1356175,2019-12-08,2019-12-29,,105293,191428,3
1356176,2019-12-08,2019-12-29,,105832,841885,3
1356177,2019-12-08,2019-12-29,2019-12-24,105860,804306,1
1356178,2019-12-08,2019-12-29,,106187,654460,3
1356179,2019-12-08,2019-12-29,2019-12-26,106237,643891,1
1356180,2019-12-08,2019-12-29,,106268,584986,3
1356181,2019-12-08,2019-12-29,2019-12-27,106356,806285,1
1356182,2019-12-08,2019-12-29,,106504,309503,3
1356183,2019-12-08,2019-12-29,,106603,944603,3
1356184,2019-12-08,2019-12-29,,106611,561798,3
1356185,2019-12-08,2019-12-29,,106844,371477,3
1356186,2019-12-08,2019-12-29,,106895,698835,3
1356187,2019-12-08,2019-12-29,,107021,362233,3
1356188,2019-12-08,2019-12-29,,107148,770806,3
1356189,2019-12-08,2019-12-29,,107203,900692,3
1356190,2019-12-08,2019-12-29,,107378,344047,3
1356191,2019-12-08,2019-12-29,,107538,441598,3
1356192,2019-12-08,2019-12-29,,107668,621568,3
1356193,2019-12-08,2019-12-29,2019-12-27,107738,176152,1
1356194,2019-12-08,2019-12-29,2019-12-24,107824,662917,1
1356195,2019-12-08,2019-12-29,2019-12-31,108160,602399,1
1356196,2019-12-08,2019-12-29,,108281,93123,3
1356197,2019-12-08,2019-12-29,,108281,340930,3
1356198,2019-12-08,2019-12-29,,108428,900719,3
1356199,2019-12-08,2019-12-29,,108454,297324,3
1356200,2019-12-08,2019-12-29,,108564,40254,3
1356201,2019-12-08,2019-12-29,2019-12-25,108621,527436,1
1356202,2019-12-08,2019-12-29,,108766,61264,3
1356203,2019-12-08,2019-12-29,,108854,442374,3
1356204,2019-12-08,2019-12-29,2019-12-26,108951,33083,1
1356205,2019-12-08,2019-12-29,,109172,698936,3
1356206,2019-12-08,2019-12-29,,109508,26511,3
1356207,2019-12-08,2019-12-29,,109508,215179,3
1356208,2019-12-08,2019-12-29,,109508,425083,3
1356209,2019-12-08,2019-12-29,,109508,707235,3
1356210,2019-12-08,2019-12-29,2019-12-25,109508,764033,1
1356211,2019-12-08,2019-12-29,,109671,925234,3
1356212,2019-12-08,2019-12-29,2019-12-21,109853,444692,1
1356213,2019-12-08,2019-12-29,,109853,763206,3
1356214,2019-12-08,2019-12-29,,109923,838319,3
1356215,2019-12-08,2019-12-29,2019-12-24,110249,630147,1
1356216,2019-12-08,2019-12-29,,110282,625459,3
1356217,2019-12-08,2019-12-29,,110319,343938,3
1356218,2019-12-08,2019-12-29,,110458,530042,3
1356219,2019-12-08,2019-12-29,,110558,116476,3
1356220,2019-12-08,2019-12-29,,110575,511465,3
1356221,2019-12-08,2019-12-29,,110647,200474,3
1356222,2019-12-08,2019-12-29,,110705,104194,3
1356223,2019-12-08,2019-12-29,,110788,842903,3
1356224,2019-12-08,2019-12-29,,110898,725912,3
1356225,2019-12-08,2019-12-29,,110935,7759,3
1356226,2019-12-08,2019-12-29,2019-12-20,111252,5249,1
1356227,2019-12-08,2019-12-29,,111252,859692,3
1356228,2019-12-08,2019-12-29,,111254,282701,3
1356229,2019-12-08,2019-12-29,,111393,899981,3
1356230,2019-12-08,2019-12-29,,111451,561522,3
1356231,2019-12-08,2019-12-29,,111538,51857,3
1356232,2019-12-08,2019-12-29,,111538,432616,3
1356233,2019-12-08,2019-12-29,,111598,864882,3
1356234,2019-12-08,2019-12-29,2019-12-25,111747,213539,1
1356235,2019-12-08,2019-12-29,,112321,78329,3
1356236,2019-12-08,2019-12-29,2019-12-22,112321,560445,1
1356237,2019-12-08,2019-12-29,2019-12-30,112386,234193,1
1356238,2019-12-08,2019-12-29,,112395,107730,3
1356239,2019-12-08,2019-12-29,2019-12-26,112465,600432,1
1356240,2019-12-08,2019-12-29,2019-12-23,112493,98863,1
1356241,2019-12-08,2019-12-29,,112605,443584,3
1356242,2019-12-08,2019-12-29,,112645,945614,3
1356243,2019-12-08,2019-12-29,,112788,70818,3
1356244,2019-12-08,2019-12-29,,113018,21487,3
1356245,2019-12-08,2019-12-29,,113081,681480,3
1356246,2019-12-08,2019-12-29,,113504,542783,3
1356247,2019-12-08,2019-12-29,,113622,705785,3
1356248,2019-12-08,2019-12-29,,113695,728375,3
1356249,2019-12-08,2019-12-29,,113832,932210,3
1356250,2019-12-08,2019-12-29,,113986,533342,3
1356251,2019-12-08,2019-12-29,2019-12-31,114118,20111,1
1356252,2019-12-08,2019-12-29,,114328,533423,3
1356253,2019-12-08,2019-12-29,,114328,628509,3
1356254,2019-12-08,2019-12-29,,114328,905709,3
1356255,2019-12-08,2019-12-29,2019-12-27,114472,25600,1
1356256,2019-12-08,2019-12-29,,114472,247895,3
1356257,2019-12-08,2019-12-29,,114472,382616,3
1356258,2019-12-08,2019-12-29,,114493,526993,3
1356259,2019-12-08,2019-12-29,,114916,419096,3
1356260,2019-12-08,2019-12-29,,114916,683102,3
1356261,2019-12-08,2019-12-29,,114916,837178,3
1356262,2019-12-08,2019-12-29,,114965,417514,3
1356263,2019-12-08,2019-12-29,,114999,750850,3
1356264,2019-12-08,2019-12-29,,115009,192553,3
1356265,2019-12-08,2019-12-29,,115009,419103,3
1356266,2019-12-08,2019-12-29,,115009,492924,3
1356267,2019-12-08,2019-12-29,,115009,683103,3
1356268,2019-12-08,2019-12-29,,115155,682977,3
1356269,2019-12-08,2019-12-29,,115346,140541,3
1356270,2019-12-08,2019-12-29,2019-12-27,115383,676108,1
1356271,2019-12-08,2019-12-29,,115395,269997,3
1356272,2019-12-08,2019-12-29,,115560,871816,3
1356273,2019-12-08,2019-12-29,,116110,909479,3
1356274,2019-12-08,2019-12-29,2019-12-29,116773,491297,1
1356275,2019-12-08,2019-12-29,,116837,695037,3
1356276,2019-12-08,2019-12-29,,117190,177157,3
1356277,2019-12-08,2019-12-29,,117363,309504,3
1356278,2019-12-08,2019-12-29,,117389,652196,3
1356279,2019-12-08,2019-12-29,,117506,698689,3
1356280,2019-12-08,2019-12-29,,117556,249130,3
1356281,2019-12-08,2019-12-29,2019-12-26,117573,913758,1
1356282,2019-12-08,2019-12-29,,117679,922545,3
1356283,2019-12-08,2019-12-29,2019-12-28,117757,222923,1
1356284,2019-12-08,2019-12-29,2019-12-27,117877,423629,1
1356285,2019-12-08,2019-12-29,,118033,34398,3
1356286,2019-12-08,2019-12-29,,118074,90672,3
1356287,2019-12-08,2019-12-29,,118367,610759,3
1356288,2019-12-08,2019-12-29,,118454,729494,3
1356289,2019-12-08,2019-12-29,,118706,316136,3
1356290,2019-12-08,2019-12-29,,118884,733428,3
1356291,2019-12-08,2019-12-29,2019-12-28,118955,503462,1
1356292,2019-12-08,2019-12-29,2019-12-28,119016,543705,1
1356293,2019-12-08,2019-12-29,,119048,362318,3
1356294,2019-12-08,2019-12-29,2019-12-22,119086,837848,1
1356295,2019-12-08,2019-12-29,,119127,229544,3
1356296,2019-12-08,2019-12-29,2019-12-30,119315,210232,1
1356297,2019-12-08,2019-12-29,2019-12-23,119428,763940,1
1356298,2019-12-08,2019-12-29,2019-12-23,119450,598631,1
1356299,2019-12-08,2019-12-29,,119593,839704,3
1356300,2019-12-08,2019-12-29,,119736,9588,3
1356301,2019-12-08,2019-12-29,2019-12-24,120116,469435,1
1356302,2019-12-08,2019-12-29,2019-12-19,120116,917336,1
1356303,2019-12-08,2019-12-29,2019-12-29,120116,942151,1
1356304,2019-12-08,2019-12-29,,120172,670014,3
1356305,2019-12-08,2019-12-29,,120172,883953,3
1356306,2019-12-08,2019-12-29,,120377,51731,3
1356307,2019-12-08,2019-12-29,,120530,49542,3
1356308,2019-12-08,2019-12-29,,120631,159005,3
1356309,2019-12-08,2019-12-29,2019-12-22,120631,213682,1
1356310,2019-12-08,2019-12-29,2019-12-24,120702,429492,1
1356311,2019-12-08,2019-12-29,2019-12-30,120702,465935,1
1356312,2019-12-08,2019-12-29,2019-12-27,120702,475864,1
1356313,2019-12-08,2019-12-29,2019-12-31,120702,688391,1
1356314,2019-12-08,2019-12-29,2019-12-31,120702,848319,1
1356315,2019-12-08,2019-12-29,,120836,97195,3
1356316,2019-12-08,2019-12-29,,120867,104346,3
1356317,2019-12-08,2019-12-29,2019-12-28,120929,471976,1
1356318,2019-12-08,2019-12-29,,121151,419076,3
1356319,2019-12-08,2019-12-29,,121214,414686,3
1356320,2019-12-08,2019-12-29,2019-12-31,121298,743913,1
1356321,2019-12-08,2019-12-29,,121633,205671,3
1356322,2019-12-08,2019-12-29,2019-12-26,121646,731599,1
1356323,2019-12-08,2019-12-29,,121676,567081,3
1356324,2019-12-08,2019-12-29,,121719,634374,3
1356325,2019-12-08,2019-12-29,,121743,800911,3
1356326,2019-12-08,2019-12-29,2019-12-22,121802,552611,1
1356327,2019-12-08,2019-12-29,,121973,364763,3
1356328,2019-12-08,2019-12-29,2019-12-21,122010,698836,1
1356329,2019-12-08,2019-12-29,,122155,845423,3
1356330,2019-12-08,2019-12-29,,122220,570195,3
1356331,2019-12-08,2019-12-29,,122499,586870,3
1356332,2019-12-08,2019-12-29,,122520,698837,3
1356333,2019-12-08,2019-12-29,,122610,542274,3
1356334,2019-12-08,2019-12-29,,122750,652951,3
1356335,2019-12-08,2019-12-29,,122997,372787,3
1356336,2019-12-08,2019-12-29,,123003,955185,3
1356337,2019-12-08,2019-12-29,,123007,645834,3
1356338,2019-12-08,2019-12-29,,123025,593686,3
1356339,2019-12-08,2019-12-29,2019-12-28,123025,748461,1
1356340,2019-12-08,2019-12-29,,123025,759432,3
1356341,2019-12-08,2019-12-29,2019-12-27,123435,104347,1
1356342,2019-12-08,2019-12-29,2019-12-31,123564,771788,1
1356343,2019-12-08,2019-12-29,2019-12-23,123759,139242,1
1356344,2019-12-08,2019-12-29,,123883,128656,3
1356345,2019-12-08,2019-12-29,,124096,881794,3
1356346,2019-12-08,2019-12-29,,124239,938424,3
1356347,2019-12-08,2019-12-29,2019-12-23,124352,401160,1
1356348,2019-12-08,2019-12-29,,124366,240962,3
1356349,2019-12-08,2019-12-29,,124388,18895,3
1356350,2019-12-08,2019-12-29,2019-12-25,124615,749899,1
1356351,2019-12-08,2019-12-29,2019-12-19,124984,142543,1
1356352,2019-12-08,2019-12-29,,125040,153085,3
1356353,2019-12-08,2019-12-29,,125052,454224,3
1356354,2019-12-08,2019-12-29,2019-12-26,125052,783714,1
1356355,2019-12-08,2019-12-29,,125256,145132,3
1356356,2019-12-08,2019-12-29,,125436,416015,3
1356357,2019-12-08,2019-12-29,,125545,927486,3
1356358,2019-12-08,2019-12-29,2019-12-23,125545,933976,1
1356359,2019-12-08,2019-12-29,,125559,698838,3
1356360,2019-12-08,2019-12-29,,125651,621756,3
1356361,2019-12-08,2019-12-29,,125652,9789,3
1356362,2019-12-08,2019-12-29,2019-12-19,125652,26710,1
1356363,2019-12-08,2019-12-29,2019-12-25,125652,124665,1
1356364,2019-12-08,2019-12-29,2019-12-27,125652,447631,1
1356365,2019-12-08,2019-12-29,,125652,541746,3
1356366,2019-12-08,2019-12-29,2019-12-20,125652,696291,1
1356367,2019-12-08,2019-12-29,2019-12-23,125652,770048,1
1356368,2019-12-08,2019-12-29,2019-12-21,125652,882090,1
1356369,2019-12-08,2019-12-29,,125799,38750,3
1356370,2019-12-08,2019-12-29,2019-12-23,125827,106160,1
1356371,2019-12-08,2019-12-29,,125852,168687,3
1356372,2019-12-08,2019-12-29,,126174,910794,3
1356373,2019-12-08,2019-12-29,2019-12-23,126192,237622,1
1356374,2019-12-08,2019-12-29,,126192,951347,3
1356375,2019-12-08,2019-12-29,,126307,9830,3
1356376,2019-12-08,2019-12-29,,126576,62837,3
1356377,2019-12-08,2019-12-29,,126633,230936,3
1356378,2019-12-08,2019-12-29,2019-12-29,126763,671474,1
1356379,2019-12-08,2019-12-29,,126773,337509,3
1356380,2019-12-08,2019-12-29,,126918,706751,3
1356381,2019-12-08,2019-12-29,,126950,783079,3
1356382,2019-12-08,2019-12-29,,126958,732180,3
1356383,2019-12-08,2019-12-29,,127530,158488,3
1356384,2019-12-08,2019-12-29,,127667,8520,3
1356385,2019-12-08,2019-12-29,,127685,365656,3
1356386,2019-12-08,2019-12-29,2019-12-31,127685,926838,1
1356387,2019-12-08,2019-12-29,2019-12-26,127727,13300,1
1356388,2019-12-08,2019-12-29,2019-12-23,127737,233006,1
1356389,2019-12-08,2019-12-29,,127775,886716,3
1356390,2019-12-08,2019-12-29,,127818,632578,3
1356391,2019-12-08,2019-12-29,,127832,495091,3
1356392,2019-12-08,2019-12-29,,127927,21069,3
1356393,2019-12-08,2019-12-29,,127927,130149,3
1356394,2019-12-08,2019-12-29,,127927,132947,3
1356395,2019-12-08,2019-12-29,,127927,525655,3
1356396,2019-12-08,2019-12-29,,127927,573619,3
1356397,2019-12-08,2019-12-29,,127927,582146,3
1356398,2019-12-08,2019-12-29,2019-12-20,127927,630319,1
1356399,2019-12-08,2019-12-29,,127927,840204,3
1356400,2019-12-08,2019-12-29,,127952,663720,3
1356401,2019-12-08,2019-12-29,,127990,504848,3
1356402,2019-12-08,2019-12-29,,128001,417658,3
1356403,2019-12-08,2019-12-29,,128042,5550,3
1356404,2019-12-08,2019-12-29,,128193,426833,3
1356405,2019-12-08,2019-12-29,,128285,819272,3
1356406,2019-12-08,2019-12-29,,128394,29221,3
1356407,2019-12-08,2019-12-29,2019-12-28,128465,952204,1
1356408,2019-12-08,2019-12-29,,128543,845283,3
1356409,2019-12-08,2019-12-29,,128695,114052,3
1356410,2019-12-08,2019-12-29,,128709,613312,3
1356411,2019-12-08,2019-12-29,2019-12-27,128709,947459,1
1356412,2019-12-08,2019-12-29,2019-12-19,129007,101424,1
1356413,2019-12-08,2019-12-29,,129007,804854,3
1356414,2019-12-08,2019-12-29,,129009,832535,3
1356415,2019-12-08,2019-12-29,,129125,31414,3
1356416,2019-12-08,2019-12-29,,129132,412291,3
1356417,2019-12-08,2019-12-29,,129132,482225,3
1356418,2019-12-08,2019-12-29,,129483,199521,3
1356419,2019-12-08,2019-12-29,2019-12-24,129534,579160,1
1356420,2019-12-08,2019-12-29,,129582,315117,3
1356421,2019-12-08,2019-12-29,2019-12-21,129639,64621,1
1356422,2019-12-08,2019-12-29,,129655,887668,3
1356423,2019-12-08,2019-12-29,2019-12-25,129663,510166,1
1356424,2019-12-08,2019-12-29,2019-12-23,129663,679163,1
1356425,2019-12-08,2019-12-29,,129880,282175,3
1356426,2019-12-08,2019-12-29,2019-12-19,129896,129773,1
1356427,2019-12-08,2019-12-29,2019-12-18,129896,790995,1
1356428,2019-12-08,2019-12-29,,129896,872867,3
1356429,2019-12-08,2019-12-29,,130328,697756,3
1356430,2019-12-08,2019-12-29,,130570,76636,3
1356431,2019-12-08,2019-12-29,2019-12-22,130673,104195,1
1356432,2019-12-08,2019-12-29,,130673,686693,3
1356433,2019-12-08,2019-12-29,,131131,364543,3
1356434,2019-12-08,2019-12-29,,131190,913919,3
1356435,2019-12-08,2019-12-29,,131237,335845,3
1356436,2019-12-08,2019-12-29,,131279,408956,3
1356437,2019-12-08,2019-12-29,2019-12-21,131931,281625,1
1356438,2019-12-08,2019-12-29,,131940,72214,3
1356439,2019-12-08,2019-12-29,2019-12-31,132121,232834,1
1356440,2019-12-08,2019-12-29,,132133,100360,3
1356441,2019-12-08,2019-12-29,,132133,922387,3
1356442,2019-12-08,2019-12-29,2019-12-25,132144,312848,1
1356443,2019-12-08,2019-12-29,,132144,815710,3
1356444,2019-12-08,2019-12-29,,132659,709198,3
1356445,2019-12-08,2019-12-29,2019-12-24,132659,894759,1
1356446,2019-12-08,2019-12-29,2019-12-26,132769,208469,1
1356447,2019-12-08,2019-12-29,,132787,104196,3
1356448,2019-12-08,2019-12-29,2019-12-26,132920,90574,1
1356449,2019-12-08,2019-12-29,,133209,336893,3
1356450,2019-12-08,2019-12-29,2019-12-23,133273,896231,1
1356451,2019-12-08,2019-12-29,,133273,903823,3
1356452,2019-12-08,2019-12-29,,133299,705786,3
1356453,2019-12-08,2019-12-29,,133511,355075,3
1356454,2019-12-08,2019-12-29,2019-12-27,133563,151378,1
1356455,2019-12-08,2019-12-29,,133649,386761,3
1356456,2019-12-08,2019-12-29,,133744,609861,3
1356457,2019-12-08,2019-12-29,2019-12-23,134073,370592,1
1356458,2019-12-08,2019-12-29,,134494,720980,3
1356459,2019-12-08,2019-12-29,,134534,19034,3
1356460,2019-12-08,2019-12-29,,134700,381773,3
1356461,2019-12-08,2019-12-29,,134849,650230,3
1356462,2019-12-08,2019-12-29,,134966,170615,3
1356463,2019-12-08,2019-12-29,,135027,713850,3
1356464,2019-12-08,2019-12-29,2019-12-29,135447,91639,1
1356465,2019-12-08,2019-12-29,,135540,557667,3
1356466,2019-12-08,2019-12-29,,135754,317237,3
1356467,2019-12-08,2019-12-29,,135754,587366,3
1356468,2019-12-08,2019-12-29,,135901,30152,3
1356469,2019-12-08,2019-12-29,2019-12-27,135930,701041,1
1356470,2019-12-08,2019-12-29,2019-12-31,136004,261074,1
1356471,2019-12-08,2019-12-29,,136102,681094,3
1356472,2019-12-08,2019-12-29,2019-12-24,136336,151400,1
1356473,2019-12-08,2019-12-29,,136336,453944,3
1356474,2019-12-08,2019-12-29,,136457,933384,3
1356475,2019-12-08,2019-12-29,2019-12-25,136497,71960,1
1356476,2019-12-08,2019-12-29,,136971,946571,3
1356477,2019-12-08,2019-12-29,,137046,442808,3
1356478,2019-12-08,2019-12-29,,137142,382217,3
1356479,2019-12-08,2019-12-29,2019-12-26,137207,899009,1
1356480,2019-12-08,2019-12-29,,137348,857267,3
1356481,2019-12-08,2019-12-29,,137585,671280,3
1356482,2019-12-08,2019-12-29,,137757,621681,3
1356483,2019-12-08,2019-12-29,2019-12-22,138076,625235,1
1356484,2019-12-08,2019-12-29,,138143,712850,3
1356485,2019-12-08,2019-12-29,,138188,391518,3
1356486,2019-12-08,2019-12-29,,138205,72832,3
1356487,2019-12-08,2019-12-29,,138205,514930,3
1356488,2019-12-08,2019-12-29,,138205,521795,3
1356489,2019-12-08,2019-12-29,,138231,566872,3
1356490,2019-12-08,2019-12-29,,138299,742906,3
1356491,2019-12-08,2019-12-29,,138325,618316,3
1356492,2019-12-08,2019-12-29,,138587,22758,3
1356493,2019-12-08,2019-12-29,,138587,101338,3
1356494,2019-12-08,2019-12-29,,138587,171017,3
1356495,2019-12-08,2019-12-29,,138587,191458,3
1356496,2019-12-08,2019-12-29,,138587,199354,3
1356497,2019-12-08,2019-12-29,,138587,218737,3
1356498,2019-12-08,2019-12-29,,138587,357547,3
1356499,2019-12-08,2019-12-29,,138587,519167,3
1356500,2019-12-08,2019-12-29,,138587,521506,3
1356501,2019-12-08,2019-12-29,,138587,624383,3
1356502,2019-12-08,2019-12-29,,138587,664564,3
1356503,2019-12-08,2019-12-29,,138587,737218,3
1356504,2019-12-08,2019-12-29,,138587,830983,3
1356505,2019-12-08,2019-12-29,,138587,841200,3
1356506,2019-12-08,2019-12-29,,138587,888387,3
1356507,2019-12-08,2019-12-29,,138723,232879,3
1356508,2019-12-08,2019-12-29,,138723,499163,3
1356509,2019-12-08,2019-12-29,,138788,698594,3
1356510,2019-12-08,2019-12-29,2019-12-31,138890,899231,1
1356511,2019-12-08,2019-12-29,2019-12-31,138927,75461,1
1356512,2019-12-08,2019-12-29,2019-12-22,138927,104348,1
1356513,2019-12-08,2019-12-29,2019-12-20,139426,229303,1
1356514,2019-12-08,2019-12-29,,139584,93021,3
1356515,2019-12-08,2019-12-29,2019-12-29,139787,900318,1
1356516,2019-12-08,2019-12-29,,139861,333000,3
1356517,2019-12-08,2019-12-29,,140037,146697,3
1356518,2019-12-08,2019-12-29,2019-12-29,140037,197024,1
1356519,2019-12-08,2019-12-29,2019-12-27,140037,280148,1
1356520,2019-12-08,2019-12-29,,140037,346579,3
1356521,2019-12-08,2019-12-29,,140037,448596,3
1356522,2019-12-08,2019-12-29,,140037,606219,3
1356523,2019-12-08,2019-12-29,2019-12-29,140037,855840,1
1356524,2019-12-08,2019-12-29,2019-12-23,140037,905710,1
1356525,2019-12-08,2019-12-29,,140081,28094,3
1356526,2019-12-08,2019-12-29,,140259,845075,3
1356527,2019-12-08,2019-12-29,,140280,402160,3
1356528,2019-12-08,2019-12-29,,140295,221726,3
1356529,2019-12-08,2019-12-29,,140295,222855,3
1356530,2019-12-08,2019-12-29,,140296,9583,3
1356531,2019-12-08,2019-12-29,,140296,475872,3
1356532,2019-12-08,2019-12-29,2019-12-19,140402,201599,1
1356533,2019-12-08,2019-12-29,2019-12-24,140544,188877,1
1356534,2019-12-08,2019-12-29,,140683,382712,3
1356535,2019-12-08,2019-12-29,,140852,930944,3
1356536,2019-12-08,2019-12-29,,140861,430033,3
1356537,2019-12-08,2019-12-29,2019-12-30,141128,443003,1
1356538,2019-12-08,2019-12-29,2019-12-19,141156,209529,1
1356539,2019-12-08,2019-12-29,2019-12-19,141170,845055,1
1356540,2019-12-08,2019-12-29,,141236,162226,3
1356541,2019-12-08,2019-12-29,,141236,674641,3
1356542,2019-12-08,2019-12-29,,141308,201374,3
1356543,2019-12-08,2019-12-29,,141308,900313,3
1356544,2019-12-08,2019-12-29,,141363,243325,3
1356545,2019-12-08,2019-12-29,,141428,92352,3
1356546,2019-12-08,2019-12-29,2019-12-22,141428,96459,1
1356547,2019-12-08,2019-12-29,,141428,240566,3
1356548,2019-12-08,2019-12-29,,141428,397573,3
1356549,2019-12-08,2019-12-29,,141428,435881,3
1356550,2019-12-08,2019-12-29,2019-12-21,141428,496655,1
1356551,2019-12-08,2019-12-29,,141428,718627,3
1356552,2019-12-08,2019-12-29,,141477,846976,3
1356553,2019-12-08,2019-12-29,,141605,203320,3
1356554,2019-12-08,2019-12-29,2019-12-29,141609,192511,1
1356555,2019-12-08,2019-12-29,2019-12-23,141620,111050,1
1356556,2019-12-08,2019-12-29,,141620,449588,3
1356557,2019-12-08,2019-12-29,,141620,790496,3
1356558,2019-12-08,2019-12-29,,141641,96256,3
1356559,2019-12-08,2019-12-29,,141712,144446,3
1356560,2019-12-08,2019-12-29,,141769,538501,3
1356561,2019-12-08,2019-12-29,,141800,14822,3
1356562,2019-12-08,2019-12-29,,141956,333059,3
1356563,2019-12-08,2019-12-29,2019-12-26,141988,465579,1
1356564,2019-12-08,2019-12-29,,142261,501409,3
1356565,2019-12-08,2019-12-29,,142261,648836,3
1356566,2019-12-08,2019-12-29,,142369,652120,3
1356567,2019-12-08,2019-12-29,2019-12-31,142574,68852,1
1356568,2019-12-08,2019-12-29,,142584,688369,3
1356569,2019-12-08,2019-12-29,,142584,927243,3
1356570,2019-12-08,2019-12-29,,142779,640876,3
1356571,2019-12-08,2019-12-29,,143245,942725,3
1356572,2019-12-08,2019-12-29,,143431,927244,3
1356573,2019-12-08,2019-12-29,,143516,764244,3
1356574,2019-12-08,2019-12-29,,143558,132777,3
1356575,2019-12-08,2019-12-29,,143558,344937,3
1356576,2019-12-08,2019-12-29,2019-12-27,143586,334681,1
1356577,2019-12-08,2019-12-29,,143586,907704,3
1356578,2019-12-08,2019-12-29,,143713,397588,3
1356579,2019-12-08,2019-12-29,,143715,239757,3
1356580,2019-12-08,2019-12-29,,143715,244162,3
1356581,2019-12-08,2019-12-29,2019-12-25,143715,498471,1
1356582,2019-12-08,2019-12-29,,143715,684663,3
1356583,2019-12-08,2019-12-29,,143725,481640,3
1356584,2019-12-08,2019-12-29,,143872,309210,3
1356585,2019-12-08,2019-12-29,,143872,834542,3
1356586,2019-12-08,2019-12-29,,143888,626829,3
1356587,2019-12-08,2019-12-29,,143888,817987,3
1356588,2019-12-08,2019-12-29,,143964,547313,3
1356589,2019-12-08,2019-12-29,,143964,646801,3
1356590,2019-12-08,2019-12-29,,143964,869745,3
1356591,2019-12-08,2019-12-29,,143974,116401,3
1356592,2019-12-08,2019-12-29,,143988,184902,3
1356593,2019-12-08,2019-12-29,,144064,765810,3
1356594,2019-12-08,2019-12-29,2019-12-29,144294,245217,1
1356595,2019-12-08,2019-12-29,2019-12-27,144529,471273,1
1356596,2019-12-08,2019-12-29,,144563,104436,3
1356597,2019-12-08,2019-12-29,,144563,886368,3
1356598,2019-12-08,2019-12-29,,144773,299119,3
1356599,2019-12-08,2019-12-29,,144773,363905,3
1356600,2019-12-08,2019-12-29,,144855,225685,3
1356601,2019-12-08,2019-12-29,2019-12-28,144855,322893,1
1356602,2019-12-08,2019-12-29,,144947,889188,3
1356603,2019-12-08,2019-12-29,2019-12-21,145002,173432,1
1356604,2019-12-08,2019-12-29,,145747,110067,3
1356605,2019-12-08,2019-12-29,,145991,358362,3
1356606,2019-12-08,2019-12-29,,146041,640874,3
1356607,2019-12-08,2019-12-29,,146291,826110,3
1356608,2019-12-08,2019-12-29,,146442,814096,3
1356609,2019-12-08,2019-12-29,,146623,42453,3
1356610,2019-12-08,2019-12-29,2019-12-24,146733,741847,1
1356611,2019-12-08,2019-12-29,,146737,648771,3
1356612,2019-12-08,2019-12-29,2019-12-28,146807,361242,1
1356613,2019-12-08,2019-12-29,2019-12-25,147018,870118,1
1356614,2019-12-08,2019-12-29,,147330,152813,3
1356615,2019-12-08,2019-12-29,,147489,574368,3
1356616,2019-12-08,2019-12-29,,147489,648804,3
1356617,2019-12-08,2019-12-29,,147691,897427,3
1356618,2019-12-08,2019-12-29,,147735,274751,3
1356619,2019-12-08,2019-12-29,,147735,567748,3
1356620,2019-12-08,2019-12-29,2019-12-22,147786,366852,1
1356621,2019-12-08,2019-12-29,,147790,215170,3
1356622,2019-12-08,2019-12-29,2019-12-22,147790,271665,1
1356623,2019-12-08,2019-12-29,,147842,683178,3
1356624,2019-12-08,2019-12-29,,147949,184031,3
1356625,2019-12-08,2019-12-29,,148503,112963,3
1356626,2019-12-08,2019-12-29,2019-12-21,148503,779062,1
1356627,2019-12-08,2019-12-29,,148503,838318,3
1356628,2019-12-08,2019-12-29,2019-12-22,148557,338689,1
1356629,2019-12-08,2019-12-29,,148764,382713,3
1356630,2019-12-08,2019-12-29,,149124,385753,3
1356631,2019-12-08,2019-12-29,,149129,68431,3
1356632,2019-12-08,2019-12-29,2019-12-30,149129,495144,1
1356633,2019-12-08,2019-12-29,,149129,533413,3
1356634,2019-12-08,2019-12-29,,149129,654464,3
1356635,2019-12-08,2019-12-29,,149305,26492,3
1356636,2019-12-08,2019-12-29,2019-12-23,149519,408321,1
1356637,2019-12-08,2019-12-29,,149519,422000,3
1356638,2019-12-08,2019-12-29,2019-12-20,149519,576064,1
1356639,2019-12-08,2019-12-29,,149519,654969,3
1356640,2019-12-08,2019-12-29,2019-12-30,149909,414181,1
1356641,2019-12-08,2019-12-29,,149926,871115,3
1356642,2019-12-08,2019-12-29,,149947,186365,3
1356643,2019-12-08,2019-12-29,,149969,388487,3
1356644,2019-12-08,2019-12-29,,149999,595465,3
1356645,2019-12-08,2019-12-29,2019-12-24,150028,693325,1
1356646,2019-12-08,2019-12-29,,150073,439203,3
1356647,2019-12-08,2019-12-29,,150170,457174,3
1356648,2019-12-08,2019-12-29,2019-12-29,150170,492557,1
1356649,2019-12-08,2019-12-29,,150225,254432,3
1356650,2019-12-08,2019-12-29,,150282,181351,3
1356651,2019-12-08,2019-12-29,,150282,353556,3
1356652,2019-12-08,2019-12-29,,150282,604439,3
1356653,2019-12-08,2019-12-29,2019-12-24,150571,826050,1
1356654,2019-12-08,2019-12-29,,150724,864924,3
1356655,2019-12-08,2019-12-29,,150808,621569,3
1356656,2019-12-08,2019-12-29,,150808,698690,3
1356657,2019-12-08,2019-12-29,2019-12-29,150822,203916,1
1356658,2019-12-08,2019-12-29,,150862,232247,3
1356659,2019-12-08,2019-12-29,,151160,100026,3
1356660,2019-12-08,2019-12-29,,151327,273772,3
1356661,2019-12-08,2019-12-29,,151530,449623,3
1356662,2019-12-08,2019-12-29,,151571,686188,3
1356663,2019-12-08,2019-12-29,,151785,226270,3
1356664,2019-12-08,2019-12-29,,151834,634098,3
1356665,2019-12-08,2019-12-29,,152254,802669,3
1356666,2019-12-08,2019-12-29,2019-12-21,152588,671105,1
1356667,2019-12-08,2019-12-29,,152624,652121,3
1356668,2019-12-08,2019-12-29,,153007,944976,3
1356669,2019-12-08,2019-12-29,,153279,201594,3
1356670,2019-12-08,2019-12-29,,153288,585305,3
1356671,2019-12-08,2019-12-29,,153420,267261,3
1356672,2019-12-08,2019-12-29,,153420,391879,3
1356673,2019-12-08,2019-12-29,2019-12-23,153909,663215,1
1356674,2019-12-08,2019-12-29,2019-12-26,154070,861108,1
1356675,2019-12-08,2019-12-29,,154142,218236,3
1356676,2019-12-08,2019-12-29,,154501,696931,3
1356677,2019-12-08,2019-12-29,,154629,552779,3
1356678,2019-12-08,2019-12-29,,154629,750216,3
1356679,2019-12-08,2019-12-29,,154699,116915,3
1356680,2019-12-08,2019-12-29,,154798,493676,3
1356681,2019-12-08,2019-12-29,,155134,434554,3
1356682,2019-12-08,2019-12-29,,155250,795252,3
1356683,2019-12-08,2019-12-29,,155318,311461,3
1356684,2019-12-08,2019-12-29,,155692,40071,3
1356685,2019-12-08,2019-12-29,,155725,809327,3
1356686,2019-12-08,2019-12-29,2019-12-24,155919,456022,1
1356687,2019-12-08,2019-12-29,,156005,917753,3
1356688,2019-12-08,2019-12-29,,156317,651845,3
1356689,2019-12-08,2019-12-29,,156329,798534,3
1356690,2019-12-08,2019-12-29,2019-12-30,156456,185014,1
1356691,2019-12-08,2019-12-29,,156456,446624,3
1356692,2019-12-08,2019-12-29,2019-12-31,156470,49513,1
1356693,2019-12-08,2019-12-29,,156677,568946,3
1356694,2019-12-08,2019-12-29,,156813,147202,3
1356695,2019-12-08,2019-12-29,,156892,332340,3
1356696,2019-12-08,2019-12-29,2019-12-22,156992,779646,1
1356697,2019-12-08,2019-12-29,2019-12-23,157150,226729,1
1356698,2019-12-08,2019-12-29,,157192,185134,3
1356699,2019-12-08,2019-12-29,,157199,366435,3
1356700,2019-12-08,2019-12-29,,157298,79493,3
1356701,2019-12-08,2019-12-29,2019-12-21,157298,207412,1
1356702,2019-12-08,2019-12-29,,157454,348483,3
1356703,2019-12-08,2019-12-29,2019-12-31,157690,341336,1
1356704,2019-12-08,2019-12-29,2019-12-25,157771,826090,1
1356705,2019-12-08,2019-12-29,2019-12-31,158008,546957,1
1356706,2019-12-08,2019-12-29,,158026,652173,3
1356707,2019-12-08,2019-12-29,,158038,828579,3
1356708,2019-12-08,2019-12-29,,158130,20545,3
1356709,2019-12-08,2019-12-29,2019-12-22,158130,201348,1
1356710,2019-12-08,2019-12-29,2019-12-20,158130,900300,1
1356711,2019-12-08,2019-12-29,,158590,147267,3
1356712,2019-12-08,2019-12-29,2019-12-31,158611,447895,1
1356713,2019-12-08,2019-12-29,2019-12-23,158611,607289,1
1356714,2019-12-08,2019-12-29,,158660,545136,3
1356715,2019-12-08,2019-12-29,,158939,650304,3
1356716,2019-12-08,2019-12-29,,159032,119138,3
1356717,2019-12-08,2019-12-29,2019-12-28,159032,699348,1
1356718,2019-12-08,2019-12-29,,159032,902390,3
1356719,2019-12-08,2019-12-29,,159093,950490,3
1356720,2019-12-08,2019-12-29,,159168,45030,3
1356721,2019-12-08,2019-12-29,,159170,918607,3
1356722,2019-12-09,2019-12-30,2019-12-27,21,787107,1
1356723,2019-12-09,2019-12-30,,58,297222,3
1356724,2019-12-09,2019-12-30,,175,160464,3
1356725,2019-12-09,2019-12-30,,175,413400,3
1356726,2019-12-09,2019-12-30,,175,695227,3
1356727,2019-12-09,2019-12-30,,340,223003,3
1356728,2019-12-09,2019-12-30,,409,206620,3
1356729,2019-12-09,2019-12-30,,507,26530,3
1356730,2019-12-09,2019-12-30,,507,770064,3
1356731,2019-12-09,2019-12-30,,523,58328,3
1356732,2019-12-09,2019-12-30,2019-12-31,523,338834,1
1356733,2019-12-09,2019-12-30,,614,4416,3
1356734,2019-12-09,2019-12-30,,615,339043,3
1356735,2019-12-09,2019-12-30,2019-12-31,779,319023,1
1356736,2019-12-09,2019-12-30,,871,41425,3
1356737,2019-12-09,2019-12-30,,986,49534,3
1356738,2019-12-09,2019-12-30,,986,183077,3
1356739,2019-12-09,2019-12-30,,986,671215,3
1356740,2019-12-09,2019-12-30,2019-12-20,1081,88509,1
1356741,2019-12-09,2019-12-30,,1211,885112,3
1356742,2019-12-09,2019-12-30,,1246,222083,3
1356743,2019-12-09,2019-12-30,,1346,364943,3
1356744,2019-12-09,2019-12-30,2019-12-25,1346,731495,1
1356745,2019-12-09,2019-12-30,,1443,391798,3
1356746,2019-12-09,2019-12-30,,1475,224763,3
1356747,2019-12-09,2019-12-30,2019-12-28,1539,322876,1
1356748,2019-12-09,2019-12-30,,1539,325892,3
1356749,2019-12-09,2019-12-30,,1539,740992,3
1356750,2019-12-09,2019-12-30,,1594,151460,3
1356751,2019-12-09,2019-12-30,,1699,948711,3
1356752,2019-12-09,2019-12-30,2019-12-25,1739,176153,1
1356753,2019-12-09,2019-12-30,,1774,58437,3
1356754,2019-12-09,2019-12-30,,1774,486771,3
1356755,2019-12-09,2019-12-30,2019-12-24,1812,213970,1
1356756,2019-12-09,2019-12-30,,1812,465847,3
1356757,2019-12-09,2019-12-30,,1859,71198,3
1356758,2019-12-09,2019-12-30,,1859,523291,3
1356759,2019-12-09,2019-12-30,,1859,846306,3
1356760,2019-12-09,2019-12-30,,2177,660164,3
1356761,2019-12-09,2019-12-30,,2313,321730,3
1356762,2019-12-09,2019-12-30,,2421,689203,3
1356763,2019-12-09,2019-12-30,2019-12-29,2471,559074,1
1356764,2019-12-09,2019-12-30,,2544,708225,3
1356765,2019-12-09,2019-12-30,,2651,270816,3
1356766,2019-12-09,2019-12-30,2019-12-28,2691,20546,1
1356767,2019-12-09,2019-12-30,,2691,911040,3
1356768,2019-12-09,2019-12-30,,2778,705874,3
1356769,2019-12-09,2019-12-30,,2893,647497,3
1356770,2019-12-09,2019-12-30,,2965,472548,3
1356771,2019-12-09,2019-12-30,2019-12-28,3151,599432,1
1356772,2019-12-09,2019-12-30,2019-12-26,3151,836795,1
1356773,2019-12-09,2019-12-30,,3173,174744,3
1356774,2019-12-09,2019-12-30,,3173,310125,3
1356775,2019-12-09,2019-12-30,2019-12-22,3173,785178,1
1356776,2019-12-09,2019-12-30,,3346,738798,3
1356777,2019-12-09,2019-12-30,,3437,864808,3
1356778,2019-12-09,2019-12-30,,3738,326757,3
1356779,2019-12-09,2019-12-30,,3819,264941,3
1356780,2019-12-09,2019-12-30,,3819,491032,3
1356781,2019-12-09,2019-12-30,,3862,126226,3
1356782,2019-12-09,2019-12-30,2019-12-29,3904,491121,1
1356783,2019-12-09,2019-12-30,,4253,837305,3
1356784,2019-12-09,2019-12-30,,4596,227908,3
1356785,2019-12-09,2019-12-30,,4625,103968,3
1356786,2019-12-09,2019-12-30,,4646,812753,3
1356787,2019-12-09,2019-12-30,2019-12-30,5155,470846,1
1356788,2019-12-09,2019-12-30,,5278,498207,3
1356789,2019-12-09,2019-12-30,,5335,840101,3
1356790,2019-12-09,2019-12-30,,5351,570442,3
1356791,2019-12-09,2019-12-30,,5383,602799,3
1356792,2019-12-09,2019-12-30,,5461,443832,3
1356793,2019-12-09,2019-12-30,,5518,615214,3
1356794,2019-12-09,2019-12-30,,5595,170311,3
1356795,2019-12-09,2019-12-30,,5667,21759,3
1356796,2019-12-09,2019-12-30,,5667,516112,3
1356797,2019-12-09,2019-12-30,,5667,760953,3
1356798,2019-12-09,2019-12-30,,5692,422365,3
1356799,2019-12-09,2019-12-30,,5897,535454,3
1356800,2019-12-09,2019-12-30,,6006,311171,3
1356801,2019-12-09,2019-12-30,,6210,142466,3
1356802,2019-12-09,2019-12-30,,6344,453844,3
1356803,2019-12-09,2019-12-30,2019-12-27,6360,924675,1
1356804,2019-12-09,2019-12-30,,6467,845929,3
1356805,2019-12-09,2019-12-30,,6517,149166,3
1356806,2019-12-09,2019-12-30,2019-12-20,6619,363621,1
1356807,2019-12-09,2019-12-30,2019-12-22,6619,476001,1
1356808,2019-12-09,2019-12-30,,6619,601296,3
1356809,2019-12-09,2019-12-30,2019-12-29,6619,770788,1
1356810,2019-12-09,2019-12-30,,6725,106202,3
1356811,2019-12-09,2019-12-30,,6725,825247,3
1356812,2019-12-09,2019-12-30,2019-12-22,6725,873603,1
1356813,2019-12-09,2019-12-30,,6837,405061,3
1356814,2019-12-09,2019-12-30,,6845,49495,3
1356815,2019-12-09,2019-12-30,,6845,455361,3
1356816,2019-12-09,2019-12-30,2019-12-19,6854,740338,1
1356817,2019-12-09,2019-12-30,,7448,241987,3
1356818,2019-12-09,2019-12-30,,7572,144370,3
1356819,2019-12-09,2019-12-30,2019-12-28,7766,765900,1
1356820,2019-12-09,2019-12-30,,7853,163450,3
1356821,2019-12-09,2019-12-30,,7967,556723,3
1356822,2019-12-09,2019-12-30,2019-12-29,8057,116580,1
1356823,2019-12-09,2019-12-30,,8070,696057,3
1356824,2019-12-09,2019-12-30,2019-12-26,8074,247910,1
1356825,2019-12-09,2019-12-30,,8078,781654,3
1356826,2019-12-09,2019-12-30,,8198,593939,3
1356827,2019-12-09,2019-12-30,,8481,32545,3
1356828,2019-12-09,2019-12-30,2019-12-26,8587,25595,1
1356829,2019-12-09,2019-12-30,,8649,269928,3
1356830,2019-12-09,2019-12-30,,8820,632727,3
1356831,2019-12-09,2019-12-30,2019-12-26,8861,465044,1
1356832,2019-12-09,2019-12-30,2019-12-26,9294,745865,1
1356833,2019-12-09,2019-12-30,,9303,920915,3
1356834,2019-12-09,2019-12-30,2019-12-26,9648,404371,1
1356835,2019-12-09,2019-12-30,2019-12-25,9955,574809,1
1356836,2019-12-09,2019-12-30,,9984,399558,3
1356837,2019-12-09,2019-12-30,2019-12-26,10028,589665,1
1356838,2019-12-09,2019-12-30,2019-12-29,10056,180618,1
1356839,2019-12-09,2019-12-30,2019-12-28,10183,93706,1
1356840,2019-12-09,2019-12-30,,10220,549686,3
1356841,2019-12-09,2019-12-30,,10220,671124,3
1356842,2019-12-09,2019-12-30,,10220,903643,3
1356843,2019-12-09,2019-12-30,,10314,376401,3
1356844,2019-12-09,2019-12-30,,10602,104762,3
1356845,2019-12-09,2019-12-30,,10791,39180,3
1356846,2019-12-09,2019-12-30,,10852,93068,3
1356847,2019-12-09,2019-12-30,,10962,585926,3
1356848,2019-12-09,2019-12-30,,10971,247649,3
1356849,2019-12-09,2019-12-30,,11138,942914,3
1356850,2019-12-09,2019-12-30,2019-12-24,11145,2310,1
1356851,2019-12-09,2019-12-30,,11242,211379,3
1356852,2019-12-09,2019-12-30,,11477,267647,3
1356853,2019-12-09,2019-12-30,,11477,383797,3
1356854,2019-12-09,2019-12-30,,11477,806594,3
1356855,2019-12-09,2019-12-30,,11697,509216,3
1356856,2019-12-09,2019-12-30,2019-12-26,11701,97107,1
1356857,2019-12-09,2019-12-30,2019-12-24,11854,323679,1
1356858,2019-12-09,2019-12-30,,11864,348449,3
1356859,2019-12-09,2019-12-30,,11931,434834,3
1356860,2019-12-09,2019-12-30,,12015,37359,3
1356861,2019-12-09,2019-12-30,,12015,186609,3
1356862,2019-12-09,2019-12-30,,12015,757526,3
1356863,2019-12-09,2019-12-30,,12015,950116,3
1356864,2019-12-09,2019-12-30,,12072,212780,3
1356865,2019-12-09,2019-12-30,2019-12-23,12423,390217,1
1356866,2019-12-09,2019-12-30,,12439,681654,3
1356867,2019-12-09,2019-12-30,,12685,113821,3
1356868,2019-12-09,2019-12-30,,12793,732564,3
1356869,2019-12-09,2019-12-30,2019-12-24,12994,458210,1
1356870,2019-12-09,2019-12-30,,13053,589508,3
1356871,2019-12-09,2019-12-30,,13269,759816,3
1356872,2019-12-09,2019-12-30,,13340,791296,3
1356873,2019-12-09,2019-12-30,,13434,887215,3
1356874,2019-12-09,2019-12-30,,13437,128694,3
1356875,2019-12-09,2019-12-30,,13495,101339,3
1356876,2019-12-09,2019-12-30,,13495,287931,3
1356877,2019-12-09,2019-12-30,2019-12-20,13719,523570,1
1356878,2019-12-09,2019-12-30,2019-12-23,13738,864345,1
1356879,2019-12-09,2019-12-30,2019-12-28,13839,88547,1
1356880,2019-12-09,2019-12-30,,13839,90157,3
1356881,2019-12-09,2019-12-30,2019-12-29,13839,124110,1
1356882,2019-12-09,2019-12-30,2019-12-31,13839,390137,1
1356883,2019-12-09,2019-12-30,2019-12-25,14325,526353,1
1356884,2019-12-09,2019-12-30,2019-12-25,14325,871413,1
1356885,2019-12-09,2019-12-30,2019-12-21,14346,616490,1
1356886,2019-12-09,2019-12-30,,14491,621757,3
1356887,2019-12-09,2019-12-30,,14569,81825,3
1356888,2019-12-09,2019-12-30,,14573,356702,3
1356889,2019-12-09,2019-12-30,,14757,686969,3
1356890,2019-12-09,2019-12-30,2019-12-30,14766,76094,1
1356891,2019-12-09,2019-12-30,2019-12-27,14864,26460,1
1356892,2019-12-09,2019-12-30,2019-12-25,14864,806333,1
1356893,2019-12-09,2019-12-30,,14867,395621,3
1356894,2019-12-09,2019-12-30,,14925,859145,3
1356895,2019-12-09,2019-12-30,,15061,61991,3
1356896,2019-12-09,2019-12-30,2019-12-27,15096,472094,1
1356897,2019-12-09,2019-12-30,2019-12-30,15153,216006,1
1356898,2019-12-09,2019-12-30,,15339,167664,3
1356899,2019-12-09,2019-12-30,,15387,115011,3
1356900,2019-12-09,2019-12-30,,15392,650141,3
1356901,2019-12-09,2019-12-30,,15488,310433,3
1356902,2019-12-09,2019-12-30,2019-12-22,15761,852445,1
1356903,2019-12-09,2019-12-30,,15770,333586,3
1356904,2019-12-09,2019-12-30,,15859,815658,3
1356905,2019-12-09,2019-12-30,,15881,859794,3
1356906,2019-12-09,2019-12-30,2019-12-21,16219,648850,1
1356907,2019-12-09,2019-12-30,,16220,438384,3
1356908,2019-12-09,2019-12-30,,16281,712770,3
1356909,2019-12-09,2019-12-30,,16295,672877,3
1356910,2019-12-09,2019-12-30,,16323,826442,3
1356911,2019-12-09,2019-12-30,,16348,287962,3
1356912,2019-12-09,2019-12-30,2019-12-27,16348,445429,1
1356913,2019-12-09,2019-12-30,2019-12-31,16606,47308,1
1356914,2019-12-09,2019-12-30,,16625,456384,3
1356915,2019-12-09,2019-12-30,,16683,768995,3
1356916,2019-12-09,2019-12-30,2019-12-26,16683,878435,1
1356917,2019-12-09,2019-12-30,,16691,76673,3
1356918,2019-12-09,2019-12-30,,16744,679669,3
1356919,2019-12-09,2019-12-30,2019-12-24,17277,60288,1
1356920,2019-12-09,2019-12-30,2019-12-24,17277,301074,1
1356921,2019-12-09,2019-12-30,2019-12-25,17277,371511,1
1356922,2019-12-09,2019-12-30,2019-12-25,17277,729531,1
1356923,2019-12-09,2019-12-30,,17308,297975,3
1356924,2019-12-09,2019-12-30,2019-12-25,17308,936441,1
1356925,2019-12-09,2019-12-30,,17442,603156,3
1356926,2019-12-09,2019-12-30,,17607,166499,3
1356927,2019-12-09,2019-12-30,,17607,203069,3
1356928,2019-12-09,2019-12-30,2019-12-26,17607,569827,1
1356929,2019-12-09,2019-12-30,2019-12-20,17619,282955,1
1356930,2019-12-09,2019-12-30,,17628,552913,3
1356931,2019-12-09,2019-12-30,,17827,366669,3
1356932,2019-12-09,2019-12-30,,17887,478080,3
1356933,2019-12-09,2019-12-30,2019-12-22,17939,328750,1
1356934,2019-12-09,2019-12-30,,18247,513972,3
1356935,2019-12-09,2019-12-30,,18466,320706,3
1356936,2019-12-09,2019-12-30,,18676,330601,3
1356937,2019-12-09,2019-12-30,,18676,873442,3
1356938,2019-12-09,2019-12-30,2019-12-30,18704,1804,1
1356939,2019-12-09,2019-12-30,,18704,179471,3
1356940,2019-12-09,2019-12-30,2019-12-22,18704,776254,1
1356941,2019-12-09,2019-12-30,,18817,410347,3
1356942,2019-12-09,2019-12-30,2019-12-27,18817,714725,1
1356943,2019-12-09,2019-12-30,,18864,456443,3
1356944,2019-12-09,2019-12-30,,19201,848300,3
1356945,2019-12-09,2019-12-30,,19420,504569,3
1356946,2019-12-09,2019-12-30,2019-12-25,19430,407190,1
1356947,2019-12-09,2019-12-30,,19618,121812,3
1356948,2019-12-09,2019-12-30,,19626,441701,3
1356949,2019-12-09,2019-12-30,,19690,256017,3
1356950,2019-12-09,2019-12-30,2019-12-24,19736,919281,1
1356951,2019-12-09,2019-12-30,,19947,7238,3
1356952,2019-12-09,2019-12-30,,20055,615963,3
1356953,2019-12-09,2019-12-30,2019-12-27,20099,208638,1
1356954,2019-12-09,2019-12-30,,20124,190960,3
1356955,2019-12-09,2019-12-30,,20325,705787,3
1356956,2019-12-09,2019-12-30,,20420,209934,3
1356957,2019-12-09,2019-12-30,,20462,511968,3
1356958,2019-12-09,2019-12-30,,20592,87031,3
1356959,2019-12-09,2019-12-30,,20782,77941,3
1356960,2019-12-09,2019-12-30,,20782,907471,3
1356961,2019-12-09,2019-12-30,,20834,394680,3
1356962,2019-12-09,2019-12-30,,20853,247718,3
1356963,2019-12-09,2019-12-30,,20936,871817,3
1356964,2019-12-09,2019-12-30,,21001,177078,3
1356965,2019-12-09,2019-12-30,2019-12-23,21364,424889,1
1356966,2019-12-09,2019-12-30,2019-12-28,21453,953647,1
1356967,2019-12-09,2019-12-30,,21671,397386,3
1356968,2019-12-09,2019-12-30,,22146,243950,3
1356969,2019-12-09,2019-12-30,2019-12-31,22165,374996,1
1356970,2019-12-09,2019-12-30,,22416,309547,3
1356971,2019-12-09,2019-12-30,,22450,699000,3
1356972,2019-12-09,2019-12-30,,22514,699900,3
1356973,2019-12-09,2019-12-30,,22729,872542,3
1356974,2019-12-09,2019-12-30,2019-12-25,22854,29730,1
1356975,2019-12-09,2019-12-30,,22881,474275,3
1356976,2019-12-09,2019-12-30,2019-12-29,23152,48301,1
1356977,2019-12-09,2019-12-30,,23163,503875,3
1356978,2019-12-09,2019-12-30,,23163,673418,3
1356979,2019-12-09,2019-12-30,2019-12-26,23163,898847,1
1356980,2019-12-09,2019-12-30,,23163,942330,3
1356981,2019-12-09,2019-12-30,,23284,481601,3
1356982,2019-12-09,2019-12-30,,23444,664566,3
1356983,2019-12-09,2019-12-30,,23455,56210,3
1356984,2019-12-09,2019-12-30,,23536,947144,3
1356985,2019-12-09,2019-12-30,2019-12-30,23602,26179,1
1356986,2019-12-09,2019-12-30,2019-12-28,23602,247246,1
1356987,2019-12-09,2019-12-30,,23602,906387,3
1356988,2019-12-09,2019-12-30,,23996,670956,3
1356989,2019-12-09,2019-12-30,2019-12-22,23996,671121,1
1356990,2019-12-09,2019-12-30,2019-12-24,23996,947474,1
1356991,2019-12-09,2019-12-30,,24073,323893,3
1356992,2019-12-09,2019-12-30,,24118,611696,3
1356993,2019-12-09,2019-12-30,,24451,875497,3
1356994,2019-12-09,2019-12-30,,24612,308980,3
1356995,2019-12-09,2019-12-30,,24676,930596,3
1356996,2019-12-09,2019-12-30,,24708,49471,3
1356997,2019-12-09,2019-12-30,2019-12-29,24708,110299,1
1356998,2019-12-09,2019-12-30,,24708,188684,3
1356999,2019-12-09,2019-12-30,,24708,672025,3
1357000,2019-12-09,2019-12-30,2019-12-24,24708,950220,1
1357001,2019-12-09,2019-12-30,2019-12-25,24783,829783,1
1357002,2019-12-09,2019-12-30,,24865,699032,3
1357003,2019-12-09,2019-12-30,,24954,535788,3
1357004,2019-12-09,2019-12-30,,24954,573274,3
1357005,2019-12-09,2019-12-30,,24954,918917,3
1357006,2019-12-09,2019-12-30,,24979,729469,3
1357007,2019-12-09,2019-12-30,,25046,370875,3
1357008,2019-12-09,2019-12-30,,25046,393586,3
1357009,2019-12-09,2019-12-30,,25046,604399,3
1357010,2019-12-09,2019-12-30,,25046,720532,3
1357011,2019-12-09,2019-12-30,,25046,752106,3
1357012,2019-12-09,2019-12-30,2019-12-30,25222,655293,1
1357013,2019-12-09,2019-12-30,,25448,704941,3
1357014,2019-12-09,2019-12-30,,25812,884193,3
1357015,2019-12-09,2019-12-30,,25822,610530,3
1357016,2019-12-09,2019-12-30,,26151,251243,3
1357017,2019-12-09,2019-12-30,,26368,924207,3
1357018,2019-12-09,2019-12-30,,26449,782987,3
1357019,2019-12-09,2019-12-30,,26491,584670,3
1357020,2019-12-09,2019-12-30,2019-12-24,26522,437969,1
1357021,2019-12-09,2019-12-30,,26522,453151,3
1357022,2019-12-09,2019-12-30,,26522,469891,3
1357023,2019-12-09,2019-12-30,,26522,755487,3
1357024,2019-12-09,2019-12-30,,26522,838361,3
1357025,2019-12-09,2019-12-30,,26628,54183,3
1357026,2019-12-09,2019-12-30,2019-12-20,26628,522961,1
1357027,2019-12-09,2019-12-30,,26783,30101,3
1357028,2019-12-09,2019-12-30,,26783,165985,3
1357029,2019-12-09,2019-12-30,,26783,179983,3
1357030,2019-12-09,2019-12-30,,26814,343802,3
1357031,2019-12-09,2019-12-30,,27216,55386,3
1357032,2019-12-09,2019-12-30,2019-12-29,27415,751971,1
1357033,2019-12-09,2019-12-30,,27447,469469,3
1357034,2019-12-09,2019-12-30,,27481,877513,3
1357035,2019-12-09,2019-12-30,,27622,510668,3
1357036,2019-12-09,2019-12-30,2019-12-22,27676,815528,1
1357037,2019-12-09,2019-12-30,,27684,192486,3
1357038,2019-12-09,2019-12-30,2019-12-29,27684,228451,1
1357039,2019-12-09,2019-12-30,2019-12-25,27684,321313,1
1357040,2019-12-09,2019-12-30,,27694,144461,3
1357041,2019-12-09,2019-12-30,,27884,117425,3
1357042,2019-12-09,2019-12-30,2019-12-23,28015,631363,1
1357043,2019-12-09,2019-12-30,,28374,401785,3
1357044,2019-12-09,2019-12-30,2019-12-30,28384,162945,1
1357045,2019-12-09,2019-12-30,2019-12-31,28617,163863,1
1357046,2019-12-09,2019-12-30,2019-12-22,28617,173463,1
1357047,2019-12-09,2019-12-30,,28617,518053,3
1357048,2019-12-09,2019-12-30,,28629,204256,3
1357049,2019-12-09,2019-12-30,,28629,305774,3
1357050,2019-12-09,2019-12-30,,28629,518956,3
1357051,2019-12-09,2019-12-30,2019-12-27,28735,589073,1
1357052,2019-12-09,2019-12-30,,28790,104437,3
1357053,2019-12-09,2019-12-30,,28847,170745,3
1357054,2019-12-09,2019-12-30,,28847,310505,3
1357055,2019-12-09,2019-12-30,,28847,649095,3
1357056,2019-12-09,2019-12-30,,28927,739741,3
1357057,2019-12-09,2019-12-30,,28935,334959,3
1357058,2019-12-09,2019-12-30,,28971,310194,3
1357059,2019-12-09,2019-12-30,,28981,436932,3
1357060,2019-12-09,2019-12-30,,29092,334751,3
1357061,2019-12-09,2019-12-30,,29154,321067,3
1357062,2019-12-09,2019-12-30,,29167,416372,3
1357063,2019-12-09,2019-12-30,,29199,482633,3
1357064,2019-12-09,2019-12-30,,29228,829431,3
1357065,2019-12-09,2019-12-30,,29238,274565,3
1357066,2019-12-09,2019-12-30,,29357,901959,3
1357067,2019-12-09,2019-12-30,,29428,566929,3
1357068,2019-12-09,2019-12-30,,29630,175541,3
1357069,2019-12-09,2019-12-30,,29796,683776,3
1357070,2019-12-09,2019-12-30,,29806,152796,3
1357071,2019-12-09,2019-12-30,2019-12-26,29985,823383,1
1357072,2019-12-09,2019-12-30,2019-12-21,30056,309902,1
1357073,2019-12-09,2019-12-30,,30056,705746,3
1357074,2019-12-09,2019-12-30,2019-12-31,30116,330002,1
1357075,2019-12-09,2019-12-30,,30259,168498,3
1357076,2019-12-09,2019-12-30,,30346,262239,3
1357077,2019-12-09,2019-12-30,,30524,705875,3
1357078,2019-12-09,2019-12-30,,30721,680668,3
1357079,2019-12-09,2019-12-30,2019-12-19,30761,334028,1
1357080,2019-12-09,2019-12-30,,30761,448837,3
1357081,2019-12-09,2019-12-30,,30761,730805,3
1357082,2019-12-09,2019-12-30,,30806,806540,3
1357083,2019-12-09,2019-12-30,,30954,205500,3
1357084,2019-12-09,2019-12-30,,30954,819615,3
1357085,2019-12-09,2019-12-30,,31221,907174,3
1357086,2019-12-09,2019-12-30,2019-12-30,31228,604468,1
1357087,2019-12-09,2019-12-30,,31369,561269,3
1357088,2019-12-09,2019-12-30,,31395,440479,3
1357089,2019-12-09,2019-12-30,,31405,665919,3
1357090,2019-12-09,2019-12-30,,31589,9462,3
1357091,2019-12-09,2019-12-30,,31769,922454,3
1357092,2019-12-09,2019-12-30,2019-12-31,31923,88522,1
1357093,2019-12-09,2019-12-30,,31975,673331,3
1357094,2019-12-09,2019-12-30,,32090,642421,3
1357095,2019-12-09,2019-12-30,2019-12-22,32090,845620,1
1357096,2019-12-09,2019-12-30,,32213,698937,3
1357097,2019-12-09,2019-12-30,,32217,563147,3
1357098,2019-12-09,2019-12-30,,32277,582134,3
1357099,2019-12-09,2019-12-30,,32394,504890,3
1357100,2019-12-09,2019-12-30,,32562,801713,3
1357101,2019-12-09,2019-12-30,,32607,671312,3
1357102,2019-12-09,2019-12-30,,32681,80650,3
1357103,2019-12-09,2019-12-30,2019-12-27,32681,439627,1
1357104,2019-12-09,2019-12-30,2019-12-25,32681,553630,1
1357105,2019-12-09,2019-12-30,2019-12-28,32724,618591,1
1357106,2019-12-09,2019-12-30,,33034,461603,3
1357107,2019-12-09,2019-12-30,2019-12-29,33126,269360,1
1357108,2019-12-09,2019-12-30,,33212,104197,3
1357109,2019-12-09,2019-12-30,,33293,192490,3
1357110,2019-12-09,2019-12-30,,33293,195961,3
1357111,2019-12-09,2019-12-30,,33396,630375,3
1357112,2019-12-09,2019-12-30,,33657,105942,3
1357113,2019-12-09,2019-12-30,,33657,231552,3
1357114,2019-12-09,2019-12-30,2019-12-29,33657,416651,1
1357115,2019-12-09,2019-12-30,2019-12-21,33663,459441,1
1357116,2019-12-09,2019-12-30,,33830,655224,3
1357117,2019-12-09,2019-12-30,,33944,405109,3
1357118,2019-12-09,2019-12-30,,33946,162547,3
1357119,2019-12-09,2019-12-30,,34074,533108,3
1357120,2019-12-09,2019-12-30,,34074,744418,3
1357121,2019-12-09,2019-12-30,,34167,421649,3
1357122,2019-12-09,2019-12-30,,34167,910888,3
1357123,2019-12-09,2019-12-30,,34332,267648,3
1357124,2019-12-09,2019-12-30,2019-12-20,34483,355341,1
1357125,2019-12-09,2019-12-30,,34563,295031,3
1357126,2019-12-09,2019-12-30,,34659,360874,3
1357127,2019-12-09,2019-12-30,2019-12-26,34797,224771,1
1357128,2019-12-09,2019-12-30,,34807,831548,3
1357129,2019-12-09,2019-12-30,,34811,688419,3
1357130,2019-12-09,2019-12-30,2019-12-30,34811,689743,1
1357131,2019-12-09,2019-12-30,2019-12-28,34844,770789,1
1357132,2019-12-09,2019-12-30,2019-12-25,34850,26425,1
1357133,2019-12-09,2019-12-30,,35031,485504,3
1357134,2019-12-09,2019-12-30,,35110,309853,3
1357135,2019-12-09,2019-12-30,,35110,638542,3
1357136,2019-12-09,2019-12-30,2019-12-31,35277,919980,1
1357137,2019-12-09,2019-12-30,,35338,413190,3
1357138,2019-12-09,2019-12-30,,35775,945154,3
1357139,2019-12-09,2019-12-30,,35858,831655,3
1357140,2019-12-09,2019-12-30,,35975,200967,3
1357141,2019-12-09,2019-12-30,,36246,564659,3
1357142,2019-12-09,2019-12-30,,36277,166292,3
1357143,2019-12-09,2019-12-30,,36427,101930,3
1357144,2019-12-09,2019-12-30,,36491,410013,3
1357145,2019-12-09,2019-12-30,,36491,421878,3
1357146,2019-12-09,2019-12-30,,36491,898994,3
1357147,2019-12-09,2019-12-30,,36534,429166,3
1357148,2019-12-09,2019-12-30,,36750,394093,3
1357149,2019-12-09,2019-12-30,2019-12-30,36753,555967,1
1357150,2019-12-09,2019-12-30,,36898,271096,3
1357151,2019-12-09,2019-12-30,,36898,953895,3
1357152,2019-12-09,2019-12-30,,37007,406412,3
1357153,2019-12-09,2019-12-30,,37023,955262,3
1357154,2019-12-09,2019-12-30,,37025,479026,3
1357155,2019-12-09,2019-12-30,,37544,431810,3
1357156,2019-12-09,2019-12-30,,37547,165397,3
1357157,2019-12-09,2019-12-30,,37547,186452,3
1357158,2019-12-09,2019-12-30,,37547,392501,3
1357159,2019-12-09,2019-12-30,,37547,625031,3
1357160,2019-12-09,2019-12-30,2019-12-29,37547,912118,1
1357161,2019-12-09,2019-12-30,,37571,95125,3
1357162,2019-12-09,2019-12-30,,37746,114717,3
1357163,2019-12-09,2019-12-30,2019-12-27,37803,864082,1
1357164,2019-12-09,2019-12-30,,38142,898353,3
1357165,2019-12-09,2019-12-30,,38360,374182,3
1357166,2019-12-09,2019-12-30,,38405,869484,3
1357167,2019-12-09,2019-12-30,,38418,938571,3
1357168,2019-12-09,2019-12-30,,38835,733814,3
1357169,2019-12-09,2019-12-30,,38856,643534,3
1357170,2019-12-09,2019-12-30,2019-12-29,38860,428305,1
1357171,2019-12-09,2019-12-30,,38861,305297,3
1357172,2019-12-09,2019-12-30,2019-12-28,38880,81753,1
1357173,2019-12-09,2019-12-30,,38927,98443,3
1357174,2019-12-09,2019-12-30,,38932,37906,3
1357175,2019-12-09,2019-12-30,2019-12-27,38954,712559,1
1357176,2019-12-09,2019-12-30,,39054,495056,3
1357177,2019-12-09,2019-12-30,,39054,606416,3
1357178,2019-12-09,2019-12-30,,39432,578598,3
1357179,2019-12-09,2019-12-30,,39485,161379,3
1357180,2019-12-09,2019-12-30,,39763,247028,3
1357181,2019-12-09,2019-12-30,,39786,756367,3
1357182,2019-12-09,2019-12-30,,39798,194816,3
1357183,2019-12-09,2019-12-30,,39868,571406,3
1357184,2019-12-09,2019-12-30,,39997,134819,3
1357185,2019-12-09,2019-12-30,,40155,64726,3
1357186,2019-12-09,2019-12-30,2019-12-28,40372,873816,1
1357187,2019-12-09,2019-12-30,,40908,410722,3
1357188,2019-12-09,2019-12-30,,40908,604919,3
1357189,2019-12-09,2019-12-30,2019-12-23,40908,736852,1
1357190,2019-12-09,2019-12-30,2019-12-27,40926,825069,1
1357191,2019-12-09,2019-12-30,,40991,215174,3
1357192,2019-12-09,2019-12-30,2019-12-24,41040,698839,1
1357193,2019-12-09,2019-12-30,,41115,98187,3
1357194,2019-12-09,2019-12-30,,41115,133358,3
1357195,2019-12-09,2019-12-30,,41115,180276,3
1357196,2019-12-09,2019-12-30,2019-12-30,41115,262447,1
1357197,2019-12-09,2019-12-30,,41115,393780,3
1357198,2019-12-09,2019-12-30,2019-12-31,41115,613668,1
1357199,2019-12-09,2019-12-30,2019-12-22,41115,713980,1
1357200,2019-12-09,2019-12-30,2019-12-22,41115,733960,1
1357201,2019-12-09,2019-12-30,2019-12-27,41115,904328,1
1357202,2019-12-09,2019-12-30,,41183,590747,3
1357203,2019-12-09,2019-12-30,2019-12-22,41186,55366,1
1357204,2019-12-09,2019-12-30,,41211,41829,3
1357205,2019-12-09,2019-12-30,2019-12-25,41377,309812,1
1357206,2019-12-09,2019-12-30,,41380,721074,3
1357207,2019-12-09,2019-12-30,,41441,832164,3
1357208,2019-12-09,2019-12-30,,41586,704312,3
1357209,2019-12-09,2019-12-30,2019-12-27,41777,198648,1
1357210,2019-12-09,2019-12-30,,41873,740016,3
1357211,2019-12-09,2019-12-30,,41972,564038,3
1357212,2019-12-09,2019-12-30,2019-12-25,42228,596634,1
1357213,2019-12-09,2019-12-30,,42357,403547,3
1357214,2019-12-09,2019-12-30,,42483,686694,3
1357215,2019-12-09,2019-12-30,,42603,287519,3
1357216,2019-12-09,2019-12-30,,42866,2112,3
1357217,2019-12-09,2019-12-30,,42939,700962,3
1357218,2019-12-09,2019-12-30,,43225,619376,3
1357219,2019-12-09,2019-12-30,,43446,160401,3
1357220,2019-12-09,2019-12-30,2019-12-21,43554,580106,1
1357221,2019-12-09,2019-12-30,,43615,49472,3
1357222,2019-12-09,2019-12-30,,43615,176154,3
1357223,2019-12-09,2019-12-30,,43615,224521,3
1357224,2019-12-09,2019-12-30,,43615,532159,3
1357225,2019-12-09,2019-12-30,,43671,516874,3
1357226,2019-12-09,2019-12-30,,43838,352745,3
1357227,2019-12-09,2019-12-30,,43838,480720,3
1357228,2019-12-09,2019-12-30,,43872,405312,3
1357229,2019-12-09,2019-12-30,,44001,169279,3
1357230,2019-12-09,2019-12-30,,44062,920443,3
1357231,2019-12-09,2019-12-30,,44246,955317,3
1357232,2019-12-09,2019-12-30,2019-12-22,44541,477768,1
1357233,2019-12-09,2019-12-30,,44572,133581,3
1357234,2019-12-09,2019-12-30,,44880,478936,3
1357235,2019-12-09,2019-12-30,2019-12-30,45154,398334,1
1357236,2019-12-09,2019-12-30,,45259,402040,3
1357237,2019-12-09,2019-12-30,,45259,402332,3
1357238,2019-12-09,2019-12-30,,45259,491709,3
1357239,2019-12-09,2019-12-30,,45378,415617,3
1357240,2019-12-09,2019-12-30,2019-12-27,45454,228520,1
1357241,2019-12-09,2019-12-30,,45871,121129,3
1357242,2019-12-09,2019-12-30,,45871,492805,3
1357243,2019-12-09,2019-12-30,,45871,596495,3
1357244,2019-12-09,2019-12-30,,45871,847876,3
1357245,2019-12-09,2019-12-30,,45878,566109,3
1357246,2019-12-09,2019-12-30,,45982,48305,3
1357247,2019-12-09,2019-12-30,,46001,104349,3
1357248,2019-12-09,2019-12-30,,46055,466050,3
1357249,2019-12-09,2019-12-30,2019-12-20,46055,686753,1
1357250,2019-12-09,2019-12-30,,46055,699001,3
1357251,2019-12-09,2019-12-30,,46136,567496,3
1357252,2019-12-09,2019-12-30,,46332,595219,3
1357253,2019-12-09,2019-12-30,,46393,665284,3
1357254,2019-12-09,2019-12-30,2019-12-29,46530,590830,1
1357255,2019-12-09,2019-12-30,2019-12-23,46530,817036,1
1357256,2019-12-09,2019-12-30,,46628,66678,3
1357257,2019-12-09,2019-12-30,,46940,851180,3
1357258,2019-12-09,2019-12-30,,46964,115134,3
1357259,2019-12-09,2019-12-30,2019-12-30,46964,557179,1
1357260,2019-12-09,2019-12-30,,47022,376838,3
1357261,2019-12-09,2019-12-30,,47252,428586,3
1357262,2019-12-09,2019-12-30,,47537,220856,3
1357263,2019-12-09,2019-12-30,2019-12-22,47659,567761,1
1357264,2019-12-09,2019-12-30,2019-12-28,47747,513949,1
1357265,2019-12-09,2019-12-30,,47795,412119,3
1357266,2019-12-09,2019-12-30,,47945,806541,3
1357267,2019-12-09,2019-12-30,,48086,249924,3
1357268,2019-12-09,2019-12-30,,48139,936456,3
1357269,2019-12-09,2019-12-30,2019-12-26,48260,49473,1
1357270,2019-12-09,2019-12-30,2019-12-21,48260,770790,1
1357271,2019-12-09,2019-12-30,2019-12-27,48296,121748,1
1357272,2019-12-09,2019-12-30,,48411,936594,3
1357273,2019-12-09,2019-12-30,,48718,26865,3
1357274,2019-12-09,2019-12-30,,48718,164464,3
1357275,2019-12-09,2019-12-30,,48718,423117,3
1357276,2019-12-09,2019-12-30,2019-12-28,48718,908643,1
1357277,2019-12-09,2019-12-30,,48746,122615,3
1357278,2019-12-09,2019-12-30,,48750,740723,3
1357279,2019-12-09,2019-12-30,,48819,794179,3
1357280,2019-12-09,2019-12-30,,48881,38312,3
1357281,2019-12-09,2019-12-30,2019-12-29,48881,63239,1
1357282,2019-12-09,2019-12-30,2019-12-22,48881,66224,1
1357283,2019-12-09,2019-12-30,2019-12-24,48881,90887,1
1357284,2019-12-09,2019-12-30,2019-12-25,48881,125074,1
1357285,2019-12-09,2019-12-30,2019-12-29,48881,192385,1
1357286,2019-12-09,2019-12-30,2019-12-23,48881,196588,1
1357287,2019-12-09,2019-12-30,,48881,217693,3
1357288,2019-12-09,2019-12-30,2019-12-28,48881,240735,1
1357289,2019-12-09,2019-12-30,2019-12-26,48881,243252,1
1357290,2019-12-09,2019-12-30,2019-12-30,48881,262007,1
1357291,2019-12-09,2019-12-30,2019-12-26,48881,272997,1
1357292,2019-12-09,2019-12-30,2019-12-29,48881,281819,1
1357293,2019-12-09,2019-12-30,,48881,285343,3
1357294,2019-12-09,2019-12-30,,48881,318862,3
1357295,2019-12-09,2019-12-30,,48881,354497,3
1357296,2019-12-09,2019-12-30,,48881,383904,3
1357297,2019-12-09,2019-12-30,2019-12-30,48881,402290,1
1357298,2019-12-09,2019-12-30,2019-12-26,48881,460990,1
1357299,2019-12-09,2019-12-30,2019-12-31,48881,474422,1
1357300,2019-12-09,2019-12-30,2019-12-30,48881,527552,1
1357301,2019-12-09,2019-12-30,,48881,582949,3
1357302,2019-12-09,2019-12-30,2019-12-23,48881,629900,1
1357303,2019-12-09,2019-12-30,2019-12-29,48881,731987,1
1357304,2019-12-09,2019-12-30,2019-12-28,48881,789605,1
1357305,2019-12-09,2019-12-30,2019-12-31,48881,913699,1
1357306,2019-12-09,2019-12-30,,48881,917255,3
1357307,2019-12-09,2019-12-30,2019-12-26,49127,106470,1
1357308,2019-12-09,2019-12-30,,49127,921583,3
1357309,2019-12-09,2019-12-30,,49343,778359,3
1357310,2019-12-09,2019-12-30,2019-12-22,49448,466061,1
1357311,2019-12-09,2019-12-30,,49751,609736,3
1357312,2019-12-09,2019-12-30,2019-12-25,49920,592770,1
1357313,2019-12-09,2019-12-30,,49961,346414,3
1357314,2019-12-09,2019-12-30,,50039,952500,3
1357315,2019-12-09,2019-12-30,,50056,193750,3
1357316,2019-12-09,2019-12-30,,50125,104350,3
1357317,2019-12-09,2019-12-30,,50244,783344,3
1357318,2019-12-09,2019-12-30,,50715,354111,3
1357319,2019-12-09,2019-12-30,,50885,398432,3
1357320,2019-12-09,2019-12-30,,51306,11204,3
1357321,2019-12-09,2019-12-30,,51319,103997,3
1357322,2019-12-09,2019-12-30,2019-12-27,51319,498269,1
1357323,2019-12-09,2019-12-30,2019-12-28,51377,782038,1
1357324,2019-12-09,2019-12-30,,51409,695741,3
1357325,2019-12-09,2019-12-30,2019-12-20,51825,761039,1
1357326,2019-12-09,2019-12-30,,51850,331557,3
1357327,2019-12-09,2019-12-30,2019-12-23,51878,918090,1
1357328,2019-12-09,2019-12-30,,52016,285952,3
1357329,2019-12-09,2019-12-30,,52029,14388,3
1357330,2019-12-09,2019-12-30,,52029,349972,3
1357331,2019-12-09,2019-12-30,2019-12-24,52029,527514,1
1357332,2019-12-09,2019-12-30,,52029,558702,3
1357333,2019-12-09,2019-12-30,,52029,632397,3
1357334,2019-12-09,2019-12-30,,52029,785183,3
1357335,2019-12-09,2019-12-30,,52102,934177,3
1357336,2019-12-09,2019-12-30,2019-12-31,52188,240157,1
1357337,2019-12-09,2019-12-30,,52425,92383,3
1357338,2019-12-09,2019-12-30,,52457,118236,3
1357339,2019-12-09,2019-12-30,,52476,875498,3
1357340,2019-12-09,2019-12-30,,52502,857814,3
1357341,2019-12-09,2019-12-30,2019-12-26,52708,413765,1
1357342,2019-12-09,2019-12-30,,52865,236875,3
1357343,2019-12-09,2019-12-30,,52989,764387,3
1357344,2019-12-09,2019-12-30,,52998,821787,3
1357345,2019-12-09,2019-12-30,,53146,559907,3
1357346,2019-12-09,2019-12-30,,53163,415618,3
1357347,2019-12-09,2019-12-30,,53288,922775,3
1357348,2019-12-09,2019-12-30,,53337,2598,3
1357349,2019-12-09,2019-12-30,,53540,780024,3
1357350,2019-12-09,2019-12-30,2019-12-31,53617,241789,1
1357351,2019-12-09,2019-12-30,,53665,112479,3
1357352,2019-12-09,2019-12-30,2019-12-29,53665,148968,1
1357353,2019-12-09,2019-12-30,,53665,399921,3
1357354,2019-12-09,2019-12-30,,53665,635902,3
1357355,2019-12-09,2019-12-30,,53665,771793,3
1357356,2019-12-09,2019-12-30,,53665,864516,3
1357357,2019-12-09,2019-12-30,,53665,923349,3
1357358,2019-12-09,2019-12-30,,53833,693958,3
1357359,2019-12-09,2019-12-30,,53834,809985,3
1357360,2019-12-09,2019-12-30,,54206,685246,3
1357361,2019-12-09,2019-12-30,,54216,271796,3
1357362,2019-12-09,2019-12-30,,54311,501530,3
1357363,2019-12-09,2019-12-30,,54484,726460,3
1357364,2019-12-09,2019-12-30,,54612,952239,3
1357365,2019-12-09,2019-12-30,,55085,748257,3
1357366,2019-12-09,2019-12-30,,55090,121788,3
1357367,2019-12-09,2019-12-30,,55119,837154,3
1357368,2019-12-09,2019-12-30,,55150,845311,3
1357369,2019-12-09,2019-12-30,,55195,41518,3
1357370,2019-12-09,2019-12-30,,55195,321933,3
1357371,2019-12-09,2019-12-30,,55205,853221,3
1357372,2019-12-09,2019-12-30,,55382,602470,3
1357373,2019-12-09,2019-12-30,,55533,669482,3
1357374,2019-12-09,2019-12-30,,55646,404062,3
1357375,2019-12-09,2019-12-30,2019-12-26,55674,908089,1
1357376,2019-12-09,2019-12-30,,55878,572380,3
1357377,2019-12-09,2019-12-30,2019-12-30,55893,499558,1
1357378,2019-12-09,2019-12-30,2019-12-30,55968,172586,1
1357379,2019-12-09,2019-12-30,,55973,919951,3
1357380,2019-12-09,2019-12-30,,55986,91676,3
1357381,2019-12-09,2019-12-30,,56190,419104,3
1357382,2019-12-09,2019-12-30,,56190,468907,3
1357383,2019-12-09,2019-12-30,,56306,255904,3
1357384,2019-12-09,2019-12-30,,56416,721688,3
1357385,2019-12-09,2019-12-30,,56548,806443,3
1357386,2019-12-09,2019-12-30,,56634,627109,3
1357387,2019-12-09,2019-12-30,,56916,421421,3
1357388,2019-12-09,2019-12-30,2019-12-22,56919,316328,1
1357389,2019-12-09,2019-12-30,,56919,501703,3
1357390,2019-12-09,2019-12-30,,56919,604920,3
1357391,2019-12-09,2019-12-30,2019-12-26,57008,98840,1
1357392,2019-12-09,2019-12-30,,57008,504630,3
1357393,2019-12-09,2019-12-30,2019-12-25,57060,936912,1
1357394,2019-12-09,2019-12-30,,57158,564220,3
1357395,2019-12-09,2019-12-30,,57178,178291,3
1357396,2019-12-09,2019-12-30,,57187,496830,3
1357397,2019-12-09,2019-12-30,,57226,698938,3
1357398,2019-12-09,2019-12-30,2019-12-24,57259,595865,1
1357399,2019-12-09,2019-12-30,,57309,183165,3
1357400,2019-12-09,2019-12-30,2019-12-31,57331,881470,1
1357401,2019-12-09,2019-12-30,,57454,492628,3
1357402,2019-12-09,2019-12-30,2019-12-25,57686,514361,1
1357403,2019-12-09,2019-12-30,2019-12-24,57701,301083,1
1357404,2019-12-09,2019-12-30,2019-12-22,57701,415811,1
1357405,2019-12-09,2019-12-30,,57720,632678,3
1357406,2019-12-09,2019-12-30,,57810,837227,3
1357407,2019-12-09,2019-12-30,,58180,623097,3
1357408,2019-12-09,2019-12-30,2019-12-24,58194,331624,1
1357409,2019-12-09,2019-12-30,,58221,615266,3
1357410,2019-12-09,2019-12-30,2019-12-21,58221,901558,1
1357411,2019-12-09,2019-12-30,,58389,610635,3
1357412,2019-12-09,2019-12-30,,58392,81165,3
1357413,2019-12-09,2019-12-30,,58392,167742,3
1357414,2019-12-09,2019-12-30,,58480,104027,3
1357415,2019-12-09,2019-12-30,,58546,208150,3
1357416,2019-12-09,2019-12-30,,58632,948866,3
1357417,2019-12-09,2019-12-30,,58804,282942,3
1357418,2019-12-09,2019-12-30,,58973,829775,3
1357419,2019-12-09,2019-12-30,2019-12-25,59048,478615,1
1357420,2019-12-09,2019-12-30,,59089,875945,3
1357421,2019-12-09,2019-12-30,,59323,567595,3
1357422,2019-12-09,2019-12-30,,59406,761656,3
1357423,2019-12-09,2019-12-30,2019-12-27,59472,518598,1
1357424,2019-12-09,2019-12-30,,59504,612313,3
1357425,2019-12-09,2019-12-30,,59560,160329,3
1357426,2019-12-09,2019-12-30,,59720,365095,3
1357427,2019-12-09,2019-12-30,2019-12-28,59720,421443,1
1357428,2019-12-09,2019-12-30,,59752,840351,3
1357429,2019-12-09,2019-12-30,,59797,47961,3
1357430,2019-12-09,2019-12-30,,59812,267461,3
1357431,2019-12-09,2019-12-30,,59958,652148,3
1357432,2019-12-09,2019-12-30,,59981,683104,3
1357433,2019-12-09,2019-12-30,,60003,897901,3
1357434,2019-12-09,2019-12-30,,60045,744276,3
1357435,2019-12-09,2019-12-30,,60078,633459,3
1357436,2019-12-09,2019-12-30,,60106,313283,3
1357437,2019-12-09,2019-12-30,,60322,607493,3
1357438,2019-12-09,2019-12-30,2019-12-25,60384,174681,1
1357439,2019-12-09,2019-12-30,2019-12-24,60395,709786,1
1357440,2019-12-09,2019-12-30,2019-12-29,60395,799387,1
1357441,2019-12-09,2019-12-30,,60621,277008,3
1357442,2019-12-09,2019-12-30,,60791,98932,3
1357443,2019-12-09,2019-12-30,,60860,432896,3
1357444,2019-12-09,2019-12-30,,61056,567657,3
1357445,2019-12-09,2019-12-30,,61839,732671,3
1357446,2019-12-09,2019-12-30,2019-12-29,61943,640703,1
1357447,2019-12-09,2019-12-30,2019-12-20,62226,455953,1
1357448,2019-12-09,2019-12-30,,62280,121789,3
1357449,2019-12-09,2019-12-30,,62280,165879,3
1357450,2019-12-09,2019-12-30,,62280,418902,3
1357451,2019-12-09,2019-12-30,,62373,682226,3
1357452,2019-12-09,2019-12-30,,62470,317604,3
1357453,2019-12-09,2019-12-30,2019-12-22,62719,49535,1
1357454,2019-12-09,2019-12-30,2019-12-19,62719,140468,1
1357455,2019-12-09,2019-12-30,2019-12-28,62719,156661,1
1357456,2019-12-09,2019-12-30,2019-12-21,62719,480876,1
1357457,2019-12-09,2019-12-30,2019-12-30,62719,516171,1
1357458,2019-12-09,2019-12-30,,62719,581862,3
1357459,2019-12-09,2019-12-30,,62719,801851,3
1357460,2019-12-09,2019-12-30,,62801,751277,3
1357461,2019-12-09,2019-12-30,2019-12-29,62819,499227,1
1357462,2019-12-09,2019-12-30,,62934,277404,3
1357463,2019-12-09,2019-12-30,,63078,845076,3
1357464,2019-12-09,2019-12-30,,63276,258605,3
1357465,2019-12-09,2019-12-30,,63327,839120,3
1357466,2019-12-09,2019-12-30,,63418,2745,3
1357467,2019-12-09,2019-12-30,,63429,362206,3
1357468,2019-12-09,2019-12-30,,63529,755684,3
1357469,2019-12-09,2019-12-30,,63641,309531,3
1357470,2019-12-09,2019-12-30,,63641,609180,3
1357471,2019-12-09,2019-12-30,,63759,936056,3
1357472,2019-12-09,2019-12-30,,63806,204715,3
1357473,2019-12-09,2019-12-30,,64002,899067,3
1357474,2019-12-09,2019-12-30,2019-12-21,64019,235611,1
1357475,2019-12-09,2019-12-30,,64135,603184,3
1357476,2019-12-09,2019-12-30,,64193,254458,3
1357477,2019-12-09,2019-12-30,,64193,644381,3
1357478,2019-12-09,2019-12-30,,64312,245822,3
1357479,2019-12-09,2019-12-30,,64432,844724,3
1357480,2019-12-09,2019-12-30,2019-12-29,64436,476043,1
1357481,2019-12-09,2019-12-30,,64436,770811,3
1357482,2019-12-09,2019-12-30,,64479,347275,3
1357483,2019-12-09,2019-12-30,2019-12-24,64517,934633,1
1357484,2019-12-09,2019-12-30,,64583,24750,3
1357485,2019-12-09,2019-12-30,,64829,348642,3
1357486,2019-12-09,2019-12-30,2019-12-29,65077,524778,1
1357487,2019-12-09,2019-12-30,,65098,871093,3
1357488,2019-12-09,2019-12-30,,65248,713874,3
1357489,2019-12-09,2019-12-30,2019-12-23,65249,595220,1
1357490,2019-12-09,2019-12-30,2019-12-23,65323,251100,1
1357491,2019-12-09,2019-12-30,,65323,282331,3
1357492,2019-12-09,2019-12-30,,65323,658856,3
1357493,2019-12-09,2019-12-30,,65323,752262,3
1357494,2019-12-09,2019-12-30,,65323,948415,3
1357495,2019-12-09,2019-12-30,,65328,145566,3
1357496,2019-12-09,2019-12-30,,65481,881879,3
1357497,2019-12-09,2019-12-30,,65547,719408,3
1357498,2019-12-09,2019-12-30,,65689,451245,3
1357499,2019-12-09,2019-12-30,,65819,72216,3
1357500,2019-12-09,2019-12-30,,65819,504849,3
1357501,2019-12-09,2019-12-30,,65819,705461,3
1357502,2019-12-09,2019-12-30,,65819,949139,3
1357503,2019-12-09,2019-12-30,,65899,281709,3
1357504,2019-12-09,2019-12-30,,66242,137938,3
1357505,2019-12-09,2019-12-30,2019-12-30,66385,10254,1
1357506,2019-12-09,2019-12-30,,66385,343918,3
1357507,2019-12-09,2019-12-30,,66385,612096,3
1357508,2019-12-09,2019-12-30,2019-12-27,66385,779582,1
1357509,2019-12-09,2019-12-30,,66444,492901,3
1357510,2019-12-09,2019-12-30,,66444,720493,3
1357511,2019-12-09,2019-12-30,,66465,661978,3
1357512,2019-12-09,2019-12-30,2019-12-25,66534,35128,1
1357513,2019-12-09,2019-12-30,2019-12-22,66534,49474,1
1357514,2019-12-09,2019-12-30,2019-12-22,66534,142964,1
1357515,2019-12-09,2019-12-30,2019-12-28,66534,344557,1
1357516,2019-12-09,2019-12-30,2019-12-29,66534,579808,1
1357517,2019-12-09,2019-12-30,,66534,638955,3
1357518,2019-12-09,2019-12-30,,66534,890525,3
1357519,2019-12-09,2019-12-30,,66591,425074,3
1357520,2019-12-09,2019-12-30,,66691,35366,3
1357521,2019-12-09,2019-12-30,,66731,30889,3
1357522,2019-12-09,2019-12-30,,66742,638552,3
1357523,2019-12-09,2019-12-30,,66746,129044,3
1357524,2019-12-09,2019-12-30,,66825,641606,3
1357525,2019-12-09,2019-12-30,,66860,520915,3
1357526,2019-12-09,2019-12-30,2019-12-27,66884,546475,1
1357527,2019-12-09,2019-12-30,,67085,261867,3
1357528,2019-12-09,2019-12-30,,67289,318071,3
1357529,2019-12-09,2019-12-30,,67289,516064,3
1357530,2019-12-09,2019-12-30,,67289,564473,3
1357531,2019-12-09,2019-12-30,,67289,705269,3
1357532,2019-12-09,2019-12-30,2019-12-28,67358,268378,1
1357533,2019-12-09,2019-12-30,,67418,275444,3
1357534,2019-12-09,2019-12-30,2019-12-27,67571,49496,1
1357535,2019-12-09,2019-12-30,,67571,434698,3
1357536,2019-12-09,2019-12-30,,67571,563584,3
1357537,2019-12-09,2019-12-30,,67571,601331,3
1357538,2019-12-09,2019-12-30,2019-12-26,67571,666846,1
1357539,2019-12-09,2019-12-30,2019-12-29,67595,140485,1
1357540,2019-12-09,2019-12-30,,67616,337464,3
1357541,2019-12-09,2019-12-30,2019-12-30,67697,555841,1
1357542,2019-12-09,2019-12-30,2019-12-29,67715,278692,1
1357543,2019-12-09,2019-12-30,2019-12-26,67919,79310,1
1357544,2019-12-09,2019-12-30,,67919,385077,3
1357545,2019-12-09,2019-12-30,,67919,443533,3
1357546,2019-12-09,2019-12-30,2019-12-30,67919,602910,1
1357547,2019-12-09,2019-12-30,,68083,439706,3
1357548,2019-12-09,2019-12-30,,68304,598903,3
1357549,2019-12-09,2019-12-30,2019-12-28,68326,104198,1
1357550,2019-12-09,2019-12-30,,68326,680975,3
1357551,2019-12-09,2019-12-30,,68326,844935,3
1357552,2019-12-09,2019-12-30,,68346,441318,3
1357553,2019-12-09,2019-12-30,,68364,946818,3
1357554,2019-12-09,2019-12-30,,68466,327087,3
1357555,2019-12-09,2019-12-30,,68535,55297,3
1357556,2019-12-09,2019-12-30,,68624,96863,3
1357557,2019-12-09,2019-12-30,2019-12-26,68756,258274,1
1357558,2019-12-09,2019-12-30,,68756,604954,3
1357559,2019-12-09,2019-12-30,2019-12-29,68756,766464,1
1357560,2019-12-09,2019-12-30,,68793,846580,3
1357561,2019-12-09,2019-12-30,,68922,652197,3
1357562,2019-12-09,2019-12-30,,69065,827237,3
1357563,2019-12-09,2019-12-30,,69078,1179,3
1357564,2019-12-09,2019-12-30,2019-12-22,69150,33466,1
1357565,2019-12-09,2019-12-30,,69150,411300,3
1357566,2019-12-09,2019-12-30,2019-12-25,69552,810562,1
1357567,2019-12-09,2019-12-30,,69552,811674,3
1357568,2019-12-09,2019-12-30,,69643,479258,3
1357569,2019-12-09,2019-12-30,,70082,489259,3
1357570,2019-12-09,2019-12-30,,70110,343954,3
1357571,2019-12-09,2019-12-30,,70112,778020,3
1357572,2019-12-09,2019-12-30,,70580,416162,3
1357573,2019-12-09,2019-12-30,,70699,241862,3
1357574,2019-12-09,2019-12-30,,70699,705876,3
1357575,2019-12-09,2019-12-30,,70699,884727,3
1357576,2019-12-09,2019-12-30,,70708,581858,3
1357577,2019-12-09,2019-12-30,,70901,334840,3
1357578,2019-12-09,2019-12-30,,71302,236812,3
1357579,2019-12-09,2019-12-30,2019-12-27,71322,720951,1
1357580,2019-12-09,2019-12-30,2019-12-26,71322,953133,1
1357581,2019-12-09,2019-12-30,2019-12-30,71626,333808,1
1357582,2019-12-09,2019-12-30,,71858,199506,3
1357583,2019-12-09,2019-12-30,,71954,34360,3
1357584,2019-12-09,2019-12-30,,72118,102674,3
1357585,2019-12-09,2019-12-30,,72174,57102,3
1357586,2019-12-09,2019-12-30,2019-12-31,72268,185987,1
1357587,2019-12-09,2019-12-30,2019-12-30,72515,109717,1
1357588,2019-12-09,2019-12-30,,72515,524379,3
1357589,2019-12-09,2019-12-30,,72515,776151,3
1357590,2019-12-09,2019-12-30,,72515,882044,3
1357591,2019-12-09,2019-12-30,,72515,899623,3
1357592,2019-12-09,2019-12-30,2019-12-20,72552,165880,1
1357593,2019-12-09,2019-12-30,,72571,705788,3
1357594,2019-12-09,2019-12-30,,72807,316130,3
1357595,2019-12-09,2019-12-30,,72807,788315,3
1357596,2019-12-09,2019-12-30,2019-12-25,73208,516420,1
1357597,2019-12-09,2019-12-30,,73238,254277,3
1357598,2019-12-09,2019-12-30,,73529,699002,3
1357599,2019-12-09,2019-12-30,,73589,55472,3
1357600,2019-12-09,2019-12-30,2019-12-29,73619,504891,1
1357601,2019-12-09,2019-12-30,2019-12-28,73651,506789,1
1357602,2019-12-09,2019-12-30,,73702,366503,3
1357603,2019-12-09,2019-12-30,,73723,671106,3
1357604,2019-12-09,2019-12-30,,73735,757964,3
1357605,2019-12-09,2019-12-30,,73886,875597,3
1357606,2019-12-09,2019-12-30,,74019,756411,3
1357607,2019-12-09,2019-12-30,,74052,771588,3
1357608,2019-12-09,2019-12-30,,74499,78595,3
1357609,2019-12-09,2019-12-30,,74499,601348,3
1357610,2019-12-09,2019-12-30,,74499,895635,3
1357611,2019-12-09,2019-12-30,,74499,933385,3
1357612,2019-12-09,2019-12-30,,74634,592654,3
1357613,2019-12-09,2019-12-30,,74808,104476,3
1357614,2019-12-09,2019-12-30,,74812,799368,3
1357615,2019-12-09,2019-12-30,,74954,209056,3
1357616,2019-12-09,2019-12-30,2019-12-28,75134,315247,1
1357617,2019-12-09,2019-12-30,,75250,571109,3
1357618,2019-12-09,2019-12-30,,75437,636090,3
1357619,2019-12-09,2019-12-30,,75896,194829,3
1357620,2019-12-09,2019-12-30,2019-12-22,75931,198598,1
1357621,2019-12-09,2019-12-30,,76013,698651,3
1357622,2019-12-09,2019-12-30,,76255,245138,3
1357623,2019-12-09,2019-12-30,,76255,269860,3
1357624,2019-12-09,2019-12-30,2019-12-29,77073,550772,1
1357625,2019-12-09,2019-12-30,2019-12-23,77083,571608,1
1357626,2019-12-09,2019-12-30,,77150,698691,3
1357627,2019-12-09,2019-12-30,,77359,227575,3
1357628,2019-12-09,2019-12-30,,77371,199880,3
1357629,2019-12-09,2019-12-30,,77397,428914,3
1357630,2019-12-09,2019-12-30,,77397,451553,3
1357631,2019-12-09,2019-12-30,,77397,540346,3
1357632,2019-12-09,2019-12-30,,77397,570346,3
1357633,2019-12-09,2019-12-30,,77525,79371,3
1357634,2019-12-09,2019-12-30,,77595,339243,3
1357635,2019-12-09,2019-12-30,,77595,388634,3
1357636,2019-12-09,2019-12-30,,77595,453006,3
1357637,2019-12-09,2019-12-30,,77750,725961,3
1357638,2019-12-09,2019-12-30,,77751,346791,3
1357639,2019-12-09,2019-12-30,,77831,532440,3
1357640,2019-12-09,2019-12-30,2019-12-30,77943,551229,1
1357641,2019-12-09,2019-12-30,,78278,200025,3
1357642,2019-12-09,2019-12-30,,78447,678765,3
1357643,2019-12-09,2019-12-30,,78518,405391,3
1357644,2019-12-09,2019-12-30,,78518,603216,3
1357645,2019-12-09,2019-12-30,,78620,476171,3
1357646,2019-12-09,2019-12-30,,78687,353939,3
1357647,2019-12-09,2019-12-30,2019-12-24,78689,757958,1
1357648,2019-12-09,2019-12-30,2019-12-19,78689,764487,1
1357649,2019-12-09,2019-12-30,,78724,133363,3
1357650,2019-12-09,2019-12-30,2019-12-21,78808,809909,1
1357651,2019-12-09,2019-12-30,2019-12-20,78917,14358,1
1357652,2019-12-09,2019-12-30,,78917,275335,3
1357653,2019-12-09,2019-12-30,,78986,482540,3
1357654,2019-12-09,2019-12-30,,79006,309027,3
1357655,2019-12-09,2019-12-30,2019-12-22,79127,106199,1
1357656,2019-12-09,2019-12-30,,79254,839823,3
1357657,2019-12-09,2019-12-30,2019-12-28,79275,763365,1
1357658,2019-12-09,2019-12-30,,79443,278713,3
1357659,2019-12-09,2019-12-30,,79475,505382,3
1357660,2019-12-09,2019-12-30,,79494,319498,3
1357661,2019-12-09,2019-12-30,,79500,530773,3
1357662,2019-12-09,2019-12-30,,79513,784697,3
1357663,2019-12-09,2019-12-30,,79588,379130,3
1357664,2019-12-09,2019-12-30,,79658,200047,3
1357665,2019-12-09,2019-12-30,,79806,916165,3
1357666,2019-12-09,2019-12-30,,79832,524613,3
1357667,2019-12-09,2019-12-30,2019-12-24,79952,137992,1
1357668,2019-12-09,2019-12-30,,79983,660825,3
1357669,2019-12-09,2019-12-30,2019-12-30,80070,476013,1
1357670,2019-12-09,2019-12-30,2019-12-30,80075,409386,1
1357671,2019-12-09,2019-12-30,2019-12-25,80131,670947,1
1357672,2019-12-09,2019-12-30,,80131,703726,3
1357673,2019-12-09,2019-12-30,,80217,837105,3
1357674,2019-12-09,2019-12-30,2019-12-28,80329,342856,1
1357675,2019-12-09,2019-12-30,,80525,654298,3
1357676,2019-12-09,2019-12-30,2019-12-21,80561,634398,1
1357677,2019-12-09,2019-12-30,,80771,663187,3
1357678,2019-12-09,2019-12-30,,80785,713868,3
1357679,2019-12-09,2019-12-30,,81602,149941,3
1357680,2019-12-09,2019-12-30,,81679,616416,3
1357681,2019-12-09,2019-12-30,,81802,645019,3
1357682,2019-12-09,2019-12-30,,81844,783068,3
1357683,2019-12-09,2019-12-30,,81875,170927,3
1357684,2019-12-09,2019-12-30,,81875,815590,3
1357685,2019-12-09,2019-12-30,,81915,877392,3
1357686,2019-12-09,2019-12-30,,82044,127021,3
1357687,2019-12-09,2019-12-30,,82325,874707,3
1357688,2019-12-09,2019-12-30,,82419,240946,3
1357689,2019-12-09,2019-12-30,,82474,578341,3
1357690,2019-12-09,2019-12-30,,82482,287949,3
1357691,2019-12-09,2019-12-30,,82506,617904,3
1357692,2019-12-09,2019-12-30,,82591,67716,3
1357693,2019-12-09,2019-12-30,,82655,234044,3
1357694,2019-12-09,2019-12-30,,82838,322912,3
1357695,2019-12-09,2019-12-30,,82858,153568,3
1357696,2019-12-09,2019-12-30,,82970,418973,3
1357697,2019-12-09,2019-12-30,2019-12-25,82999,394683,1
1357698,2019-12-09,2019-12-30,,83083,487272,3
1357699,2019-12-09,2019-12-30,,83083,764137,3
1357700,2019-12-09,2019-12-30,,83125,623208,3
1357701,2019-12-09,2019-12-30,2019-12-24,83135,546958,1
1357702,2019-12-09,2019-12-30,2019-12-28,83286,465936,1
1357703,2019-12-09,2019-12-30,,83324,206555,3
1357704,2019-12-09,2019-12-30,2019-12-27,83324,240325,1
1357705,2019-12-09,2019-12-30,,83403,327027,3
1357706,2019-12-09,2019-12-30,,83929,209608,3
1357707,2019-12-09,2019-12-30,,84081,209224,3
1357708,2019-12-09,2019-12-30,,84081,238531,3
1357709,2019-12-09,2019-12-30,,84081,289942,3
1357710,2019-12-09,2019-12-30,,84081,331843,3
1357711,2019-12-09,2019-12-30,,84081,622227,3
1357712,2019-12-09,2019-12-30,,84081,790514,3
1357713,2019-12-09,2019-12-30,,84214,823423,3
1357714,2019-12-09,2019-12-30,2019-12-29,84295,909260,1
1357715,2019-12-09,2019-12-30,,84563,498208,3
1357716,2019-12-09,2019-12-30,,84587,516128,3
1357717,2019-12-09,2019-12-30,,84587,705858,3
1357718,2019-12-09,2019-12-30,,84620,659571,3
1357719,2019-12-09,2019-12-30,,84677,244576,3
1357720,2019-12-09,2019-12-30,,84677,268488,3
1357721,2019-12-09,2019-12-30,,84904,584397,3
1357722,2019-12-09,2019-12-30,,84914,765592,3
1357723,2019-12-09,2019-12-30,,85025,211154,3
1357724,2019-12-09,2019-12-30,,85220,6979,3
1357725,2019-12-09,2019-12-30,,85221,835318,3
1357726,2019-12-09,2019-12-30,,85234,104351,3
1357727,2019-12-09,2019-12-30,,85273,514070,3
1357728,2019-12-09,2019-12-30,,85273,707231,3
1357729,2019-12-09,2019-12-30,,85273,818159,3
1357730,2019-12-09,2019-12-30,,85283,26512,3
1357731,2019-12-09,2019-12-30,2019-12-24,85283,267279,1
1357732,2019-12-09,2019-12-30,,85283,501360,3
1357733,2019-12-09,2019-12-30,2019-12-30,85283,519055,1
1357734,2019-12-09,2019-12-30,,85283,657088,3
1357735,2019-12-09,2019-12-30,,85357,401622,3
1357736,2019-12-09,2019-12-30,,85618,918419,3
1357737,2019-12-09,2019-12-30,,85653,3377,3
1357738,2019-12-09,2019-12-30,,85711,469393,3
1357739,2019-12-09,2019-12-30,,85885,241949,3
1357740,2019-12-09,2019-12-30,,85885,822122,3
1357741,2019-12-09,2019-12-30,,85958,82206,3
1357742,2019-12-09,2019-12-30,,85958,124719,3
1357743,2019-12-09,2019-12-30,,85958,433756,3
1357744,2019-12-09,2019-12-30,,85967,502849,3
1357745,2019-12-09,2019-12-30,2019-12-23,86301,201363,1
1357746,2019-12-09,2019-12-30,,86301,421326,3
1357747,2019-12-09,2019-12-30,,86301,431003,3
1357748,2019-12-09,2019-12-30,,86301,906456,3
1357749,2019-12-09,2019-12-30,2019-12-29,86510,689539,1
1357750,2019-12-09,2019-12-30,,86557,848780,3
1357751,2019-12-09,2019-12-30,,86563,589325,3
1357752,2019-12-09,2019-12-30,,86568,236948,3
1357753,2019-12-09,2019-12-30,2019-12-27,86628,121832,1
1357754,2019-12-09,2019-12-30,,86628,322128,3
1357755,2019-12-09,2019-12-30,,86825,315066,3
1357756,2019-12-09,2019-12-30,2019-12-30,86852,50172,1
1357757,2019-12-09,2019-12-30,,86852,677702,3
1357758,2019-12-09,2019-12-30,2019-12-28,87182,232909,1
1357759,2019-12-09,2019-12-30,,87238,818633,3
1357760,2019-12-09,2019-12-30,,87361,889427,3
1357761,2019-12-09,2019-12-30,,87515,820200,3
1357762,2019-12-09,2019-12-30,2019-12-22,87566,4285,1
1357763,2019-12-09,2019-12-30,,87566,38989,3
1357764,2019-12-09,2019-12-30,,87566,44475,3
1357765,2019-12-09,2019-12-30,2019-12-29,87566,46083,1
1357766,2019-12-09,2019-12-30,,87566,92328,3
1357767,2019-12-09,2019-12-30,,87566,220845,3
1357768,2019-12-09,2019-12-30,2019-12-26,87566,246222,1
1357769,2019-12-09,2019-12-30,2019-12-22,87566,262448,1
1357770,2019-12-09,2019-12-30,2019-12-20,87566,267734,1
1357771,2019-12-09,2019-12-30,,87566,350371,3
1357772,2019-12-09,2019-12-30,2019-12-26,87566,553736,1
1357773,2019-12-09,2019-12-30,,87566,563577,3
1357774,2019-12-09,2019-12-30,2019-12-28,87566,567578,1
1357775,2019-12-09,2019-12-30,,87566,629774,3
1357776,2019-12-09,2019-12-30,,87566,750783,3
1357777,2019-12-09,2019-12-30,2019-12-24,87566,793140,1
1357778,2019-12-09,2019-12-30,,87566,808014,3
1357779,2019-12-09,2019-12-30,2019-12-23,87566,841603,1
1357780,2019-12-09,2019-12-30,2019-12-24,87566,844813,1
1357781,2019-12-09,2019-12-30,,87640,640938,3
1357782,2019-12-09,2019-12-30,2019-12-23,87681,927159,1
1357783,2019-12-09,2019-12-30,2019-12-28,87923,750459,1
1357784,2019-12-09,2019-12-30,,87930,571293,3
1357785,2019-12-09,2019-12-30,,87983,499699,3
1357786,2019-12-09,2019-12-30,,88283,554521,3
1357787,2019-12-09,2019-12-30,2019-12-30,88336,891297,1
1357788,2019-12-09,2019-12-30,,88499,851406,3
1357789,2019-12-09,2019-12-30,2019-12-25,88784,466301,1
1357790,2019-12-09,2019-12-30,,88855,105629,3
1357791,2019-12-09,2019-12-30,2019-12-30,88938,109272,1
1357792,2019-12-09,2019-12-30,2019-12-23,89125,230181,1
1357793,2019-12-09,2019-12-30,,89307,596267,3
1357794,2019-12-09,2019-12-30,,89465,887742,3
1357795,2019-12-09,2019-12-30,2019-12-23,89522,112224,1
1357796,2019-12-09,2019-12-30,,89522,181933,3
1357797,2019-12-09,2019-12-30,,89522,455144,3
1357798,2019-12-09,2019-12-30,,89522,508361,3
1357799,2019-12-09,2019-12-30,,89711,225827,3
1357800,2019-12-09,2019-12-30,,89750,156537,3
1357801,2019-12-09,2019-12-30,,89907,104199,3
1357802,2019-12-09,2019-12-30,,90043,253512,3
1357803,2019-12-09,2019-12-30,,90069,554901,3
1357804,2019-12-09,2019-12-30,2019-12-31,90069,740362,1
1357805,2019-12-09,2019-12-30,2019-12-24,90069,902362,1
1357806,2019-12-09,2019-12-30,,90262,663721,3
1357807,2019-12-09,2019-12-30,,90264,450469,3
1357808,2019-12-09,2019-12-30,,90308,627916,3
1357809,2019-12-09,2019-12-30,,90308,806492,3
1357810,2019-12-09,2019-12-30,,90578,397748,3
1357811,2019-12-09,2019-12-30,2019-12-27,90694,311863,1
1357812,2019-12-09,2019-12-30,,90694,699884,3
1357813,2019-12-09,2019-12-30,,90707,501934,3
1357814,2019-12-09,2019-12-30,,90724,610668,3
1357815,2019-12-09,2019-12-30,,90732,456067,3
1357816,2019-12-09,2019-12-30,2019-12-29,90734,461998,1
1357817,2019-12-09,2019-12-30,,90734,800642,3
1357818,2019-12-09,2019-12-30,,90786,748261,3
1357819,2019-12-09,2019-12-30,,91020,488938,3
1357820,2019-12-09,2019-12-30,,91171,284787,3
1357821,2019-12-09,2019-12-30,,91367,738456,3
1357822,2019-12-09,2019-12-30,,91426,725496,3
1357823,2019-12-09,2019-12-30,,91534,286776,3
1357824,2019-12-09,2019-12-30,,91599,167595,3
1357825,2019-12-09,2019-12-30,,91749,411743,3
1357826,2019-12-09,2019-12-30,,91820,1702,3
1357827,2019-12-09,2019-12-30,,91873,735836,3
1357828,2019-12-09,2019-12-30,,91873,802670,3
1357829,2019-12-09,2019-12-30,,92155,378114,3
1357830,2019-12-09,2019-12-30,,92307,711023,3
1357831,2019-12-09,2019-12-30,,92523,258159,3
1357832,2019-12-09,2019-12-30,,92630,782022,3
1357833,2019-12-09,2019-12-30,,92929,568524,3
1357834,2019-12-09,2019-12-30,,93019,625431,3
1357835,2019-12-09,2019-12-30,,93019,682978,3
1357836,2019-12-09,2019-12-30,,93019,759805,3
1357837,2019-12-09,2019-12-30,2019-12-21,93049,723425,1
1357838,2019-12-09,2019-12-30,,93174,845056,3
1357839,2019-12-09,2019-12-30,,93362,104438,3
1357840,2019-12-09,2019-12-30,,93449,836860,3
1357841,2019-12-09,2019-12-30,,93707,731450,3
1357842,2019-12-09,2019-12-30,,93917,320039,3
1357843,2019-12-09,2019-12-30,,94105,529779,3
1357844,2019-12-09,2019-12-30,,94296,457253,3
1357845,2019-12-09,2019-12-30,,94396,340763,3
1357846,2019-12-09,2019-12-30,,94755,438002,3
1357847,2019-12-09,2019-12-30,2019-12-19,94799,380890,1
1357848,2019-12-09,2019-12-30,,94799,475395,3
1357849,2019-12-09,2019-12-30,,94799,603217,3
1357850,2019-12-09,2019-12-30,,94799,923230,3
1357851,2019-12-09,2019-12-30,,94849,562708,3
1357852,2019-12-09,2019-12-30,,94945,191459,3
1357853,2019-12-09,2019-12-30,,95046,697010,3
1357854,2019-12-09,2019-12-30,,95323,166507,3
1357855,2019-12-09,2019-12-30,,95422,643145,3
1357856,2019-12-09,2019-12-30,,95558,641691,3
1357857,2019-12-09,2019-12-30,,95682,220167,3
1357858,2019-12-09,2019-12-30,,95789,905194,3
1357859,2019-12-09,2019-12-30,2019-12-23,95858,650142,1
1357860,2019-12-09,2019-12-30,,95858,796570,3
1357861,2019-12-09,2019-12-30,,96014,441873,3
1357862,2019-12-09,2019-12-30,,96202,581000,3
1357863,2019-12-09,2019-12-30,,96430,897255,3
1357864,2019-12-09,2019-12-30,,96532,58740,3
1357865,2019-12-09,2019-12-30,,96571,14439,3
1357866,2019-12-09,2019-12-30,,96820,305116,3
1357867,2019-12-09,2019-12-30,,96843,79968,3
1357868,2019-12-09,2019-12-30,2019-12-24,96901,794427,1
1357869,2019-12-09,2019-12-30,,96970,503193,3
1357870,2019-12-09,2019-12-30,,96979,696255,3
1357871,2019-12-09,2019-12-30,,96990,43861,3
1357872,2019-12-09,2019-12-30,,96990,53666,3
1357873,2019-12-09,2019-12-30,,96990,115934,3
1357874,2019-12-09,2019-12-30,,96990,303877,3
1357875,2019-12-09,2019-12-30,,96990,614160,3
1357876,2019-12-09,2019-12-30,,97121,792094,3
1357877,2019-12-09,2019-12-30,,97280,160930,3
1357878,2019-12-09,2019-12-30,,97318,218730,3
1357879,2019-12-09,2019-12-30,,97318,558580,3
1357880,2019-12-09,2019-12-30,,97318,678118,3
1357881,2019-12-09,2019-12-30,,97318,685646,3
1357882,2019-12-09,2019-12-30,,97318,888378,3
1357883,2019-12-09,2019-12-30,,97417,646411,3
1357884,2019-12-09,2019-12-30,,97420,541151,3
1357885,2019-12-09,2019-12-30,,97420,678726,3
1357886,2019-12-09,2019-12-30,,97983,664665,3
1357887,2019-12-09,2019-12-30,,98086,652149,3
1357888,2019-12-09,2019-12-30,,98086,720504,3
1357889,2019-12-09,2019-12-30,2019-12-29,98430,397577,1
1357890,2019-12-09,2019-12-30,,98480,63594,3
1357891,2019-12-09,2019-12-30,,98520,422673,3
1357892,2019-12-09,2019-12-30,,98637,891583,3
1357893,2019-12-09,2019-12-30,2019-12-24,98731,782744,1
1357894,2019-12-09,2019-12-30,,98760,929257,3
1357895,2019-12-09,2019-12-30,,98865,65685,3
1357896,2019-12-09,2019-12-30,,98874,842245,3
1357897,2019-12-09,2019-12-30,,98923,380149,3
1357898,2019-12-09,2019-12-30,,99116,31263,3
1357899,2019-12-09,2019-12-30,,99142,496247,3
1357900,2019-12-09,2019-12-30,,99337,438750,3
1357901,2019-12-09,2019-12-30,2019-12-25,99355,441952,1
1357902,2019-12-09,2019-12-30,,99622,439713,3
1357903,2019-12-09,2019-12-30,,99854,101278,3
1357904,2019-12-09,2019-12-30,,99854,247821,3
1357905,2019-12-09,2019-12-30,,99854,438068,3
1357906,2019-12-09,2019-12-30,,99854,874403,3
1357907,2019-12-09,2019-12-30,,99854,923368,3
1357908,2019-12-09,2019-12-30,2019-12-26,99990,247303,1
1357909,2019-12-09,2019-12-30,,100121,122791,3
1357910,2019-12-09,2019-12-30,,100141,698840,3
1357911,2019-12-09,2019-12-30,2019-12-21,100213,891909,1
1357912,2019-12-09,2019-12-30,,100284,738540,3
1357913,2019-12-09,2019-12-30,2019-12-29,100354,22756,1
1357914,2019-12-09,2019-12-30,,100354,519165,3
1357915,2019-12-09,2019-12-30,,100354,629204,3
1357916,2019-12-09,2019-12-30,2019-12-20,100410,276949,1
1357917,2019-12-09,2019-12-30,,100495,274185,3
1357918,2019-12-09,2019-12-30,2019-12-31,100605,179260,1
1357919,2019-12-09,2019-12-30,,100605,305336,3
1357920,2019-12-09,2019-12-30,,100605,743577,3
1357921,2019-12-09,2019-12-30,,100904,357415,3
1357922,2019-12-09,2019-12-30,2019-12-29,100922,61045,1
1357923,2019-12-09,2019-12-30,,101152,573674,3
1357924,2019-12-09,2019-12-30,,101237,145548,3
1357925,2019-12-09,2019-12-30,2019-12-23,101303,402692,1
1357926,2019-12-09,2019-12-30,,101357,745428,3
1357927,2019-12-09,2019-12-30,2019-12-23,101357,802741,1
1357928,2019-12-09,2019-12-30,,101565,63712,3
1357929,2019-12-09,2019-12-30,,101745,352667,3
1357930,2019-12-09,2019-12-30,,101790,177369,3
1357931,2019-12-09,2019-12-30,2019-12-28,101793,253518,1
1357932,2019-12-09,2019-12-30,,101793,313661,3
1357933,2019-12-09,2019-12-30,2019-12-27,101793,555784,1
1357934,2019-12-09,2019-12-30,,102146,903172,3
1357935,2019-12-09,2019-12-30,,102364,348686,3
1357936,2019-12-09,2019-12-30,,102482,138599,3
1357937,2019-12-09,2019-12-30,,102757,262925,3
1357938,2019-12-09,2019-12-30,,102761,610781,3
1357939,2019-12-09,2019-12-30,,102930,878599,3
1357940,2019-12-09,2019-12-30,,102942,760941,3
1357941,2019-12-09,2019-12-30,,102942,782108,3
1357942,2019-12-09,2019-12-30,,103163,844936,3
1357943,2019-12-09,2019-12-30,,103218,903625,3
1357944,2019-12-09,2019-12-30,,103283,771205,3
1357945,2019-12-09,2019-12-30,,103284,607959,3
1357946,2019-12-09,2019-12-30,,103381,247913,3
1357947,2019-12-09,2019-12-30,,103422,596697,3
1357948,2019-12-09,2019-12-30,,103868,751789,3
1357949,2019-12-09,2019-12-30,2019-12-25,103882,469192,1
1357950,2019-12-09,2019-12-30,2019-12-30,103929,877759,1
1357951,2019-12-09,2019-12-30,2019-12-24,104013,325319,1
1357952,2019-12-09,2019-12-30,,104023,160931,3
1357953,2019-12-09,2019-12-30,,104437,248315,3
1357954,2019-12-09,2019-12-30,,104516,31379,3
1357955,2019-12-09,2019-12-30,,104622,881461,3
1357956,2019-12-09,2019-12-30,,104797,713828,3
1357957,2019-12-09,2019-12-30,2019-12-24,104806,124343,1
1357958,2019-12-09,2019-12-30,,104826,873026,3
1357959,2019-12-09,2019-12-30,,104900,158523,3
1357960,2019-12-09,2019-12-30,,105000,12840,3
1357961,2019-12-09,2019-12-30,,105000,705973,3
1357962,2019-12-09,2019-12-30,,105230,413609,3
1357963,2019-12-09,2019-12-30,,105230,906485,3
1357964,2019-12-09,2019-12-30,,105287,26131,3
1357965,2019-12-09,2019-12-30,,105367,312802,3
1357966,2019-12-09,2019-12-30,2019-12-31,105400,457369,1
1357967,2019-12-09,2019-12-30,,105420,947626,3
1357968,2019-12-09,2019-12-30,,105580,668034,3
1357969,2019-12-09,2019-12-30,,105726,709452,3
1357970,2019-12-09,2019-12-30,,105824,650300,3
1357971,2019-12-09,2019-12-30,,105860,147521,3
1357972,2019-12-09,2019-12-30,,105932,443585,3
1357973,2019-12-09,2019-12-30,,105932,688370,3
1357974,2019-12-09,2019-12-30,,105961,683105,3
1357975,2019-12-09,2019-12-30,2019-12-31,106134,582677,1
1357976,2019-12-09,2019-12-30,,106176,526183,3
1357977,2019-12-09,2019-12-30,2019-12-20,106242,88510,1
1357978,2019-12-09,2019-12-30,2019-12-23,106356,437830,1
1357979,2019-12-09,2019-12-30,2019-12-25,106356,586404,1
1357980,2019-12-09,2019-12-30,2019-12-20,106544,95893,1
1357981,2019-12-09,2019-12-30,,106840,334981,3
1357982,2019-12-09,2019-12-30,,106840,453908,3
1357983,2019-12-09,2019-12-30,,106840,837179,3
1357984,2019-12-09,2019-12-30,,106954,335820,3
1357985,2019-12-09,2019-12-30,2019-12-27,106979,90531,1
1357986,2019-12-09,2019-12-30,2019-12-26,106979,750164,1
1357987,2019-12-09,2019-12-30,,106979,823394,3
1357988,2019-12-09,2019-12-30,,106979,903656,3
1357989,2019-12-09,2019-12-30,,107023,255849,3
1357990,2019-12-09,2019-12-30,,107262,204136,3
1357991,2019-12-09,2019-12-30,,107569,823797,3
1357992,2019-12-09,2019-12-30,,107667,381603,3
1357993,2019-12-09,2019-12-30,,107674,772007,3
1357994,2019-12-09,2019-12-30,,107753,103998,3
1357995,2019-12-09,2019-12-30,,107890,835837,3
1357996,2019-12-09,2019-12-30,,107976,747723,3
1357997,2019-12-09,2019-12-30,,108042,555749,3
1357998,2019-12-09,2019-12-30,,108042,864258,3
1357999,2019-12-09,2019-12-30,,108070,453909,3
1358000,2019-12-09,2019-12-30,,108116,86600,3
1358001,2019-12-09,2019-12-30,2019-12-31,108160,21933,1
1358002,2019-12-09,2019-12-30,,108274,220230,3
1358003,2019-12-09,2019-12-30,,108388,219473,3
1358004,2019-12-09,2019-12-30,,108570,66831,3
1358005,2019-12-09,2019-12-30,,108570,112864,3
1358006,2019-12-09,2019-12-30,,108570,152641,3
1358007,2019-12-09,2019-12-30,,108570,173477,3
1358008,2019-12-09,2019-12-30,,108570,253465,3
1358009,2019-12-09,2019-12-30,,108570,303898,3
1358010,2019-12-09,2019-12-30,,108570,345960,3
1358011,2019-12-09,2019-12-30,2019-12-20,108570,349842,1
1358012,2019-12-09,2019-12-30,,108570,428431,3
1358013,2019-12-09,2019-12-30,2019-12-23,108570,475919,1
1358014,2019-12-09,2019-12-30,,108570,525700,3
1358015,2019-12-09,2019-12-30,,108570,528937,3
1358016,2019-12-09,2019-12-30,2019-12-30,108570,574382,1
1358017,2019-12-09,2019-12-30,,108570,672631,3
1358018,2019-12-09,2019-12-30,,108570,729757,3
1358019,2019-12-09,2019-12-30,2019-12-22,108570,760776,1
1358020,2019-12-09,2019-12-30,,108570,833186,3
1358021,2019-12-09,2019-12-30,,108570,933213,3
1358022,2019-12-09,2019-12-30,,108570,949635,3
1358023,2019-12-09,2019-12-30,2019-12-29,108582,370831,1
1358024,2019-12-09,2019-12-30,,108621,909336,3
1358025,2019-12-09,2019-12-30,2019-12-28,108675,406336,1
1358026,2019-12-09,2019-12-30,,108721,802833,3
1358027,2019-12-09,2019-12-30,2019-12-25,108798,111635,1
1358028,2019-12-09,2019-12-30,,108951,476206,3
1358029,2019-12-09,2019-12-30,,109449,477551,3
1358030,2019-12-09,2019-12-30,2019-12-28,109508,271671,1
1358031,2019-12-09,2019-12-30,,109508,741838,3
1358032,2019-12-09,2019-12-30,,109662,280880,3
1358033,2019-12-09,2019-12-30,,109742,875499,3
1358034,2019-12-09,2019-12-30,,109872,437918,3
1358035,2019-12-09,2019-12-30,2019-12-31,109878,400188,1
1358036,2019-12-09,2019-12-30,,109887,656921,3
1358037,2019-12-09,2019-12-30,,110078,504850,3
1358038,2019-12-09,2019-12-30,,110303,98142,3
1358039,2019-12-09,2019-12-30,,110320,222856,3
1358040,2019-12-09,2019-12-30,2019-12-20,110461,224522,1
1358041,2019-12-09,2019-12-30,,110461,638682,3
1358042,2019-12-09,2019-12-30,2019-12-26,110461,748206,1
1358043,2019-12-09,2019-12-30,,110775,882994,3
1358044,2019-12-09,2019-12-30,,110914,815600,3
1358045,2019-12-09,2019-12-30,,110917,923246,3
1358046,2019-12-09,2019-12-30,,111057,642815,3
1358047,2019-12-09,2019-12-30,,111057,718721,3
1358048,2019-12-09,2019-12-30,,111116,832165,3
1358049,2019-12-09,2019-12-30,2019-12-22,111272,321323,1
1358050,2019-12-09,2019-12-30,2019-12-29,111272,334604,1
1358051,2019-12-09,2019-12-30,2019-12-27,111274,578617,1
1358052,2019-12-09,2019-12-30,,111274,869878,3
1358053,2019-12-09,2019-12-30,,111817,896006,3
1358054,2019-12-09,2019-12-30,,111910,88774,3
1358055,2019-12-09,2019-12-30,,112040,300533,3
1358056,2019-12-09,2019-12-30,,112150,238359,3
1358057,2019-12-09,2019-12-30,,112385,693730,3
1358058,2019-12-09,2019-12-30,,112385,802742,3
1358059,2019-12-09,2019-12-30,,112465,671444,3
1358060,2019-12-09,2019-12-30,2019-12-20,112493,342035,1
1358061,2019-12-09,2019-12-30,,112550,185749,3
1358062,2019-12-09,2019-12-30,,112554,801185,3
1358063,2019-12-09,2019-12-30,,112727,844985,3
1358064,2019-12-09,2019-12-30,,112980,326501,3
1358065,2019-12-09,2019-12-30,,112998,674443,3
1358066,2019-12-09,2019-12-30,,113015,794598,3
1358067,2019-12-09,2019-12-30,,113096,698692,3
1358068,2019-12-09,2019-12-30,,113253,913785,3
1358069,2019-12-09,2019-12-30,,113327,408718,3
1358070,2019-12-09,2019-12-30,2019-12-23,113504,50162,1
1358071,2019-12-09,2019-12-30,,113522,511437,3
1358072,2019-12-09,2019-12-30,2019-12-22,113695,902671,1
1358073,2019-12-09,2019-12-30,2019-12-26,113749,42064,1
1358074,2019-12-09,2019-12-30,,113749,598353,3
1358075,2019-12-09,2019-12-30,,113760,252295,3
1358076,2019-12-09,2019-12-30,2019-12-27,113785,26720,1
1358077,2019-12-09,2019-12-30,,113832,557093,3
1358078,2019-12-09,2019-12-30,,114115,119626,3
1358079,2019-12-09,2019-12-30,,114369,97695,3
1358080,2019-12-09,2019-12-30,,114369,603157,3
1358081,2019-12-09,2019-12-30,,114369,735837,3
1358082,2019-12-09,2019-12-30,,114444,461893,3
1358083,2019-12-09,2019-12-30,2019-12-24,114457,382501,1
1358084,2019-12-09,2019-12-30,,114499,453945,3
1358085,2019-12-09,2019-12-30,,114603,739055,3
1358086,2019-12-09,2019-12-30,,114665,397728,3
1358087,2019-12-09,2019-12-30,2019-12-23,114690,671397,1
1358088,2019-12-09,2019-12-30,2019-12-26,114873,900535,1
1358089,2019-12-09,2019-12-30,2019-12-27,115051,144707,1
1358090,2019-12-09,2019-12-30,2019-12-28,115220,225357,1
1358091,2019-12-09,2019-12-30,,115278,581015,3
1358092,2019-12-09,2019-12-30,2019-12-31,115453,824828,1
1358093,2019-12-09,2019-12-30,2019-12-27,115454,115945,1
1358094,2019-12-09,2019-12-30,2019-12-30,115454,178101,1
1358095,2019-12-09,2019-12-30,,115454,477955,3
1358096,2019-12-09,2019-12-30,,115454,858557,3
1358097,2019-12-09,2019-12-30,,115455,615519,3
1358098,2019-12-09,2019-12-30,,115529,8603,3
1358099,2019-12-09,2019-12-30,,115529,167665,3
1358100,2019-12-09,2019-12-30,,115529,559595,3
1358101,2019-12-09,2019-12-30,,115616,341367,3
1358102,2019-12-09,2019-12-30,,115788,810691,3
1358103,2019-12-09,2019-12-30,2019-12-23,115895,249554,1
1358104,2019-12-09,2019-12-30,,115897,918736,3
1358105,2019-12-09,2019-12-30,,116169,145209,3
1358106,2019-12-09,2019-12-30,,116210,146591,3
1358107,2019-12-09,2019-12-30,,116214,313796,3
1358108,2019-12-09,2019-12-30,,116287,300393,3
1358109,2019-12-09,2019-12-30,,116291,70954,3
1358110,2019-12-09,2019-12-30,,116351,309340,3
1358111,2019-12-09,2019-12-30,,116379,49601,3
1358112,2019-12-09,2019-12-30,,116500,477918,3
1358113,2019-12-09,2019-12-30,,116537,174436,3
1358114,2019-12-09,2019-12-30,,116964,929036,3
1358115,2019-12-09,2019-12-30,,117194,948220,3
1358116,2019-12-09,2019-12-30,,117287,492931,3
1358117,2019-12-09,2019-12-30,,117362,749897,3
1358118,2019-12-09,2019-12-30,,117497,737837,3
1358119,2019-12-09,2019-12-30,,117497,947293,3
1358120,2019-12-09,2019-12-30,,117556,591217,3
1358121,2019-12-09,2019-12-30,,117830,586968,3
1358122,2019-12-09,2019-12-30,,117865,92872,3
1358123,2019-12-09,2019-12-30,2019-12-27,117866,547227,1
1358124,2019-12-09,2019-12-30,,117896,137971,3
1358125,2019-12-09,2019-12-30,,117896,167977,3
1358126,2019-12-09,2019-12-30,,117992,142238,3
1358127,2019-12-09,2019-12-30,2019-12-30,117992,452813,1
1358128,2019-12-09,2019-12-30,,118033,43790,3
1358129,2019-12-09,2019-12-30,,118033,935624,3
1358130,2019-12-09,2019-12-30,,118172,166156,3
1358131,2019-12-09,2019-12-30,2019-12-23,118234,509168,1
1358132,2019-12-09,2019-12-30,,118335,827017,3
1358133,2019-12-09,2019-12-30,2019-12-23,118392,220377,1
1358134,2019-12-09,2019-12-30,,118459,453983,3
1358135,2019-12-09,2019-12-30,2019-12-28,118568,568769,1
1358136,2019-12-09,2019-12-30,,118591,183006,3
1358137,2019-12-09,2019-12-30,,118635,221022,3
1358138,2019-12-09,2019-12-30,,118647,834795,3
1358139,2019-12-09,2019-12-30,,118823,262141,3
1358140,2019-12-09,2019-12-30,,118884,764111,3
1358141,2019-12-09,2019-12-30,,118964,664549,3
1358142,2019-12-09,2019-12-30,2019-12-29,119277,631346,1
1358143,2019-12-09,2019-12-30,,119450,340605,3
1358144,2019-12-09,2019-12-30,,119450,823804,3
1358145,2019-12-09,2019-12-30,,119486,425863,3
1358146,2019-12-09,2019-12-30,,119731,516743,3
1358147,2019-12-09,2019-12-30,,119821,71231,3
1358148,2019-12-09,2019-12-30,,119967,311880,3
1358149,2019-12-09,2019-12-30,,119967,823384,3
1358150,2019-12-09,2019-12-30,,119983,864809,3
1358151,2019-12-09,2019-12-30,,120488,702379,3
1358152,2019-12-09,2019-12-30,2019-12-23,120565,738114,1
1358153,2019-12-09,2019-12-30,2019-12-29,120631,741824,1
1358154,2019-12-09,2019-12-30,2019-12-30,120631,907317,1
1358155,2019-12-09,2019-12-30,2019-12-27,120637,835245,1
1358156,2019-12-09,2019-12-30,2019-12-31,120637,866713,1
1358157,2019-12-09,2019-12-30,,120742,925752,3
1358158,2019-12-09,2019-12-30,,120792,899019,3
1358159,2019-12-09,2019-12-30,,120802,737838,3
1358160,2019-12-09,2019-12-30,,120995,728114,3
1358161,2019-12-09,2019-12-30,,121260,750198,3
1358162,2019-12-09,2019-12-30,2019-12-22,121329,328333,1
1358163,2019-12-09,2019-12-30,,121404,772399,3
1358164,2019-12-09,2019-12-30,,121967,738781,3
1358165,2019-12-09,2019-12-30,,122062,471413,3
1358166,2019-12-09,2019-12-30,,122203,361537,3
1358167,2019-12-09,2019-12-30,,122219,690400,3
1358168,2019-12-09,2019-12-30,,122327,342493,3
1358169,2019-12-09,2019-12-30,,122572,270925,3
1358170,2019-12-09,2019-12-30,,122666,480766,3
1358171,2019-12-09,2019-12-30,2019-12-23,122666,579802,1
1358172,2019-12-09,2019-12-30,2019-12-31,122756,335888,1
1358173,2019-12-09,2019-12-30,,123108,92243,3
1358174,2019-12-09,2019-12-30,,123265,49475,3
1358175,2019-12-09,2019-12-30,,123265,315230,3
1358176,2019-12-09,2019-12-30,2019-12-29,123265,436790,1
1358177,2019-12-09,2019-12-30,,123265,451602,3
1358178,2019-12-09,2019-12-30,,123552,749790,3
1358179,2019-12-09,2019-12-30,,123798,504299,3
1358180,2019-12-09,2019-12-30,,123982,874011,3
1358181,2019-12-09,2019-12-30,,124572,433040,3
1358182,2019-12-09,2019-12-30,,124728,104015,3
1358183,2019-12-09,2019-12-30,,124731,835428,3
1358184,2019-12-09,2019-12-30,,124835,325795,3
1358185,2019-12-09,2019-12-30,,125052,509441,3
1358186,2019-12-09,2019-12-30,,125181,674570,3
1358187,2019-12-09,2019-12-30,,125231,752212,3
1358188,2019-12-09,2019-12-30,,125265,91870,3
1358189,2019-12-09,2019-12-30,2019-12-23,125290,42050,1
1358190,2019-12-09,2019-12-30,,125852,453946,3
1358191,2019-12-09,2019-12-30,,125931,332697,3
1358192,2019-12-09,2019-12-30,,126163,750165,3
1358193,2019-12-09,2019-12-30,,126428,613565,3
1358194,2019-12-09,2019-12-30,,126445,454677,3
1358195,2019-12-09,2019-12-30,,126488,570756,3
1358196,2019-12-09,2019-12-30,,126609,491150,3
1358197,2019-12-09,2019-12-30,,126749,711630,3
1358198,2019-12-09,2019-12-30,,127013,925634,3
1358199,2019-12-09,2019-12-30,,127056,870643,3
1358200,2019-12-09,2019-12-30,,127307,241634,3
1358201,2019-12-09,2019-12-30,,127572,443586,3
1358202,2019-12-09,2019-12-30,,127611,533334,3
1358203,2019-12-09,2019-12-30,,127685,363635,3
1358204,2019-12-09,2019-12-30,2019-12-25,127737,321593,1
1358205,2019-12-09,2019-12-30,,127737,376124,3
1358206,2019-12-09,2019-12-30,,127737,621392,3
1358207,2019-12-09,2019-12-30,2019-12-30,127737,849568,1
1358208,2019-12-09,2019-12-30,,127749,394661,3
1358209,2019-12-09,2019-12-30,,128193,616892,3
1358210,2019-12-09,2019-12-30,,128197,530427,3
1358211,2019-12-09,2019-12-30,,128465,79655,3
1358212,2019-12-09,2019-12-30,2019-12-27,128465,442310,1
1358213,2019-12-09,2019-12-30,,128683,290138,3
1358214,2019-12-09,2019-12-30,,128709,741825,3
1358215,2019-12-09,2019-12-30,,129132,254225,3
1358216,2019-12-09,2019-12-30,,129179,37296,3
1358217,2019-12-09,2019-12-30,2019-12-30,129179,117285,1
1358218,2019-12-09,2019-12-30,,129327,165723,3
1358219,2019-12-09,2019-12-30,,129420,377118,3
1358220,2019-12-09,2019-12-30,2019-12-27,129483,863710,1
1358221,2019-12-09,2019-12-30,2019-12-21,129534,212059,1
1358222,2019-12-09,2019-12-30,2019-12-24,129534,450532,1
1358223,2019-12-09,2019-12-30,,129745,711793,3
1358224,2019-12-09,2019-12-30,,129818,815849,3
1358225,2019-12-09,2019-12-30,2019-12-22,129896,8295,1
1358226,2019-12-09,2019-12-30,,129957,844233,3
1358227,2019-12-09,2019-12-30,,130125,415582,3
1358228,2019-12-09,2019-12-30,,130303,147130,3
1358229,2019-12-09,2019-12-30,,130369,137070,3
1358230,2019-12-09,2019-12-30,2019-12-28,130430,348915,1
1358231,2019-12-09,2019-12-30,2019-12-25,130597,692602,1
1358232,2019-12-09,2019-12-30,,130739,370999,3
1358233,2019-12-09,2019-12-30,,130821,782326,3
1358234,2019-12-09,2019-12-30,,130935,589791,3
1358235,2019-12-09,2019-12-30,,131197,267797,3
1358236,2019-12-09,2019-12-30,,131436,87972,3
1358237,2019-12-09,2019-12-30,,131510,226137,3
1358238,2019-12-09,2019-12-30,,131614,20789,3
1358239,2019-12-09,2019-12-30,,131615,286116,3
1358240,2019-12-09,2019-12-30,2019-12-29,131689,595559,1
1358241,2019-12-09,2019-12-30,,131745,363425,3
1358242,2019-12-09,2019-12-30,,131941,835066,3
1358243,2019-12-09,2019-12-30,,132144,375667,3
1358244,2019-12-09,2019-12-30,,132144,891952,3
1358245,2019-12-09,2019-12-30,,132207,263763,3
1358246,2019-12-09,2019-12-30,2019-12-23,132211,856650,1
1358247,2019-12-09,2019-12-30,,132461,167494,3
1358248,2019-12-09,2019-12-30,,132636,884447,3
1358249,2019-12-09,2019-12-30,,132673,270094,3
1358250,2019-12-09,2019-12-30,2019-12-30,132814,501712,1
1358251,2019-12-09,2019-12-30,,132814,793345,3
1358252,2019-12-09,2019-12-30,,132814,951431,3
1358253,2019-12-09,2019-12-30,,132834,885677,3
1358254,2019-12-09,2019-12-30,,132855,193415,3
1358255,2019-12-09,2019-12-30,,133026,714423,3
1358256,2019-12-09,2019-12-30,,133228,244253,3
1358257,2019-12-09,2019-12-30,2019-12-23,133327,47203,1
1358258,2019-12-09,2019-12-30,2019-12-22,133355,566067,1
1358259,2019-12-09,2019-12-30,,133392,150786,3
1358260,2019-12-09,2019-12-30,,133511,398866,3
1358261,2019-12-09,2019-12-30,,133516,322587,3
1358262,2019-12-09,2019-12-30,,133539,465937,3
1358263,2019-12-09,2019-12-30,,133743,62470,3
1358264,2019-12-09,2019-12-30,,133761,554708,3
1358265,2019-12-09,2019-12-30,,133916,49430,3
1358266,2019-12-09,2019-12-30,,133957,923362,3
1358267,2019-12-09,2019-12-30,,134160,2395,3
1358268,2019-12-09,2019-12-30,,134356,93070,3
1358269,2019-12-09,2019-12-30,,134367,730200,3
1358270,2019-12-09,2019-12-30,,134367,868117,3
1358271,2019-12-09,2019-12-30,,134710,723181,3
1358272,2019-12-09,2019-12-30,,135383,384926,3
1358273,2019-12-09,2019-12-30,2019-12-31,135547,496431,1
1358274,2019-12-09,2019-12-30,2019-12-29,135634,334997,1
1358275,2019-12-09,2019-12-30,,135706,135464,3
1358276,2019-12-09,2019-12-30,,135956,621791,3
1358277,2019-12-09,2019-12-30,2019-12-22,136064,461169,1
1358278,2019-12-09,2019-12-30,2019-12-25,136064,913155,1
1358279,2019-12-09,2019-12-30,,136090,688392,3
1358280,2019-12-09,2019-12-30,,136188,875598,3
1358281,2019-12-09,2019-12-30,,136192,516776,3
1358282,2019-12-09,2019-12-30,,136197,101350,3
1358283,2019-12-09,2019-12-30,,136248,336465,3
1358284,2019-12-09,2019-12-30,2019-12-25,136275,186708,1
1358285,2019-12-09,2019-12-30,2019-12-30,136275,247539,1
1358286,2019-12-09,2019-12-30,2019-12-24,136275,738607,1
1358287,2019-12-09,2019-12-30,,136275,844772,3
1358288,2019-12-09,2019-12-30,,136545,104352,3
1358289,2019-12-09,2019-12-30,2019-12-25,137106,271026,1
1358290,2019-12-09,2019-12-30,2019-12-27,137292,845617,1
1358291,2019-12-09,2019-12-30,,137368,337445,3
1358292,2019-12-09,2019-12-30,,137368,449624,3
1358293,2019-12-09,2019-12-30,,137378,51811,3
1358294,2019-12-09,2019-12-30,,137386,149679,3
1358295,2019-12-09,2019-12-30,,137386,222495,3
1358296,2019-12-09,2019-12-30,,137512,364508,3
1358297,2019-12-09,2019-12-30,,137564,501713,3
1358298,2019-12-09,2019-12-30,,137564,516168,3
1358299,2019-12-09,2019-12-30,,137579,911837,3
1358300,2019-12-09,2019-12-30,2019-12-30,137625,759674,1
1358301,2019-12-09,2019-12-30,,137683,104353,3
1358302,2019-12-09,2019-12-30,,137683,111051,3
1358303,2019-12-09,2019-12-30,,137924,501592,3
1358304,2019-12-09,2019-12-30,,138178,113901,3
1358305,2019-12-09,2019-12-30,,138587,663379,3
1358306,2019-12-09,2019-12-30,,138587,678179,3
1358307,2019-12-09,2019-12-30,,138587,835606,3
1358308,2019-12-09,2019-12-30,,138722,398188,3
1358309,2019-12-09,2019-12-30,,138848,717200,3
1358310,2019-12-09,2019-12-30,,139109,235286,3
1358311,2019-12-09,2019-12-30,,139141,556433,3
1358312,2019-12-09,2019-12-30,,139318,820240,3
1358313,2019-12-09,2019-12-30,,139500,366445,3
1358314,2019-12-09,2019-12-30,,139567,201813,3
1358315,2019-12-09,2019-12-30,,139599,623345,3
1358316,2019-12-09,2019-12-30,,139630,207947,3
1358317,2019-12-09,2019-12-30,2019-12-20,139679,627917,1
1358318,2019-12-09,2019-12-30,,139982,646602,3
1358319,2019-12-09,2019-12-30,,140037,945844,3
1358320,2019-12-09,2019-12-30,,140402,144247,3
1358321,2019-12-09,2019-12-30,,140402,222857,3
1358322,2019-12-09,2019-12-30,,140402,345962,3
1358323,2019-12-09,2019-12-30,,140402,435976,3
1358324,2019-12-09,2019-12-30,,140402,484081,3
1358325,2019-12-09,2019-12-30,,140402,522004,3
1358326,2019-12-09,2019-12-30,2019-12-22,140402,933328,1
1358327,2019-12-09,2019-12-30,2019-12-29,140531,23098,1
1358328,2019-12-09,2019-12-30,,140531,110800,3
1358329,2019-12-09,2019-12-30,,140531,259589,3
1358330,2019-12-09,2019-12-30,2019-12-29,140531,269975,1
1358331,2019-12-09,2019-12-30,2019-12-31,140531,332645,1
1358332,2019-12-09,2019-12-30,2019-12-24,140531,394438,1
1358333,2019-12-09,2019-12-30,,140531,499250,3
1358334,2019-12-09,2019-12-30,,140531,529123,3
1358335,2019-12-09,2019-12-30,2019-12-26,140531,574292,1
1358336,2019-12-09,2019-12-30,,140531,686464,3
1358337,2019-12-09,2019-12-30,,140855,49587,3
1358338,2019-12-09,2019-12-30,2019-12-28,140895,674998,1
1358339,2019-12-09,2019-12-30,2019-12-20,141156,487822,1
1358340,2019-12-09,2019-12-30,,141230,938425,3
1358341,2019-12-09,2019-12-30,2019-12-22,141379,851174,1
1358342,2019-12-09,2019-12-30,,141417,658016,3
1358343,2019-12-09,2019-12-30,,141428,26493,3
1358344,2019-12-09,2019-12-30,2019-12-23,141428,184591,1
1358345,2019-12-09,2019-12-30,,141428,477449,3
1358346,2019-12-09,2019-12-30,2019-12-30,141437,195360,1
1358347,2019-12-09,2019-12-30,,141437,629778,3
1358348,2019-12-09,2019-12-30,,141541,547314,3
1358349,2019-12-09,2019-12-30,,141541,682979,3
1358350,2019-12-09,2019-12-30,,141541,864810,3
1358351,2019-12-09,2019-12-30,,141577,156957,3
1358352,2019-12-09,2019-12-30,,141611,490830,3
1358353,2019-12-09,2019-12-30,,141745,567465,3
1358354,2019-12-09,2019-12-30,,141764,243822,3
1358355,2019-12-09,2019-12-30,,141802,510887,3
1358356,2019-12-09,2019-12-30,,141856,384765,3
1358357,2019-12-09,2019-12-30,,141901,14301,3
1358358,2019-12-09,2019-12-30,,141923,160921,3
1358359,2019-12-09,2019-12-30,,141985,6938,3
1358360,2019-12-09,2019-12-30,,142329,896314,3
1358361,2019-12-09,2019-12-30,,142946,271193,3
1358362,2019-12-09,2019-12-30,,142950,761791,3
1358363,2019-12-09,2019-12-30,,143320,832380,3
1358364,2019-12-09,2019-12-30,,143470,223036,3
1358365,2019-12-09,2019-12-30,,143470,845077,3
1358366,2019-12-09,2019-12-30,,143490,322551,3
1358367,2019-12-09,2019-12-30,2019-12-30,143558,258291,1
1358368,2019-12-09,2019-12-30,,143558,780032,3
1358369,2019-12-09,2019-12-30,2019-12-28,143562,871932,1
1358370,2019-12-09,2019-12-30,,143587,88452,3
1358371,2019-12-09,2019-12-30,,143645,636294,3
1358372,2019-12-09,2019-12-30,2019-12-25,143709,242532,1
1358373,2019-12-09,2019-12-30,,143713,21934,3
1358374,2019-12-09,2019-12-30,,143713,31776,3
1358375,2019-12-09,2019-12-30,,143713,661906,3
1358376,2019-12-09,2019-12-30,,143848,536769,3
1358377,2019-12-09,2019-12-30,,143904,702875,3
1358378,2019-12-09,2019-12-30,,143964,449389,3
1358379,2019-12-09,2019-12-30,,144070,917133,3
1358380,2019-12-09,2019-12-30,,144113,652207,3
1358381,2019-12-09,2019-12-30,2019-12-31,144216,158524,1
1358382,2019-12-09,2019-12-30,,144279,33105,3
1358383,2019-12-09,2019-12-30,,144380,725412,3
1358384,2019-12-09,2019-12-30,,144534,288359,3
1358385,2019-12-09,2019-12-30,,144831,671989,3
1358386,2019-12-09,2019-12-30,,144855,421432,3
1358387,2019-12-09,2019-12-30,2019-12-27,144855,607115,1
1358388,2019-12-09,2019-12-30,,144855,713888,3
1358389,2019-12-09,2019-12-30,2019-12-31,144855,852862,1
1358390,2019-12-09,2019-12-30,2019-12-28,145002,903215,1
1358391,2019-12-09,2019-12-30,,145251,598014,3
1358392,2019-12-09,2019-12-30,,145580,812099,3
1358393,2019-12-09,2019-12-30,,145620,145948,3
1358394,2019-12-09,2019-12-30,,145680,194015,3
1358395,2019-12-09,2019-12-30,,145754,235717,3
1358396,2019-12-09,2019-12-30,,145791,723145,3
1358397,2019-12-09,2019-12-30,,146175,861517,3
1358398,2019-12-09,2019-12-30,2019-12-22,146411,355200,1
1358399,2019-12-09,2019-12-30,,146475,468629,3
1358400,2019-12-09,2019-12-30,,146637,138394,3
1358401,2019-12-09,2019-12-30,2019-12-31,146807,49514,1
1358402,2019-12-09,2019-12-30,,146807,195371,3
1358403,2019-12-09,2019-12-30,,147096,309505,3
1358404,2019-12-09,2019-12-30,,147096,652122,3
1358405,2019-12-09,2019-12-30,,147096,693679,3
1358406,2019-12-09,2019-12-30,,147180,549404,3
1358407,2019-12-09,2019-12-30,2019-12-27,147391,634844,1
1358408,2019-12-09,2019-12-30,,147395,888992,3
1358409,2019-12-09,2019-12-30,,147420,500828,3
1358410,2019-12-09,2019-12-30,,147446,185494,3
1358411,2019-12-09,2019-12-30,2019-12-25,147790,87967,1
1358412,2019-12-09,2019-12-30,2019-12-29,147790,575058,1
1358413,2019-12-09,2019-12-30,2019-12-31,147790,836370,1
1358414,2019-12-09,2019-12-30,,147805,669101,3
1358415,2019-12-09,2019-12-30,,147878,508712,3
1358416,2019-12-09,2019-12-30,,147996,951714,3
1358417,2019-12-09,2019-12-30,,148104,710506,3
1358418,2019-12-09,2019-12-30,,148353,501599,3
1358419,2019-12-09,2019-12-30,,148503,767668,3
1358420,2019-12-09,2019-12-30,,148672,782245,3
1358421,2019-12-09,2019-12-30,,148810,845026,3
1358422,2019-12-09,2019-12-30,,149065,603944,3
1358423,2019-12-09,2019-12-30,2019-12-21,149112,621570,1
1358424,2019-12-09,2019-12-30,2019-12-25,149129,590743,1
1358425,2019-12-09,2019-12-30,2019-12-22,149129,684482,1
1358426,2019-12-09,2019-12-30,,149129,707666,3
1358427,2019-12-09,2019-12-30,,149535,606568,3
1358428,2019-12-09,2019-12-30,,149580,229227,3
1358429,2019-12-09,2019-12-30,2019-12-21,149811,350364,1
1358430,2019-12-09,2019-12-30,2019-12-31,149811,870895,1
1358431,2019-12-09,2019-12-30,2019-12-26,149811,893467,1
1358432,2019-12-09,2019-12-30,2019-12-26,149836,311881,1
1358433,2019-12-09,2019-12-30,,149841,683726,3
1358434,2019-12-09,2019-12-30,,149909,255962,3
1358435,2019-12-09,2019-12-30,2019-12-21,150028,878915,1
1358436,2019-12-09,2019-12-30,,150170,54519,3
1358437,2019-12-09,2019-12-30,,150209,924099,3
1358438,2019-12-09,2019-12-30,,150245,604480,3
1358439,2019-12-09,2019-12-30,,150464,179836,3
1358440,2019-12-09,2019-12-30,,150606,257774,3
1358441,2019-12-09,2019-12-30,2019-12-23,150665,297615,1
1358442,2019-12-09,2019-12-30,2019-12-28,150770,323732,1
1358443,2019-12-09,2019-12-30,,150770,327262,3
1358444,2019-12-09,2019-12-30,2019-12-28,150770,899722,1
1358445,2019-12-09,2019-12-30,,150858,332637,3
1358446,2019-12-09,2019-12-30,,150976,96525,3
1358447,2019-12-09,2019-12-30,2019-12-26,151090,343562,1
1358448,2019-12-09,2019-12-30,,151224,46656,3
1358449,2019-12-09,2019-12-30,,151224,328813,3
1358450,2019-12-09,2019-12-30,,151279,826025,3
1358451,2019-12-09,2019-12-30,,151304,645694,3
1358452,2019-12-09,2019-12-30,,151324,19069,3
1358453,2019-12-09,2019-12-30,,151391,314008,3
1358454,2019-12-09,2019-12-30,,151480,663256,3
1358455,2019-12-09,2019-12-30,2019-12-23,151496,227926,1
1358456,2019-12-09,2019-12-30,,151708,615329,3
1358457,2019-12-09,2019-12-30,2019-12-30,151933,201347,1
1358458,2019-12-09,2019-12-30,2019-12-29,152123,62903,1
1358459,2019-12-09,2019-12-30,,152158,80208,3
1358460,2019-12-09,2019-12-30,,152337,211720,3
1358461,2019-12-09,2019-12-30,,152412,422826,3
1358462,2019-12-09,2019-12-30,2019-12-23,152510,221596,1
1358463,2019-12-09,2019-12-30,,152557,541197,3
1358464,2019-12-09,2019-12-30,,152731,383382,3
1358465,2019-12-09,2019-12-30,,153014,380896,3
1358466,2019-12-09,2019-12-30,,153020,750166,3
1358467,2019-12-09,2019-12-30,2019-12-24,153194,401907,1
1358468,2019-12-09,2019-12-30,2019-12-31,153194,423433,1
1358469,2019-12-09,2019-12-30,,153226,558867,3
1358470,2019-12-09,2019-12-30,,153420,671515,3
1358471,2019-12-09,2019-12-30,,153496,226482,3
1358472,2019-12-09,2019-12-30,,153501,328709,3
1358473,2019-12-09,2019-12-30,,153666,535853,3
1358474,2019-12-09,2019-12-30,,153750,17170,3
1358475,2019-12-09,2019-12-30,,153750,167666,3
1358476,2019-12-09,2019-12-30,,153835,878365,3
1358477,2019-12-09,2019-12-30,2019-12-28,154389,883471,1
1358478,2019-12-09,2019-12-30,,154676,341490,3
1358479,2019-12-09,2019-12-30,,154823,649584,3
1358480,2019-12-09,2019-12-30,,154902,619990,3
1358481,2019-12-09,2019-12-30,2019-12-21,155059,479084,1
1358482,2019-12-09,2019-12-30,,155396,404372,3
1358483,2019-12-09,2019-12-30,2019-12-27,155431,608169,1
1358484,2019-12-09,2019-12-30,,155447,720512,3
1358485,2019-12-09,2019-12-30,,155499,910623,3
1358486,2019-12-09,2019-12-30,,155507,740296,3
1358487,2019-12-09,2019-12-30,,155910,802671,3
1358488,2019-12-09,2019-12-30,2019-12-24,156051,343182,1
1358489,2019-12-09,2019-12-30,2019-12-25,156115,671475,1
1358490,2019-12-09,2019-12-30,,156333,627251,3
1358491,2019-12-09,2019-12-30,,156333,632078,3
1358492,2019-12-09,2019-12-30,,156333,867682,3
1358493,2019-12-09,2019-12-30,2019-12-23,156413,176091,1
1358494,2019-12-09,2019-12-30,2019-12-21,156422,707381,1
1358495,2019-12-09,2019-12-30,2019-12-25,156470,159023,1
1358496,2019-12-09,2019-12-30,,156470,844827,3
1358497,2019-12-09,2019-12-30,,156497,699097,3
1358498,2019-12-09,2019-12-30,,156792,270178,3
1358499,2019-12-09,2019-12-30,,156884,801142,3
1358500,2019-12-09,2019-12-30,,156911,278741,3
1358501,2019-12-09,2019-12-30,,156952,165307,3
1358502,2019-12-09,2019-12-30,2019-12-26,157109,27256,1
1358503,2019-12-09,2019-12-30,,157193,193739,3
1358504,2019-12-09,2019-12-30,2019-12-25,157319,421973,1
1358505,2019-12-09,2019-12-30,2019-12-27,157690,300252,1
1358506,2019-12-09,2019-12-30,2019-12-26,157784,453910,1
1358507,2019-12-09,2019-12-30,,157792,882238,3
1358508,2019-12-09,2019-12-30,,158120,311647,3
1358509,2019-12-09,2019-12-30,2019-12-21,158130,64493,1
1358510,2019-12-09,2019-12-30,2019-12-21,158130,387488,1
1358511,2019-12-09,2019-12-30,2019-12-30,158130,390327,1
1358512,2019-12-09,2019-12-30,,158666,741830,3
1358513,2019-12-09,2019-12-30,,158727,598986,3
1358514,2019-12-09,2019-12-30,,158791,589114,3
1358515,2019-12-09,2019-12-30,,159032,909272,3
1358516,2019-12-09,2019-12-30,,159330,360717,3
1358517,2019-12-09,2019-12-30,,159369,287942,3
1358518,2019-12-09,2019-12-30,,159403,168830,3
1358519,2019-12-09,2019-12-30,2019-12-28,159512,515881,1
1358520,2019-12-10,2019-12-31,,156,917981,2
1358521,2019-12-10,2019-12-31,2019-12-27,219,8205,1
1358522,2019-12-10,2019-12-31,,232,860756,2
1358523,2019-12-10,2019-12-31,2019-12-22,343,908255,1
1358524,2019-12-10,2019-12-31,,359,705297,2
1358525,2019-12-10,2019-12-31,,515,319238,2
1358526,2019-12-10,2019-12-31,,523,827849,2
1358527,2019-12-10,2019-12-31,2019-12-30,540,421879,1
1358528,2019-12-10,2019-12-31,2019-12-29,733,304654,1
1358529,2019-12-10,2019-12-31,2019-12-28,827,325644,1
1358530,2019-12-10,2019-12-31,,859,4129,2
1358531,2019-12-10,2019-12-31,,1286,377038,2
1358532,2019-12-10,2019-12-31,2019-12-28,1393,138291,1
1358533,2019-12-10,2019-12-31,2019-12-29,1447,368340,1
1358534,2019-12-10,2019-12-31,,1542,317377,2
1358535,2019-12-10,2019-12-31,,1739,913168,2
1358536,2019-12-10,2019-12-31,,1770,822617,2
1358537,2019-12-10,2019-12-31,,1930,489692,2
1358538,2019-12-10,2019-12-31,2019-12-27,1963,208664,1
1358539,2019-12-10,2019-12-31,,2077,114978,2
1358540,2019-12-10,2019-12-31,,2170,555983,2
1358541,2019-12-10,2019-12-31,,2177,290676,2
1358542,2019-12-10,2019-12-31,,2228,89478,2
1358543,2019-12-10,2019-12-31,,2363,639073,2
1358544,2019-12-10,2019-12-31,2019-12-26,2377,517464,1
1358545,2019-12-10,2019-12-31,,2433,104200,2
1358546,2019-12-10,2019-12-31,2019-12-21,2471,26452,1
1358547,2019-12-10,2019-12-31,,2471,599584,2
1358548,2019-12-10,2019-12-31,,2545,376748,2
1358549,2019-12-10,2019-12-31,2019-12-26,2597,251097,1
1358550,2019-12-10,2019-12-31,,2665,94521,2
1358551,2019-12-10,2019-12-31,2019-12-25,2691,534196,1
1358552,2019-12-10,2019-12-31,,2854,557901,2
1358553,2019-12-10,2019-12-31,,2858,689228,2
1358554,2019-12-10,2019-12-31,,3046,676335,2
1358555,2019-12-10,2019-12-31,2019-12-21,3231,842793,1
1358556,2019-12-10,2019-12-31,2019-12-26,3398,319543,1
1358557,2019-12-10,2019-12-31,2019-12-24,3819,92876,1
1358558,2019-12-10,2019-12-31,,4188,906375,2
1358559,2019-12-10,2019-12-31,,4625,781638,2
1358560,2019-12-10,2019-12-31,2019-12-28,4646,659239,1
1358561,2019-12-10,2019-12-31,,4740,207948,2
1358562,2019-12-10,2019-12-31,,4873,6175,2
1358563,2019-12-10,2019-12-31,,5036,617641,2
1358564,2019-12-10,2019-12-31,,5146,79267,2
1358565,2019-12-10,2019-12-31,,5191,697044,2
1358566,2019-12-10,2019-12-31,,5396,225148,2
1358567,2019-12-10,2019-12-31,,5426,361259,2
1358568,2019-12-10,2019-12-31,2019-12-30,5633,451992,1
1358569,2019-12-10,2019-12-31,,5667,844986,2
1358570,2019-12-10,2019-12-31,,5749,114373,2
1358571,2019-12-10,2019-12-31,,5870,227996,2
1358572,2019-12-10,2019-12-31,,5893,468679,2
1358573,2019-12-10,2019-12-31,,5953,785973,2
1358574,2019-12-10,2019-12-31,,6021,73053,2
1358575,2019-12-10,2019-12-31,,6021,165881,2
1358576,2019-12-10,2019-12-31,,6153,926998,2
1358577,2019-12-10,2019-12-31,,6205,516067,2
1358578,2019-12-10,2019-12-31,2019-12-30,6211,352814,1
1358579,2019-12-10,2019-12-31,,6378,571173,2
1358580,2019-12-10,2019-12-31,,6511,680306,2
1358581,2019-12-10,2019-12-31,,6563,421040,2
1358582,2019-12-10,2019-12-31,,6563,471501,2
1358583,2019-12-10,2019-12-31,2019-12-29,6563,819849,1
1358584,2019-12-10,2019-12-31,,6619,92331,2
1358585,2019-12-10,2019-12-31,,6619,275788,2
1358586,2019-12-10,2019-12-31,2019-12-21,6619,519041,1
1358587,2019-12-10,2019-12-31,2019-12-25,6619,804009,1
1358588,2019-12-10,2019-12-31,2019-12-27,6619,926829,1
1358589,2019-12-10,2019-12-31,,6648,335951,2
1358590,2019-12-10,2019-12-31,,6691,505192,2
1358591,2019-12-10,2019-12-31,,6725,305186,2
1358592,2019-12-10,2019-12-31,,6740,886080,2
1358593,2019-12-10,2019-12-31,,6810,897366,2
1358594,2019-12-10,2019-12-31,,6838,482474,2
1358595,2019-12-10,2019-12-31,,7039,164338,2
1358596,2019-12-10,2019-12-31,2019-12-24,7094,577843,1
1358597,2019-12-10,2019-12-31,2019-12-28,7164,93088,1
1358598,2019-12-10,2019-12-31,,7290,342971,2
1358599,2019-12-10,2019-12-31,,7325,745406,2
1358600,2019-12-10,2019-12-31,,7325,802672,2
1358601,2019-12-10,2019-12-31,,7509,569564,2
1358602,2019-12-10,2019-12-31,,7542,555845,2
1358603,2019-12-10,2019-12-31,,7798,408408,2
1358604,2019-12-10,2019-12-31,,7815,103528,2
1358605,2019-12-10,2019-12-31,,7837,22953,2
1358606,2019-12-10,2019-12-31,2019-12-21,8330,435601,1
1358607,2019-12-10,2019-12-31,,8499,391259,2
1358608,2019-12-10,2019-12-31,,8499,606683,2
1358609,2019-12-10,2019-12-31,,8532,189519,2
1358610,2019-12-10,2019-12-31,,8621,850919,2
1358611,2019-12-10,2019-12-31,,8675,230760,2
1358612,2019-12-10,2019-12-31,2019-12-28,9094,426467,1
1358613,2019-12-10,2019-12-31,,9103,892275,2
1358614,2019-12-10,2019-12-31,,9103,942302,2
1358615,2019-12-10,2019-12-31,,9143,909222,2
1358616,2019-12-10,2019-12-31,,9149,249322,2
1358617,2019-12-10,2019-12-31,,9286,369793,2
1358618,2019-12-10,2019-12-31,,9294,736856,2
1358619,2019-12-10,2019-12-31,,9597,318020,2
1358620,2019-12-10,2019-12-31,2019-12-28,10139,519642,1
1358621,2019-12-10,2019-12-31,,10139,830006,2
1358622,2019-12-10,2019-12-31,,10248,499128,2
1358623,2019-12-10,2019-12-31,,10248,621682,2
1358624,2019-12-10,2019-12-31,,10530,705544,2
1358625,2019-12-10,2019-12-31,,10584,604128,2
1358626,2019-12-10,2019-12-31,,10745,383760,2
1358627,2019-12-10,2019-12-31,2019-12-21,11008,554082,1
1358628,2019-12-10,2019-12-31,,11018,14440,2
1358629,2019-12-10,2019-12-31,,11133,838697,2
1358630,2019-12-10,2019-12-31,2019-12-23,11134,689401,1
1358631,2019-12-10,2019-12-31,2019-12-27,11387,791689,1
1358632,2019-12-10,2019-12-31,,11502,806493,2
1358633,2019-12-10,2019-12-31,2019-12-27,11854,670039,1
1358634,2019-12-10,2019-12-31,,11854,744281,2
1358635,2019-12-10,2019-12-31,,11876,246522,2
1358636,2019-12-10,2019-12-31,,12064,144077,2
1358637,2019-12-10,2019-12-31,,12130,794965,2
1358638,2019-12-10,2019-12-31,,12138,132810,2
1358639,2019-12-10,2019-12-31,,12138,827894,2
1358640,2019-12-10,2019-12-31,,12173,652592,2
1358641,2019-12-10,2019-12-31,,12230,386786,2
1358642,2019-12-10,2019-12-31,,12418,937387,2
1358643,2019-12-10,2019-12-31,,12444,819518,2
1358644,2019-12-10,2019-12-31,,12711,227087,2
1358645,2019-12-10,2019-12-31,,12846,88536,2
1358646,2019-12-10,2019-12-31,2019-12-30,12846,230264,1
1358647,2019-12-10,2019-12-31,2019-12-25,12846,762612,1
1358648,2019-12-10,2019-12-31,,12846,882045,2
1358649,2019-12-10,2019-12-31,2019-12-31,12846,932631,1
1358650,2019-12-10,2019-12-31,,12900,272747,2
1358651,2019-12-10,2019-12-31,,12960,241839,2
1358652,2019-12-10,2019-12-31,2019-12-30,12969,413010,1
1358653,2019-12-10,2019-12-31,,13073,524544,2
1358654,2019-12-10,2019-12-31,,13176,255841,2
1358655,2019-12-10,2019-12-31,,13306,652077,2
1358656,2019-12-10,2019-12-31,,13340,59358,2
1358657,2019-12-10,2019-12-31,,13340,204019,2
1358658,2019-12-10,2019-12-31,,13547,616986,2
1358659,2019-12-10,2019-12-31,,13623,316552,2
1358660,2019-12-10,2019-12-31,,13626,802965,2
1358661,2019-12-10,2019-12-31,,13809,309532,2
1358662,2019-12-10,2019-12-31,,13851,315740,2
1358663,2019-12-10,2019-12-31,,13924,104354,2
1358664,2019-12-10,2019-12-31,,14319,683692,2
1358665,2019-12-10,2019-12-31,2019-12-24,14325,919757,1
1358666,2019-12-10,2019-12-31,,14352,390089,2
1358667,2019-12-10,2019-12-31,,14392,56014,2
1358668,2019-12-10,2019-12-31,,14428,454642,2
1358669,2019-12-10,2019-12-31,2019-12-27,14428,740283,1
1358670,2019-12-10,2019-12-31,,14428,809410,2
1358671,2019-12-10,2019-12-31,2019-12-28,14479,581418,1
1358672,2019-12-10,2019-12-31,,14557,164210,2
1358673,2019-12-10,2019-12-31,,14581,912379,2
1358674,2019-12-10,2019-12-31,,14620,276987,2
1358675,2019-12-10,2019-12-31,2019-12-24,14660,49497,1
1358676,2019-12-10,2019-12-31,,14864,586438,2
1358677,2019-12-10,2019-12-31,,14950,106604,2
1358678,2019-12-10,2019-12-31,,14950,250768,2
1358679,2019-12-10,2019-12-31,,15141,179827,2
1358680,2019-12-10,2019-12-31,,15178,543166,2
1358681,2019-12-10,2019-12-31,,15394,689723,2
1358682,2019-12-10,2019-12-31,,15636,705789,2
1358683,2019-12-10,2019-12-31,,16219,821780,2
1358684,2019-12-10,2019-12-31,2019-12-31,16348,506748,1
1358685,2019-12-10,2019-12-31,2019-12-29,16348,843598,1
1358686,2019-12-10,2019-12-31,2019-12-26,16370,627948,1
1358687,2019-12-10,2019-12-31,,16372,918523,2
1358688,2019-12-10,2019-12-31,2019-12-26,16405,99872,1
1358689,2019-12-10,2019-12-31,,16429,810779,2
1358690,2019-12-10,2019-12-31,,16533,228228,2
1358691,2019-12-10,2019-12-31,,16542,631462,2
1358692,2019-12-10,2019-12-31,,16643,355305,2
1358693,2019-12-10,2019-12-31,,16656,13003,2
1358694,2019-12-10,2019-12-31,,16744,935011,2
1358695,2019-12-10,2019-12-31,,16903,883395,2
1358696,2019-12-10,2019-12-31,,17152,497480,2
1358697,2019-12-10,2019-12-31,,17239,277013,2
1358698,2019-12-10,2019-12-31,,17269,504851,2
1358699,2019-12-10,2019-12-31,2019-12-24,17277,75860,1
1358700,2019-12-10,2019-12-31,2019-12-28,17277,277461,1
1358701,2019-12-10,2019-12-31,2019-12-21,17277,308199,1
1358702,2019-12-10,2019-12-31,2019-12-28,17277,736851,1
1358703,2019-12-10,2019-12-31,,17277,745858,2
1358704,2019-12-10,2019-12-31,,17281,117484,2
1358705,2019-12-10,2019-12-31,,17308,351474,2
1358706,2019-12-10,2019-12-31,,17308,427508,2
1358707,2019-12-10,2019-12-31,,17327,61176,2
1358708,2019-12-10,2019-12-31,,17491,278560,2
1358709,2019-12-10,2019-12-31,,17567,810600,2
1358710,2019-12-10,2019-12-31,,17621,530659,2
1358711,2019-12-10,2019-12-31,2019-12-25,17923,762229,1
1358712,2019-12-10,2019-12-31,,17964,345458,2
1358713,2019-12-10,2019-12-31,,18098,46573,2
1358714,2019-12-10,2019-12-31,,18137,604038,2
1358715,2019-12-10,2019-12-31,,18209,652198,2
1358716,2019-12-10,2019-12-31,2019-12-23,18221,64296,1
1358717,2019-12-10,2019-12-31,,18225,342860,2
1358718,2019-12-10,2019-12-31,,18281,728693,2
1358719,2019-12-10,2019-12-31,2019-12-29,18311,513181,1
1358720,2019-12-10,2019-12-31,,18513,834886,2
1358721,2019-12-10,2019-12-31,2019-12-20,18552,27000,1
1358722,2019-12-10,2019-12-31,2019-12-24,18817,349001,1
1358723,2019-12-10,2019-12-31,,18853,323555,2
1358724,2019-12-10,2019-12-31,,19217,387986,2
1358725,2019-12-10,2019-12-31,,19227,591157,2
1358726,2019-12-10,2019-12-31,,19420,364707,2
1358727,2019-12-10,2019-12-31,,19420,955777,2
1358728,2019-12-10,2019-12-31,,19576,954776,2
1358729,2019-12-10,2019-12-31,,19582,282956,2
1358730,2019-12-10,2019-12-31,2019-12-31,19582,421452,1
1358731,2019-12-10,2019-12-31,,19612,180396,2
1358732,2019-12-10,2019-12-31,,19859,497987,2
1358733,2019-12-10,2019-12-31,,20167,593983,2
1358734,2019-12-10,2019-12-31,,20284,390085,2
1358735,2019-12-10,2019-12-31,,20502,936268,2
1358736,2019-12-10,2019-12-31,,20736,128543,2
1358737,2019-12-10,2019-12-31,,20736,717783,2
1358738,2019-12-10,2019-12-31,,20985,205719,2
1358739,2019-12-10,2019-12-31,,21310,506837,2
1358740,2019-12-10,2019-12-31,2019-12-30,21364,201633,1
1358741,2019-12-10,2019-12-31,,21414,687887,2
1358742,2019-12-10,2019-12-31,,21435,147639,2
1358743,2019-12-10,2019-12-31,,21459,583197,2
1358744,2019-12-10,2019-12-31,,21496,406740,2
1358745,2019-12-10,2019-12-31,,21496,543525,2
1358746,2019-12-10,2019-12-31,,21500,348450,2
1358747,2019-12-10,2019-12-31,,21503,835508,2
1358748,2019-12-10,2019-12-31,,21618,769254,2
1358749,2019-12-10,2019-12-31,,21813,621571,2
1358750,2019-12-10,2019-12-31,,21969,309577,2
1358751,2019-12-10,2019-12-31,,22060,364398,2
1358752,2019-12-10,2019-12-31,,22160,955285,2
1358753,2019-12-10,2019-12-31,2019-12-27,22488,661118,1
1358754,2019-12-10,2019-12-31,,22593,660817,2
1358755,2019-12-10,2019-12-31,,22600,17756,2
1358756,2019-12-10,2019-12-31,2019-12-23,22629,148717,1
1358757,2019-12-10,2019-12-31,,22913,89874,2
1358758,2019-12-10,2019-12-31,,22974,8674,2
1358759,2019-12-10,2019-12-31,,23019,183146,2
1358760,2019-12-10,2019-12-31,,23174,633338,2
1358761,2019-12-10,2019-12-31,,23258,670835,2
1358762,2019-12-10,2019-12-31,,23585,229430,2
1358763,2019-12-10,2019-12-31,,23765,721149,2
1358764,2019-12-10,2019-12-31,,23903,516113,2
1358765,2019-12-10,2019-12-31,,23903,545668,2
1358766,2019-12-10,2019-12-31,,23903,883545,2
1358767,2019-12-10,2019-12-31,,23905,927533,2
1358768,2019-12-10,2019-12-31,,24226,715061,2
1358769,2019-12-10,2019-12-31,,24402,726400,2
1358770,2019-12-10,2019-12-31,,24517,533552,2
1358771,2019-12-10,2019-12-31,,24568,233997,2
1358772,2019-12-10,2019-12-31,,24697,434812,2
1358773,2019-12-10,2019-12-31,,24746,915102,2
1358774,2019-12-10,2019-12-31,2019-12-27,24747,190373,1
1358775,2019-12-10,2019-12-31,,24783,421548,2
1358776,2019-12-10,2019-12-31,,24825,229153,2
1358777,2019-12-10,2019-12-31,,24975,306522,2
1358778,2019-12-10,2019-12-31,2019-12-23,25044,104201,1
1358779,2019-12-10,2019-12-31,,25046,279271,2
1358780,2019-12-10,2019-12-31,,25046,410732,2
1358781,2019-12-10,2019-12-31,,25120,188004,2
1358782,2019-12-10,2019-12-31,,25174,607015,2
1358783,2019-12-10,2019-12-31,,25432,900411,2
1358784,2019-12-10,2019-12-31,,25448,311898,2
1358785,2019-12-10,2019-12-31,,25482,248961,2
1358786,2019-12-10,2019-12-31,,25491,181291,2
1358787,2019-12-10,2019-12-31,2019-12-22,25491,571402,1
1358788,2019-12-10,2019-12-31,,25491,922116,2
1358789,2019-12-10,2019-12-31,,25535,222858,2
1358790,2019-12-10,2019-12-31,,25663,705790,2
1358791,2019-12-10,2019-12-31,,25860,861446,2
1358792,2019-12-10,2019-12-31,,25959,85983,2
1358793,2019-12-10,2019-12-31,,25991,645028,2
1358794,2019-12-10,2019-12-31,2019-12-26,26177,226238,1
1358795,2019-12-10,2019-12-31,2019-12-29,26224,434640,1
1358796,2019-12-10,2019-12-31,,26466,841160,2
1358797,2019-12-10,2019-12-31,,26553,222924,2
1358798,2019-12-10,2019-12-31,2019-12-30,26602,479295,1
1358799,2019-12-10,2019-12-31,2019-12-21,26628,230195,1
1358800,2019-12-10,2019-12-31,,26721,863858,2
1358801,2019-12-10,2019-12-31,,26852,311772,2
1358802,2019-12-10,2019-12-31,,26977,52823,2
1358803,2019-12-10,2019-12-31,,27015,596615,2
1358804,2019-12-10,2019-12-31,,27020,217890,2
1358805,2019-12-10,2019-12-31,,27684,21548,2
1358806,2019-12-10,2019-12-31,,27684,142129,2
1358807,2019-12-10,2019-12-31,,27684,629873,2
1358808,2019-12-10,2019-12-31,,27898,358977,2
1358809,2019-12-10,2019-12-31,,27908,31475,2
1358810,2019-12-10,2019-12-31,,28029,694764,2
1358811,2019-12-10,2019-12-31,,28144,649136,2
1358812,2019-12-10,2019-12-31,2019-12-27,28237,280042,1
1358813,2019-12-10,2019-12-31,,28363,656733,2
1358814,2019-12-10,2019-12-31,,28508,696168,2
1358815,2019-12-10,2019-12-31,,28801,509195,2
1358816,2019-12-10,2019-12-31,,28847,213237,2
1358817,2019-12-10,2019-12-31,,28847,239760,2
1358818,2019-12-10,2019-12-31,,28847,511357,2
1358819,2019-12-10,2019-12-31,,28847,684670,2
1358820,2019-12-10,2019-12-31,,28930,19221,2
1358821,2019-12-10,2019-12-31,,28935,505190,2
1358822,2019-12-10,2019-12-31,,28968,366504,2
1358823,2019-12-10,2019-12-31,,28971,49398,2
1358824,2019-12-10,2019-12-31,,28971,151233,2
1358825,2019-12-10,2019-12-31,2019-12-26,29089,484280,1
1358826,2019-12-10,2019-12-31,2019-12-21,29383,221967,1
1358827,2019-12-10,2019-12-31,,29432,758627,2
1358828,2019-12-10,2019-12-31,,29498,133218,2
1358829,2019-12-10,2019-12-31,,29546,62569,2
1358830,2019-12-10,2019-12-31,,29555,510782,2
1358831,2019-12-10,2019-12-31,2019-12-24,29564,341895,1
1358832,2019-12-10,2019-12-31,,29958,412268,2
1358833,2019-12-10,2019-12-31,,30056,492512,2
1358834,2019-12-10,2019-12-31,,30090,311991,2
1358835,2019-12-10,2019-12-31,,30125,445239,2
1358836,2019-12-10,2019-12-31,,30147,572978,2
1358837,2019-12-10,2019-12-31,,30283,187471,2
1358838,2019-12-10,2019-12-31,,30455,790477,2
1358839,2019-12-10,2019-12-31,,30520,138975,2
1358840,2019-12-10,2019-12-31,,30554,868585,2
1358841,2019-12-10,2019-12-31,,30574,153335,2
1358842,2019-12-10,2019-12-31,,30659,298833,2
1358843,2019-12-10,2019-12-31,,30752,169416,2
1358844,2019-12-10,2019-12-31,,31005,796300,2
1358845,2019-12-10,2019-12-31,,31256,432459,2
1358846,2019-12-10,2019-12-31,,31330,192280,2
1358847,2019-12-10,2019-12-31,2019-12-29,31330,381355,1
1358848,2019-12-10,2019-12-31,,31365,420059,2
1358849,2019-12-10,2019-12-31,,31550,154989,2
1358850,2019-12-10,2019-12-31,,31596,169096,2
1358851,2019-12-10,2019-12-31,2019-12-23,31882,916558,1
1358852,2019-12-10,2019-12-31,,31915,698841,2
1358853,2019-12-10,2019-12-31,,31922,109931,2
1358854,2019-12-10,2019-12-31,2019-12-25,31929,493215,1
1358855,2019-12-10,2019-12-31,,31931,90113,2
1358856,2019-12-10,2019-12-31,,31931,103279,2
1358857,2019-12-10,2019-12-31,2019-12-30,31931,184140,1
1358858,2019-12-10,2019-12-31,,31933,624413,2
1358859,2019-12-10,2019-12-31,,32060,764484,2
1358860,2019-12-10,2019-12-31,,32166,164841,2
1358861,2019-12-10,2019-12-31,2019-12-28,32166,283282,1
1358862,2019-12-10,2019-12-31,,32166,670224,2
1358863,2019-12-10,2019-12-31,,32328,784774,2
1358864,2019-12-10,2019-12-31,,32394,703760,2
1358865,2019-12-10,2019-12-31,,32414,584840,2
1358866,2019-12-10,2019-12-31,,32459,468880,2
1358867,2019-12-10,2019-12-31,,32459,633086,2
1358868,2019-12-10,2019-12-31,,32828,7747,2
1358869,2019-12-10,2019-12-31,,32831,938508,2
1358870,2019-12-10,2019-12-31,,33045,693455,2
1358871,2019-12-10,2019-12-31,,33080,789070,2
1358872,2019-12-10,2019-12-31,,33089,656881,2
1358873,2019-12-10,2019-12-31,,33117,14839,2
1358874,2019-12-10,2019-12-31,,33177,657190,2
1358875,2019-12-10,2019-12-31,,33236,74920,2
1358876,2019-12-10,2019-12-31,,33293,452372,2
1358877,2019-12-10,2019-12-31,,33293,551216,2
1358878,2019-12-10,2019-12-31,,33329,210767,2
1358879,2019-12-10,2019-12-31,,33440,52697,2
1358880,2019-12-10,2019-12-31,,33676,310567,2
1358881,2019-12-10,2019-12-31,,33737,139219,2
1358882,2019-12-10,2019-12-31,,33810,757614,2
1358883,2019-12-10,2019-12-31,2019-12-24,33819,252935,1
1358884,2019-12-10,2019-12-31,,33868,332244,2
1358885,2019-12-10,2019-12-31,2019-12-25,33904,705943,1
1358886,2019-12-10,2019-12-31,,33939,763746,2
1358887,2019-12-10,2019-12-31,,33960,536479,2
1358888,2019-12-10,2019-12-31,,34074,574220,2
1358889,2019-12-10,2019-12-31,,34074,637373,2
1358890,2019-12-10,2019-12-31,,34074,852867,2
1358891,2019-12-10,2019-12-31,,34074,876688,2
1358892,2019-12-10,2019-12-31,2019-12-30,34082,621572,1
1358893,2019-12-10,2019-12-31,,34089,568673,2
1358894,2019-12-10,2019-12-31,2019-12-28,34133,281527,1
1358895,2019-12-10,2019-12-31,,34379,579260,2
1358896,2019-12-10,2019-12-31,,34537,353843,2
1358897,2019-12-10,2019-12-31,,34771,526784,2
1358898,2019-12-10,2019-12-31,2019-12-24,34817,189729,1
1358899,2019-12-10,2019-12-31,,34850,442926,2
1358900,2019-12-10,2019-12-31,2019-12-21,34850,461305,1
1358901,2019-12-10,2019-12-31,2019-12-29,34910,331025,1
1358902,2019-12-10,2019-12-31,,34910,416846,2
1358903,2019-12-10,2019-12-31,,34910,479149,2
1358904,2019-12-10,2019-12-31,,34910,760210,2
1358905,2019-12-10,2019-12-31,,34910,814394,2
1358906,2019-12-10,2019-12-31,2019-12-29,34910,852868,1
1358907,2019-12-10,2019-12-31,2019-12-25,34910,885343,1
1358908,2019-12-10,2019-12-31,2019-12-26,34910,900078,1
1358909,2019-12-10,2019-12-31,2019-12-20,34910,929828,1
1358910,2019-12-10,2019-12-31,,35110,422587,2
1358911,2019-12-10,2019-12-31,2019-12-22,35159,608131,1
1358912,2019-12-10,2019-12-31,,35178,162780,2
1358913,2019-12-10,2019-12-31,,35234,736752,2
1358914,2019-12-10,2019-12-31,,35271,96931,2
1358915,2019-12-10,2019-12-31,,35339,740809,2
1358916,2019-12-10,2019-12-31,2019-12-22,35781,501364,1
1358917,2019-12-10,2019-12-31,,35848,21417,2
1358918,2019-12-10,2019-12-31,,35923,61382,2
1358919,2019-12-10,2019-12-31,,35927,463156,2
1358920,2019-12-10,2019-12-31,,35932,499175,2
1358921,2019-12-10,2019-12-31,,35998,319120,2
1358922,2019-12-10,2019-12-31,,36072,844987,2
1358923,2019-12-10,2019-12-31,,36145,685647,2
1358924,2019-12-10,2019-12-31,2019-12-23,36164,707023,1
1358925,2019-12-10,2019-12-31,,36218,880012,2
1358926,2019-12-10,2019-12-31,2019-12-25,36290,49476,1
1358927,2019-12-10,2019-12-31,,36729,537742,2
1358928,2019-12-10,2019-12-31,,36845,204289,2
1358929,2019-12-10,2019-12-31,,36890,542983,2
1358930,2019-12-10,2019-12-31,2019-12-24,36898,286479,1
1358931,2019-12-10,2019-12-31,,37054,169784,2
1358932,2019-12-10,2019-12-31,,37146,376927,2
1358933,2019-12-10,2019-12-31,,37160,453845,2
1358934,2019-12-10,2019-12-31,,37205,341783,2
1358935,2019-12-10,2019-12-31,2019-12-24,37291,496356,1
1358936,2019-12-10,2019-12-31,,38108,153994,2
1358937,2019-12-10,2019-12-31,,38169,509496,2
1358938,2019-12-10,2019-12-31,,38437,657021,2
1358939,2019-12-10,2019-12-31,,38445,952985,2
1358940,2019-12-10,2019-12-31,,38454,171131,2
1358941,2019-12-10,2019-12-31,,38635,589818,2
1358942,2019-12-10,2019-12-31,,38667,174270,2
1358943,2019-12-10,2019-12-31,,38756,128983,2
1358944,2019-12-10,2019-12-31,,38756,277720,2
1358945,2019-12-10,2019-12-31,,38875,225673,2
1358946,2019-12-10,2019-12-31,,38875,374690,2
1358947,2019-12-10,2019-12-31,,38875,422138,2
1358948,2019-12-10,2019-12-31,,38880,25637,2
1358949,2019-12-10,2019-12-31,2019-12-28,38954,679505,1
1358950,2019-12-10,2019-12-31,,39039,662848,2
1358951,2019-12-10,2019-12-31,,39337,877876,2
1358952,2019-12-10,2019-12-31,,39495,484180,2
1358953,2019-12-10,2019-12-31,,39622,407119,2
1358954,2019-12-10,2019-12-31,2019-12-26,39639,876279,1
1358955,2019-12-10,2019-12-31,2019-12-28,39714,220168,1
1358956,2019-12-10,2019-12-31,,39786,50550,2
1358957,2019-12-10,2019-12-31,2019-12-22,39786,946011,1
1358958,2019-12-10,2019-12-31,,39788,282250,2
1358959,2019-12-10,2019-12-31,,39878,36922,2
1358960,2019-12-10,2019-12-31,,40175,657900,2
1358961,2019-12-10,2019-12-31,2019-12-31,40289,795333,1
1358962,2019-12-10,2019-12-31,,40407,535854,2
1358963,2019-12-10,2019-12-31,,40413,709075,2
1358964,2019-12-10,2019-12-31,,40796,32172,2
1358965,2019-12-10,2019-12-31,,40796,741585,2
1358966,2019-12-10,2019-12-31,,40908,239750,2
1358967,2019-12-10,2019-12-31,,40908,613891,2
1358968,2019-12-10,2019-12-31,2019-12-28,40991,271661,1
1358969,2019-12-10,2019-12-31,,41051,104061,2
1358970,2019-12-10,2019-12-31,,41192,543158,2
1358971,2019-12-10,2019-12-31,,41195,268293,2
1358972,2019-12-10,2019-12-31,,41425,34130,2
1358973,2019-12-10,2019-12-31,2019-12-22,41447,249984,1
1358974,2019-12-10,2019-12-31,,41737,820400,2
1358975,2019-12-10,2019-12-31,,41756,195671,2
1358976,2019-12-10,2019-12-31,,42017,699033,2
1358977,2019-12-10,2019-12-31,,42075,59218,2
1358978,2019-12-10,2019-12-31,,42075,64896,2
1358979,2019-12-10,2019-12-31,,42075,314863,2
1358980,2019-12-10,2019-12-31,,42112,742258,2
1358981,2019-12-10,2019-12-31,,42192,399902,2
1358982,2019-12-10,2019-12-31,,42192,440470,2
1358983,2019-12-10,2019-12-31,2019-12-29,42224,112608,1
1358984,2019-12-10,2019-12-31,,42228,919758,2
1358985,2019-12-10,2019-12-31,,42440,527004,2
1358986,2019-12-10,2019-12-31,,42450,460834,2
1358987,2019-12-10,2019-12-31,,42569,115570,2
1358988,2019-12-10,2019-12-31,,42607,320110,2
1358989,2019-12-10,2019-12-31,,42684,546816,2
1358990,2019-12-10,2019-12-31,,42747,738693,2
1358991,2019-12-10,2019-12-31,,42976,263672,2
1358992,2019-12-10,2019-12-31,,43344,545137,2
1358993,2019-12-10,2019-12-31,,43615,46084,2
1358994,2019-12-10,2019-12-31,2019-12-31,43615,141476,1
1358995,2019-12-10,2019-12-31,,43615,184124,2
1358996,2019-12-10,2019-12-31,,43615,279458,2
1358997,2019-12-10,2019-12-31,,43615,393779,2
1358998,2019-12-10,2019-12-31,2019-12-26,43615,608429,1
1358999,2019-12-10,2019-12-31,,43615,748207,2
1359000,2019-12-10,2019-12-31,2019-12-30,43615,937053,1
1359001,2019-12-10,2019-12-31,,43794,271450,2
1359002,2019-12-10,2019-12-31,,43855,53106,2
1359003,2019-12-10,2019-12-31,,43855,56643,2
1359004,2019-12-10,2019-12-31,,43917,902716,2
1359005,2019-12-10,2019-12-31,,43982,310388,2
1359006,2019-12-10,2019-12-31,,44078,303708,2
1359007,2019-12-10,2019-12-31,,44117,263342,2
1359008,2019-12-10,2019-12-31,,44297,628596,2
1359009,2019-12-10,2019-12-31,,44341,325688,2
1359010,2019-12-10,2019-12-31,,44750,169135,2
1359011,2019-12-10,2019-12-31,,44753,217358,2
1359012,2019-12-10,2019-12-31,,44894,390658,2
1359013,2019-12-10,2019-12-31,,44908,473977,2
1359014,2019-12-10,2019-12-31,,44944,669810,2
1359015,2019-12-10,2019-12-31,,45019,506660,2
1359016,2019-12-10,2019-12-31,,45093,106311,2
1359017,2019-12-10,2019-12-31,2019-12-29,45093,151325,1
1359018,2019-12-10,2019-12-31,2019-12-26,45093,218772,1
1359019,2019-12-10,2019-12-31,,45093,258260,2
1359020,2019-12-10,2019-12-31,,45093,282943,2
1359021,2019-12-10,2019-12-31,2019-12-26,45093,421433,1
1359022,2019-12-10,2019-12-31,,45093,540481,2
1359023,2019-12-10,2019-12-31,2019-12-30,45093,549679,1
1359024,2019-12-10,2019-12-31,,45093,627063,2
1359025,2019-12-10,2019-12-31,2019-12-29,45093,741831,1
1359026,2019-12-10,2019-12-31,2019-12-30,45559,572073,1
1359027,2019-12-10,2019-12-31,,45675,573984,2
1359028,2019-12-10,2019-12-31,2019-12-27,45687,805567,1
1359029,2019-12-10,2019-12-31,2019-12-31,45702,395254,1
1359030,2019-12-10,2019-12-31,,45714,196708,2
1359031,2019-12-10,2019-12-31,,45978,772805,2
1359032,2019-12-10,2019-12-31,2019-12-29,45978,867285,1
1359033,2019-12-10,2019-12-31,,46056,289758,2
1359034,2019-12-10,2019-12-31,,46062,273622,2
1359035,2019-12-10,2019-12-31,,46125,261747,2
1359036,2019-12-10,2019-12-31,,46332,573626,2
1359037,2019-12-10,2019-12-31,,46434,532601,2
1359038,2019-12-10,2019-12-31,,46465,490340,2
1359039,2019-12-10,2019-12-31,,46522,524859,2
1359040,2019-12-10,2019-12-31,,46539,513912,2
1359041,2019-12-10,2019-12-31,2019-12-29,46639,757054,1
1359042,2019-12-10,2019-12-31,,46742,689229,2
1359043,2019-12-10,2019-12-31,2019-12-25,46857,110872,1
1359044,2019-12-10,2019-12-31,,46939,232418,2
1359045,2019-12-10,2019-12-31,,46964,9378,2
1359046,2019-12-10,2019-12-31,,46964,384346,2
1359047,2019-12-10,2019-12-31,,47261,476081,2
1359048,2019-12-10,2019-12-31,,47277,806565,2
1359049,2019-12-10,2019-12-31,2019-12-27,47340,185053,1
1359050,2019-12-10,2019-12-31,,47367,389441,2
1359051,2019-12-10,2019-12-31,,47459,525316,2
1359052,2019-12-10,2019-12-31,2019-12-25,47537,145597,1
1359053,2019-12-10,2019-12-31,,47537,476039,2
1359054,2019-12-10,2019-12-31,,47579,357349,2
1359055,2019-12-10,2019-12-31,2019-12-27,47659,699003,1
1359056,2019-12-10,2019-12-31,2019-12-21,47747,608459,1
1359057,2019-12-10,2019-12-31,2019-12-20,47758,315255,1
1359058,2019-12-10,2019-12-31,,47758,536694,2
1359059,2019-12-10,2019-12-31,2019-12-21,47765,31581,1
1359060,2019-12-10,2019-12-31,,47765,424283,2
1359061,2019-12-10,2019-12-31,,47786,522506,2
1359062,2019-12-10,2019-12-31,,47867,208128,2
1359063,2019-12-10,2019-12-31,,48031,679574,2
1359064,2019-12-10,2019-12-31,2019-12-22,48125,420788,1
1359065,2019-12-10,2019-12-31,,48314,847303,2
1359066,2019-12-10,2019-12-31,,48621,743408,2
1359067,2019-12-10,2019-12-31,,48621,801714,2
1359068,2019-12-10,2019-12-31,,48641,350489,2
1359069,2019-12-10,2019-12-31,,48999,953978,2
1359070,2019-12-10,2019-12-31,,49088,131919,2
1359071,2019-12-10,2019-12-31,,49088,519153,2
1359072,2019-12-10,2019-12-31,,49193,104530,2
1359073,2019-12-10,2019-12-31,,49309,343868,2
1359074,2019-12-10,2019-12-31,2019-12-25,49309,842802,1
1359075,2019-12-10,2019-12-31,,49419,583251,2
1359076,2019-12-10,2019-12-31,,49446,451500,2
1359077,2019-12-10,2019-12-31,,49758,561094,2
1359078,2019-12-10,2019-12-31,,49781,92354,2
1359079,2019-12-10,2019-12-31,,49785,698367,2
1359080,2019-12-10,2019-12-31,,49920,64067,2
1359081,2019-12-10,2019-12-31,,49920,747936,2
1359082,2019-12-10,2019-12-31,,50049,351562,2
1359083,2019-12-10,2019-12-31,,50151,915018,2
1359084,2019-12-10,2019-12-31,,50309,236097,2
1359085,2019-12-10,2019-12-31,,50366,652123,2
1359086,2019-12-10,2019-12-31,2019-12-23,50392,762492,1
1359087,2019-12-10,2019-12-31,,50463,495915,2
1359088,2019-12-10,2019-12-31,,50630,838817,2
1359089,2019-12-10,2019-12-31,,50755,103969,2
1359090,2019-12-10,2019-12-31,,50755,860656,2
1359091,2019-12-10,2019-12-31,,50763,340966,2
1359092,2019-12-10,2019-12-31,,50966,871818,2
1359093,2019-12-10,2019-12-31,,50972,815257,2
1359094,2019-12-10,2019-12-31,2019-12-26,50993,371607,1
1359095,2019-12-10,2019-12-31,2019-12-25,51042,738625,1
1359096,2019-12-10,2019-12-31,,51631,385875,2
1359097,2019-12-10,2019-12-31,,51720,699004,2
1359098,2019-12-10,2019-12-31,,52036,94365,2
1359099,2019-12-10,2019-12-31,,52036,112067,2
1359100,2019-12-10,2019-12-31,2019-12-22,52036,127435,1
1359101,2019-12-10,2019-12-31,,52036,470915,2
1359102,2019-12-10,2019-12-31,,52057,740011,2
1359103,2019-12-10,2019-12-31,,52228,290704,2
1359104,2019-12-10,2019-12-31,,52261,201779,2
1359105,2019-12-10,2019-12-31,,52313,820039,2
1359106,2019-12-10,2019-12-31,,52360,63120,2
1359107,2019-12-10,2019-12-31,2019-12-22,52425,615258,1
1359108,2019-12-10,2019-12-31,2019-12-22,52425,851623,1
1359109,2019-12-10,2019-12-31,,52755,793351,2
1359110,2019-12-10,2019-12-31,,53231,683162,2
1359111,2019-12-10,2019-12-31,,53317,688640,2
1359112,2019-12-10,2019-12-31,,53342,14473,2
1359113,2019-12-10,2019-12-31,,53386,413301,2
1359114,2019-12-10,2019-12-31,,53467,196417,2
1359115,2019-12-10,2019-12-31,,53471,757044,2
1359116,2019-12-10,2019-12-31,,53491,472543,2
1359117,2019-12-10,2019-12-31,2019-12-23,53493,8305,1
1359118,2019-12-10,2019-12-31,,53516,666854,2
1359119,2019-12-10,2019-12-31,,53540,823785,2
1359120,2019-12-10,2019-12-31,,53633,786144,2
1359121,2019-12-10,2019-12-31,,53814,222086,2
1359122,2019-12-10,2019-12-31,2019-12-22,53849,640307,1
1359123,2019-12-10,2019-12-31,,53964,729248,2
1359124,2019-12-10,2019-12-31,,54022,19888,2
1359125,2019-12-10,2019-12-31,,54086,719460,2
1359126,2019-12-10,2019-12-31,,54153,129606,2
1359127,2019-12-10,2019-12-31,2019-12-29,54206,802246,1
1359128,2019-12-10,2019-12-31,,54229,319833,2
1359129,2019-12-10,2019-12-31,2019-12-28,54271,432787,1
1359130,2019-12-10,2019-12-31,,54271,465098,2
1359131,2019-12-10,2019-12-31,2019-12-24,54475,765824,1
1359132,2019-12-10,2019-12-31,2019-12-30,54540,506375,1
1359133,2019-12-10,2019-12-31,,55016,357431,2
1359134,2019-12-10,2019-12-31,,55016,661628,2
1359135,2019-12-10,2019-12-31,,55016,793097,2
1359136,2019-12-10,2019-12-31,,55090,610531,2
1359137,2019-12-10,2019-12-31,,55093,886291,2
1359138,2019-12-10,2019-12-31,,55139,87059,2
1359139,2019-12-10,2019-12-31,2019-12-24,55245,392646,1
1359140,2019-12-10,2019-12-31,,55246,840172,2
1359141,2019-12-10,2019-12-31,,55470,838,2
1359142,2019-12-10,2019-12-31,,55620,326607,2
1359143,2019-12-10,2019-12-31,,55730,465938,2
1359144,2019-12-10,2019-12-31,,56051,57742,2
1359145,2019-12-10,2019-12-31,,56276,236213,2
1359146,2019-12-10,2019-12-31,,56437,902991,2
1359147,2019-12-10,2019-12-31,2019-12-21,56919,442393,1
1359148,2019-12-10,2019-12-31,,56994,686960,2
1359149,2019-12-10,2019-12-31,,57037,441058,2
1359150,2019-12-10,2019-12-31,2019-12-30,57178,381564,1
1359151,2019-12-10,2019-12-31,,57178,819850,2
1359152,2019-12-10,2019-12-31,,57686,686171,2
1359153,2019-12-10,2019-12-31,,57786,162015,2
1359154,2019-12-10,2019-12-31,,58025,504852,2
1359155,2019-12-10,2019-12-31,,58337,425100,2
1359156,2019-12-10,2019-12-31,,58606,178149,2
1359157,2019-12-10,2019-12-31,,58632,248757,2
1359158,2019-12-10,2019-12-31,,58635,926389,2
1359159,2019-12-10,2019-12-31,,58699,100553,2
1359160,2019-12-10,2019-12-31,,58744,41480,2
1359161,2019-12-10,2019-12-31,,58778,241352,2
1359162,2019-12-10,2019-12-31,2019-12-20,58868,391380,1
1359163,2019-12-10,2019-12-31,,58904,516104,2
1359164,2019-12-10,2019-12-31,,58904,705747,2
1359165,2019-12-10,2019-12-31,,59294,511024,2
1359166,2019-12-10,2019-12-31,2019-12-30,59472,543291,1
1359167,2019-12-10,2019-12-31,,59560,16991,2
1359168,2019-12-10,2019-12-31,,59560,730754,2
1359169,2019-12-10,2019-12-31,2019-12-29,59720,535051,1
1359170,2019-12-10,2019-12-31,,59807,605125,2
1359171,2019-12-10,2019-12-31,,59928,549943,2
1359172,2019-12-10,2019-12-31,,59928,770266,2
1359173,2019-12-10,2019-12-31,,60033,638436,2
1359174,2019-12-10,2019-12-31,,60106,253519,2
1359175,2019-12-10,2019-12-31,,60106,274752,2
1359176,2019-12-10,2019-12-31,2019-12-24,60322,449625,1
1359177,2019-12-10,2019-12-31,,60402,508780,2
1359178,2019-12-10,2019-12-31,,60625,60676,2
1359179,2019-12-10,2019-12-31,,60673,144548,2
1359180,2019-12-10,2019-12-31,2019-12-25,60814,88590,1
1359181,2019-12-10,2019-12-31,,61338,500857,2
1359182,2019-12-10,2019-12-31,,61366,309564,2
1359183,2019-12-10,2019-12-31,,61491,949732,2
1359184,2019-12-10,2019-12-31,2019-12-23,61543,478661,1
1359185,2019-12-10,2019-12-31,,61554,664644,2
1359186,2019-12-10,2019-12-31,,61783,256481,2
1359187,2019-12-10,2019-12-31,2019-12-26,61864,717998,1
1359188,2019-12-10,2019-12-31,,61877,914795,2
1359189,2019-12-10,2019-12-31,,61886,523814,2
1359190,2019-12-10,2019-12-31,,62234,387437,2
1359191,2019-12-10,2019-12-31,,62272,763401,2
1359192,2019-12-10,2019-12-31,,62359,113472,2
1359193,2019-12-10,2019-12-31,,62405,334289,2
1359194,2019-12-10,2019-12-31,,62420,352632,2
1359195,2019-12-10,2019-12-31,,62420,792112,2
1359196,2019-12-10,2019-12-31,2019-12-30,62427,19056,1
1359197,2019-12-10,2019-12-31,,62452,845615,2
1359198,2019-12-10,2019-12-31,2019-12-31,62456,923977,1
1359199,2019-12-10,2019-12-31,,62506,839366,2
1359200,2019-12-10,2019-12-31,,62627,578267,2
1359201,2019-12-10,2019-12-31,,62646,422359,2
1359202,2019-12-10,2019-12-31,,62662,139421,2
1359203,2019-12-10,2019-12-31,2019-12-30,62719,321272,1
1359204,2019-12-10,2019-12-31,2019-12-21,62719,482977,1
1359205,2019-12-10,2019-12-31,2019-12-26,62719,763877,1
1359206,2019-12-10,2019-12-31,,62719,771498,2
1359207,2019-12-10,2019-12-31,,62719,893446,2
1359208,2019-12-10,2019-12-31,,62719,943432,2
1359209,2019-12-10,2019-12-31,,62719,944769,2
1359210,2019-12-10,2019-12-31,,62793,509840,2
1359211,2019-12-10,2019-12-31,,62933,616911,2
1359212,2019-12-10,2019-12-31,,62956,709076,2
1359213,2019-12-10,2019-12-31,2019-12-30,63379,170846,1
1359214,2019-12-10,2019-12-31,,63680,357759,2
1359215,2019-12-10,2019-12-31,2019-12-31,63782,627591,1
1359216,2019-12-10,2019-12-31,,63986,491884,2
1359217,2019-12-10,2019-12-31,,64082,341901,2
1359218,2019-12-10,2019-12-31,,64082,809428,2
1359219,2019-12-10,2019-12-31,,64193,705948,2
1359220,2019-12-10,2019-12-31,,64232,776322,2
1359221,2019-12-10,2019-12-31,,64286,266846,2
1359222,2019-12-10,2019-12-31,,64325,852795,2
1359223,2019-12-10,2019-12-31,,64418,336262,2
1359224,2019-12-10,2019-12-31,,64774,895764,2
1359225,2019-12-10,2019-12-31,,64791,612479,2
1359226,2019-12-10,2019-12-31,,64796,272484,2
1359227,2019-12-10,2019-12-31,,64796,458602,2
1359228,2019-12-10,2019-12-31,,64877,52099,2
1359229,2019-12-10,2019-12-31,2019-12-27,64877,413882,1
1359230,2019-12-10,2019-12-31,,64898,419255,2
1359231,2019-12-10,2019-12-31,,64932,574327,2
1359232,2019-12-10,2019-12-31,,65029,205496,2
1359233,2019-12-10,2019-12-31,,65066,116853,2
1359234,2019-12-10,2019-12-31,2019-12-26,65249,240160,1
1359235,2019-12-10,2019-12-31,2019-12-28,65580,557346,1
1359236,2019-12-10,2019-12-31,,65615,923231,2
1359237,2019-12-10,2019-12-31,2019-12-28,65689,130102,1
1359238,2019-12-10,2019-12-31,2019-12-29,65689,371171,1
1359239,2019-12-10,2019-12-31,,65689,931484,2
1359240,2019-12-10,2019-12-31,,65760,453911,2
1359241,2019-12-10,2019-12-31,,65760,587634,2
1359242,2019-12-10,2019-12-31,,65848,597317,2
1359243,2019-12-10,2019-12-31,,65873,316852,2
1359244,2019-12-10,2019-12-31,,66031,765241,2
1359245,2019-12-10,2019-12-31,,66097,74219,2
1359246,2019-12-10,2019-12-31,,66290,267170,2
1359247,2019-12-10,2019-12-31,2019-12-24,66318,657707,1
1359248,2019-12-10,2019-12-31,2019-12-27,66318,782835,1
1359249,2019-12-10,2019-12-31,,66385,849416,2
1359250,2019-12-10,2019-12-31,,66424,410049,2
1359251,2019-12-10,2019-12-31,,66608,828115,2
1359252,2019-12-10,2019-12-31,2019-12-30,66691,31768,1
1359253,2019-12-10,2019-12-31,,66691,142970,2
1359254,2019-12-10,2019-12-31,,66757,565862,2
1359255,2019-12-10,2019-12-31,,66888,615876,2
1359256,2019-12-10,2019-12-31,,66935,236889,2
1359257,2019-12-10,2019-12-31,,67038,769249,2
1359258,2019-12-10,2019-12-31,,67118,382714,2
1359259,2019-12-10,2019-12-31,2019-12-26,67203,644741,1
1359260,2019-12-10,2019-12-31,,67216,311312,2
1359261,2019-12-10,2019-12-31,,67327,840760,2
1359262,2019-12-10,2019-12-31,2019-12-30,67358,354194,1
1359263,2019-12-10,2019-12-31,2019-12-23,67472,449778,1
1359264,2019-12-10,2019-12-31,2019-12-25,67488,761852,1
1359265,2019-12-10,2019-12-31,,67554,898399,2
1359266,2019-12-10,2019-12-31,,67571,478396,2
1359267,2019-12-10,2019-12-31,,67571,674337,2
1359268,2019-12-10,2019-12-31,,67571,908075,2
1359269,2019-12-10,2019-12-31,,67612,698842,2
1359270,2019-12-10,2019-12-31,2019-12-27,67623,529207,1
1359271,2019-12-10,2019-12-31,,67919,694008,2
1359272,2019-12-10,2019-12-31,2019-12-28,68001,136441,1
1359273,2019-12-10,2019-12-31,2019-12-24,68109,890329,1
1359274,2019-12-10,2019-12-31,,68145,567302,2
1359275,2019-12-10,2019-12-31,,68257,668623,2
1359276,2019-12-10,2019-12-31,,68277,165882,2
1359277,2019-12-10,2019-12-31,,68277,359512,2
1359278,2019-12-10,2019-12-31,2019-12-23,68277,877330,1
1359279,2019-12-10,2019-12-31,2019-12-29,68509,828302,1
1359280,2019-12-10,2019-12-31,,68558,952816,2
1359281,2019-12-10,2019-12-31,2019-12-30,68624,355547,1
1359282,2019-12-10,2019-12-31,2019-12-23,68624,700951,1
1359283,2019-12-10,2019-12-31,2019-12-22,68756,60099,1
1359284,2019-12-10,2019-12-31,,68765,590379,2
1359285,2019-12-10,2019-12-31,,68924,306221,2
1359286,2019-12-10,2019-12-31,2019-12-29,69010,915807,1
1359287,2019-12-10,2019-12-31,,69040,209324,2
1359288,2019-12-10,2019-12-31,,69150,212687,2
1359289,2019-12-10,2019-12-31,,69150,320505,2
1359290,2019-12-10,2019-12-31,,69150,476303,2
1359291,2019-12-10,2019-12-31,,69150,512442,2
1359292,2019-12-10,2019-12-31,,69150,707211,2
1359293,2019-12-10,2019-12-31,,69154,477340,2
1359294,2019-12-10,2019-12-31,2019-12-30,69221,886343,1
1359295,2019-12-10,2019-12-31,,69239,670645,2
1359296,2019-12-10,2019-12-31,,69334,432027,2
1359297,2019-12-10,2019-12-31,,69334,603986,2
1359298,2019-12-10,2019-12-31,,69334,883803,2
1359299,2019-12-10,2019-12-31,2019-12-27,69334,887568,1
1359300,2019-12-10,2019-12-31,2019-12-23,69524,362199,1
1359301,2019-12-10,2019-12-31,2019-12-30,69530,331786,1
1359302,2019-12-10,2019-12-31,,69738,375275,2
1359303,2019-12-10,2019-12-31,,69950,422588,2
1359304,2019-12-10,2019-12-31,,70124,22733,2
1359305,2019-12-10,2019-12-31,,70212,648411,2
1359306,2019-12-10,2019-12-31,,70251,676358,2
1359307,2019-12-10,2019-12-31,,70694,885218,2
1359308,2019-12-10,2019-12-31,,70713,142764,2
1359309,2019-12-10,2019-12-31,2019-12-26,70713,231220,1
1359310,2019-12-10,2019-12-31,,70885,158409,2
1359311,2019-12-10,2019-12-31,2019-12-24,70885,234349,1
1359312,2019-12-10,2019-12-31,,70970,916984,2
1359313,2019-12-10,2019-12-31,,71322,107546,2
1359314,2019-12-10,2019-12-31,,71332,806494,2
1359315,2019-12-10,2019-12-31,,71473,395545,2
1359316,2019-12-10,2019-12-31,,71496,676768,2
1359317,2019-12-10,2019-12-31,,71577,404473,2
1359318,2019-12-10,2019-12-31,2019-12-30,71688,83138,1
1359319,2019-12-10,2019-12-31,,71928,356015,2
1359320,2019-12-10,2019-12-31,,71967,846695,2
1359321,2019-12-10,2019-12-31,,72126,580066,2
1359322,2019-12-10,2019-12-31,,72162,72241,2
1359323,2019-12-10,2019-12-31,,72162,111267,2
1359324,2019-12-10,2019-12-31,,72204,895018,2
1359325,2019-12-10,2019-12-31,2019-12-30,72205,518736,1
1359326,2019-12-10,2019-12-31,,72205,532442,2
1359327,2019-12-10,2019-12-31,,72208,551796,2
1359328,2019-12-10,2019-12-31,,72220,124205,2
1359329,2019-12-10,2019-12-31,,72220,776994,2
1359330,2019-12-10,2019-12-31,,72836,116151,2
1359331,2019-12-10,2019-12-31,,72856,102757,2
1359332,2019-12-10,2019-12-31,,73511,217042,2
1359333,2019-12-10,2019-12-31,,73550,441922,2
1359334,2019-12-10,2019-12-31,,73619,179984,2
1359335,2019-12-10,2019-12-31,,73619,499176,2
1359336,2019-12-10,2019-12-31,,73619,791184,2
1359337,2019-12-10,2019-12-31,,73687,289595,2
1359338,2019-12-10,2019-12-31,,73692,66673,2
1359339,2019-12-10,2019-12-31,,73720,418914,2
1359340,2019-12-10,2019-12-31,2019-12-31,73722,737595,1
1359341,2019-12-10,2019-12-31,,73724,918240,2
1359342,2019-12-10,2019-12-31,,73740,465031,2
1359343,2019-12-10,2019-12-31,,73780,602361,2
1359344,2019-12-10,2019-12-31,,73851,671950,2
1359345,2019-12-10,2019-12-31,,73959,421261,2
1359346,2019-12-10,2019-12-31,,73994,766566,2
1359347,2019-12-10,2019-12-31,,73997,460907,2
1359348,2019-12-10,2019-12-31,,74177,80194,2
1359349,2019-12-10,2019-12-31,,74232,928466,2
1359350,2019-12-10,2019-12-31,2019-12-25,74240,722166,1
1359351,2019-12-10,2019-12-31,,74662,121285,2
1359352,2019-12-10,2019-12-31,,74757,425192,2
1359353,2019-12-10,2019-12-31,2019-12-25,74823,141868,1
1359354,2019-12-10,2019-12-31,,74954,206607,2
1359355,2019-12-10,2019-12-31,,75010,864616,2
1359356,2019-12-10,2019-12-31,,75123,623790,2
1359357,2019-12-10,2019-12-31,2019-12-28,75182,360551,1
1359358,2019-12-10,2019-12-31,,75316,257130,2
1359359,2019-12-10,2019-12-31,,75410,67505,2
1359360,2019-12-10,2019-12-31,,75557,894343,2
1359361,2019-12-10,2019-12-31,,75567,717964,2
1359362,2019-12-10,2019-12-31,,75584,631500,2
1359363,2019-12-10,2019-12-31,,75931,714025,2
1359364,2019-12-10,2019-12-31,,76219,149011,2
1359365,2019-12-10,2019-12-31,,76226,817294,2
1359366,2019-12-10,2019-12-31,2019-12-30,76277,699397,1
1359367,2019-12-10,2019-12-31,,76529,471774,2
1359368,2019-12-10,2019-12-31,,76671,646992,2
1359369,2019-12-10,2019-12-31,,76671,845936,2
1359370,2019-12-10,2019-12-31,2019-12-28,76776,421196,1
1359371,2019-12-10,2019-12-31,,76787,924211,2
1359372,2019-12-10,2019-12-31,,76795,329562,2
1359373,2019-12-10,2019-12-31,,76808,487547,2
1359374,2019-12-10,2019-12-31,2019-12-25,76907,859435,1
1359375,2019-12-10,2019-12-31,,77063,379355,2
1359376,2019-12-10,2019-12-31,2019-12-28,77083,527668,1
1359377,2019-12-10,2019-12-31,,77143,772817,2
1359378,2019-12-10,2019-12-31,,77185,62563,2
1359379,2019-12-10,2019-12-31,,77397,95431,2
1359380,2019-12-10,2019-12-31,2019-12-24,77435,823443,1
1359381,2019-12-10,2019-12-31,,77455,591438,2
1359382,2019-12-10,2019-12-31,2019-12-29,77523,938596,1
1359383,2019-12-10,2019-12-31,,77653,588030,2
1359384,2019-12-10,2019-12-31,,77653,840303,2
1359385,2019-12-10,2019-12-31,2019-12-23,77653,863159,1
1359386,2019-12-10,2019-12-31,,77715,104202,2
1359387,2019-12-10,2019-12-31,,77725,194369,2
1359388,2019-12-10,2019-12-31,,77831,705630,2
1359389,2019-12-10,2019-12-31,,77832,844988,2
1359390,2019-12-10,2019-12-31,,77969,71964,2
1359391,2019-12-10,2019-12-31,,78182,220882,2
1359392,2019-12-10,2019-12-31,,78182,530227,2
1359393,2019-12-10,2019-12-31,,78182,823365,2
1359394,2019-12-10,2019-12-31,,78211,348484,2
1359395,2019-12-10,2019-12-31,,78211,443671,2
1359396,2019-12-10,2019-12-31,,78239,411601,2
1359397,2019-12-10,2019-12-31,,78422,32583,2
1359398,2019-12-10,2019-12-31,,78422,520176,2
1359399,2019-12-10,2019-12-31,,78422,542472,2
1359400,2019-12-10,2019-12-31,,78422,916541,2
1359401,2019-12-10,2019-12-31,,78424,876774,2
1359402,2019-12-10,2019-12-31,,78585,505953,2
1359403,2019-12-10,2019-12-31,,78620,693276,2
1359404,2019-12-10,2019-12-31,,78620,765883,2
1359405,2019-12-10,2019-12-31,,78662,443254,2
1359406,2019-12-10,2019-12-31,,78724,421422,2
1359407,2019-12-10,2019-12-31,2019-12-25,78767,924656,1
1359408,2019-12-10,2019-12-31,2019-12-24,78808,842001,1
1359409,2019-12-10,2019-12-31,,78861,664036,2
1359410,2019-12-10,2019-12-31,2019-12-27,78977,101017,1
1359411,2019-12-10,2019-12-31,,78986,269401,2
1359412,2019-12-10,2019-12-31,,79117,905154,2
1359413,2019-12-10,2019-12-31,,79123,580405,2
1359414,2019-12-10,2019-12-31,2019-12-22,79147,63136,1
1359415,2019-12-10,2019-12-31,2019-12-21,79147,100361,1
1359416,2019-12-10,2019-12-31,,79147,427660,2
1359417,2019-12-10,2019-12-31,2019-12-29,79147,885309,1
1359418,2019-12-10,2019-12-31,,79200,501765,2
1359419,2019-12-10,2019-12-31,2019-12-28,79230,194897,1
1359420,2019-12-10,2019-12-31,,79284,870198,2
1359421,2019-12-10,2019-12-31,,79307,463033,2
1359422,2019-12-10,2019-12-31,2019-12-25,79409,946579,1
1359423,2019-12-10,2019-12-31,,79418,412321,2
1359424,2019-12-10,2019-12-31,,79443,387253,2
1359425,2019-12-10,2019-12-31,2019-12-29,79537,837259,1
1359426,2019-12-10,2019-12-31,,79571,453287,2
1359427,2019-12-10,2019-12-31,,79643,175988,2
1359428,2019-12-10,2019-12-31,,79801,320700,2
1359429,2019-12-10,2019-12-31,2019-12-26,80070,770791,1
1359430,2019-12-10,2019-12-31,,80151,433159,2
1359431,2019-12-10,2019-12-31,,80512,418935,2
1359432,2019-12-10,2019-12-31,,80628,121395,2
1359433,2019-12-10,2019-12-31,,80890,93594,2
1359434,2019-12-10,2019-12-31,,80984,358298,2
1359435,2019-12-10,2019-12-31,2019-12-29,81244,58142,1
1359436,2019-12-10,2019-12-31,,81374,5992,2
1359437,2019-12-10,2019-12-31,,81420,811758,2
1359438,2019-12-10,2019-12-31,,81430,768991,2
1359439,2019-12-10,2019-12-31,2019-12-30,81430,866028,1
1359440,2019-12-10,2019-12-31,,81433,101434,2
1359441,2019-12-10,2019-12-31,2019-12-21,81559,791030,1
1359442,2019-12-10,2019-12-31,,81568,8134,2
1359443,2019-12-10,2019-12-31,,81710,442999,2
1359444,2019-12-10,2019-12-31,,81875,151347,2
1359445,2019-12-10,2019-12-31,,82090,901214,2
1359446,2019-12-10,2019-12-31,,82171,598640,2
1359447,2019-12-10,2019-12-31,,82308,399019,2
1359448,2019-12-10,2019-12-31,2019-12-29,82345,330004,1
1359449,2019-12-10,2019-12-31,,82452,464259,2
1359450,2019-12-10,2019-12-31,2019-12-26,82506,167954,1
1359451,2019-12-10,2019-12-31,,82538,588958,2
1359452,2019-12-10,2019-12-31,2019-12-27,82662,262991,1
1359453,2019-12-10,2019-12-31,,82724,919215,2
1359454,2019-12-10,2019-12-31,,82749,156518,2
1359455,2019-12-10,2019-12-31,,82749,806287,2
1359456,2019-12-10,2019-12-31,2019-12-27,82819,561723,1
1359457,2019-12-10,2019-12-31,,82822,673230,2
1359458,2019-12-10,2019-12-31,,82852,118950,2
1359459,2019-12-10,2019-12-31,,82913,944889,2
1359460,2019-12-10,2019-12-31,,82919,443672,2
1359461,2019-12-10,2019-12-31,,82999,225147,2
1359462,2019-12-10,2019-12-31,,83010,66362,2
1359463,2019-12-10,2019-12-31,,83083,954561,2
1359464,2019-12-10,2019-12-31,2019-12-23,83151,900259,1
1359465,2019-12-10,2019-12-31,,83225,246569,2
1359466,2019-12-10,2019-12-31,2019-12-29,83225,363033,1
1359467,2019-12-10,2019-12-31,,83225,705082,2
1359468,2019-12-10,2019-12-31,,83225,862348,2
1359469,2019-12-10,2019-12-31,,83225,916509,2
1359470,2019-12-10,2019-12-31,,83225,923589,2
1359471,2019-12-10,2019-12-31,,83324,550888,2
1359472,2019-12-10,2019-12-31,,83324,806286,2
1359473,2019-12-10,2019-12-31,2019-12-25,83346,829644,1
1359474,2019-12-10,2019-12-31,,83397,415947,2
1359475,2019-12-10,2019-12-31,,83442,147209,2
1359476,2019-12-10,2019-12-31,,83451,445934,2
1359477,2019-12-10,2019-12-31,2019-12-28,83451,772287,1
1359478,2019-12-10,2019-12-31,,83503,540959,2
1359479,2019-12-10,2019-12-31,,83506,833787,2
1359480,2019-12-10,2019-12-31,,83627,298546,2
1359481,2019-12-10,2019-12-31,,83632,167763,2
1359482,2019-12-10,2019-12-31,,83632,759824,2
1359483,2019-12-10,2019-12-31,,83644,593957,2
1359484,2019-12-10,2019-12-31,,83685,308640,2
1359485,2019-12-10,2019-12-31,,83871,207660,2
1359486,2019-12-10,2019-12-31,2019-12-26,83903,451041,1
1359487,2019-12-10,2019-12-31,,83920,598457,2
1359488,2019-12-10,2019-12-31,2019-12-31,83983,385130,1
1359489,2019-12-10,2019-12-31,,84001,151604,2
1359490,2019-12-10,2019-12-31,,84214,890535,2
1359491,2019-12-10,2019-12-31,,84220,743277,2
1359492,2019-12-10,2019-12-31,,84247,506333,2
1359493,2019-12-10,2019-12-31,2019-12-31,84308,950025,1
1359494,2019-12-10,2019-12-31,,84901,427106,2
1359495,2019-12-10,2019-12-31,,84914,8956,2
1359496,2019-12-10,2019-12-31,2019-12-25,84914,17829,1
1359497,2019-12-10,2019-12-31,,84914,135374,2
1359498,2019-12-10,2019-12-31,,84914,150763,2
1359499,2019-12-10,2019-12-31,,84914,288085,2
1359500,2019-12-10,2019-12-31,,84914,536831,2
1359501,2019-12-10,2019-12-31,,84914,654780,2
1359502,2019-12-10,2019-12-31,,84914,782841,2
1359503,2019-12-10,2019-12-31,,84914,867957,2
1359504,2019-12-10,2019-12-31,,84914,872073,2
1359505,2019-12-10,2019-12-31,,84944,418096,2
1359506,2019-12-10,2019-12-31,,84977,342995,2
1359507,2019-12-10,2019-12-31,2019-12-26,84997,815296,1
1359508,2019-12-10,2019-12-31,,85234,743893,2
1359509,2019-12-10,2019-12-31,,85283,339887,2
1359510,2019-12-10,2019-12-31,2019-12-29,85283,661773,1
1359511,2019-12-10,2019-12-31,2019-12-29,85283,790992,1
1359512,2019-12-10,2019-12-31,,85285,636841,2
1359513,2019-12-10,2019-12-31,,85314,472701,2
1359514,2019-12-10,2019-12-31,2019-12-27,85329,830053,1
1359515,2019-12-10,2019-12-31,2019-12-30,85539,170365,1
1359516,2019-12-10,2019-12-31,2019-12-30,85539,206857,1
1359517,2019-12-10,2019-12-31,,85539,219512,2
1359518,2019-12-10,2019-12-31,,85539,243153,2
1359519,2019-12-10,2019-12-31,,85539,271879,2
1359520,2019-12-10,2019-12-31,,85539,677272,2
1359521,2019-12-10,2019-12-31,,85911,844989,2
1359522,2019-12-10,2019-12-31,2019-12-27,85958,33485,1
1359523,2019-12-10,2019-12-31,,85958,882142,2
1359524,2019-12-10,2019-12-31,2019-12-27,86510,241236,1
1359525,2019-12-10,2019-12-31,,86510,515577,2
1359526,2019-12-10,2019-12-31,,86964,101351,2
1359527,2019-12-10,2019-12-31,,87143,24192,2
1359528,2019-12-10,2019-12-31,,87145,408057,2
1359529,2019-12-10,2019-12-31,,87382,370455,2
1359530,2019-12-10,2019-12-31,2019-12-31,87404,500102,1
1359531,2019-12-10,2019-12-31,,87428,162518,2
1359532,2019-12-10,2019-12-31,,87469,711700,2
1359533,2019-12-10,2019-12-31,,87615,735089,2
1359534,2019-12-10,2019-12-31,,87642,834073,2
1359535,2019-12-10,2019-12-31,,87665,487273,2
1359536,2019-12-10,2019-12-31,,87687,588119,2
1359537,2019-12-10,2019-12-31,,87697,13247,2
1359538,2019-12-10,2019-12-31,2019-12-21,87767,435100,1
1359539,2019-12-10,2019-12-31,,87831,558013,2
1359540,2019-12-10,2019-12-31,,88203,307842,2
1359541,2019-12-10,2019-12-31,2019-12-31,88512,14441,1
1359542,2019-12-10,2019-12-31,,88523,819603,2
1359543,2019-12-10,2019-12-31,,88551,789541,2
1359544,2019-12-10,2019-12-31,2019-12-29,88831,17757,1
1359545,2019-12-10,2019-12-31,,89031,454589,2
1359546,2019-12-10,2019-12-31,,89125,194151,2
1359547,2019-12-10,2019-12-31,,89163,408963,2
1359548,2019-12-10,2019-12-31,,89265,552582,2
1359549,2019-12-10,2019-12-31,,89405,845601,2
1359550,2019-12-10,2019-12-31,,89791,490387,2
1359551,2019-12-10,2019-12-31,,89865,234489,2
1359552,2019-12-10,2019-12-31,,90028,249463,2
1359553,2019-12-10,2019-12-31,,90028,771477,2
1359554,2019-12-10,2019-12-31,,90028,801687,2
1359555,2019-12-10,2019-12-31,,90041,366475,2
1359556,2019-12-10,2019-12-31,2019-12-28,90069,672904,1
1359557,2019-12-10,2019-12-31,,90141,584022,2
1359558,2019-12-10,2019-12-31,,90141,628512,2
1359559,2019-12-10,2019-12-31,,90355,612517,2
1359560,2019-12-10,2019-12-31,,90382,72264,2
1359561,2019-12-10,2019-12-31,2019-12-22,90399,112185,1
1359562,2019-12-10,2019-12-31,2019-12-29,90417,354562,1
1359563,2019-12-10,2019-12-31,2019-12-29,90557,342996,1
1359564,2019-12-10,2019-12-31,,90608,65068,2
1359565,2019-12-10,2019-12-31,,90734,621792,2
1359566,2019-12-10,2019-12-31,,91052,352633,2
1359567,2019-12-10,2019-12-31,,91163,11002,2
1359568,2019-12-10,2019-12-31,,91163,792378,2
1359569,2019-12-10,2019-12-31,,91163,895958,2
1359570,2019-12-10,2019-12-31,,91441,674035,2
1359571,2019-12-10,2019-12-31,,91656,45063,2
1359572,2019-12-10,2019-12-31,,91656,49477,2
1359573,2019-12-10,2019-12-31,,91689,751458,2
1359574,2019-12-10,2019-12-31,,91774,20813,2
1359575,2019-12-10,2019-12-31,,91887,565323,2
1359576,2019-12-10,2019-12-31,,92151,496248,2
1359577,2019-12-10,2019-12-31,2019-12-22,92353,176155,1
1359578,2019-12-10,2019-12-31,2019-12-25,92654,954806,1
1359579,2019-12-10,2019-12-31,,92843,682980,2
1359580,2019-12-10,2019-12-31,,92869,812017,2
1359581,2019-12-10,2019-12-31,,92869,938463,2
1359582,2019-12-10,2019-12-31,,93319,176779,2
1359583,2019-12-10,2019-12-31,,93741,889303,2
1359584,2019-12-10,2019-12-31,,93851,692802,2
1359585,2019-12-10,2019-12-31,,93867,151032,2
1359586,2019-12-10,2019-12-31,,94454,804563,2
1359587,2019-12-10,2019-12-31,,94657,152287,2
1359588,2019-12-10,2019-12-31,,94799,311909,2
1359589,2019-12-10,2019-12-31,,94799,430184,2
1359590,2019-12-10,2019-12-31,,94799,510021,2
1359591,2019-12-10,2019-12-31,,94799,938578,2
1359592,2019-12-10,2019-12-31,,94879,771931,2
1359593,2019-12-10,2019-12-31,2019-12-28,94924,49478,1
1359594,2019-12-10,2019-12-31,2019-12-30,94924,545947,1
1359595,2019-12-10,2019-12-31,,94960,222859,2
1359596,2019-12-10,2019-12-31,,95005,128243,2
1359597,2019-12-10,2019-12-31,,95242,879351,2
1359598,2019-12-10,2019-12-31,,95248,683077,2
1359599,2019-12-10,2019-12-31,,95364,771426,2
1359600,2019-12-10,2019-12-31,,95398,379356,2
1359601,2019-12-10,2019-12-31,,95412,690119,2
1359602,2019-12-10,2019-12-31,2019-12-25,95707,153551,1
1359603,2019-12-10,2019-12-31,,95799,90513,2
1359604,2019-12-10,2019-12-31,,95799,479296,2
1359605,2019-12-10,2019-12-31,,95868,935649,2
1359606,2019-12-10,2019-12-31,,95873,687947,2
1359607,2019-12-10,2019-12-31,,95883,455031,2
1359608,2019-12-10,2019-12-31,,96085,376101,2
1359609,2019-12-10,2019-12-31,2019-12-29,96438,583198,1
1359610,2019-12-10,2019-12-31,,96676,465520,2
1359611,2019-12-10,2019-12-31,,96901,92465,2
1359612,2019-12-10,2019-12-31,,97095,756789,2
1359613,2019-12-10,2019-12-31,,97107,171750,2
1359614,2019-12-10,2019-12-31,,97131,443755,2
1359615,2019-12-10,2019-12-31,,97199,927493,2
1359616,2019-12-10,2019-12-31,,97223,211614,2
1359617,2019-12-10,2019-12-31,,97247,453846,2
1359618,2019-12-10,2019-12-31,2019-12-25,97274,494823,1
1359619,2019-12-10,2019-12-31,,97349,741418,2
1359620,2019-12-10,2019-12-31,2019-12-22,97469,388903,1
1359621,2019-12-10,2019-12-31,,97594,406170,2
1359622,2019-12-10,2019-12-31,,97950,112698,2
1359623,2019-12-10,2019-12-31,,97978,592600,2
1359624,2019-12-10,2019-12-31,,98039,737857,2
1359625,2019-12-10,2019-12-31,2019-12-28,98080,208441,1
1359626,2019-12-10,2019-12-31,,98229,285465,2
1359627,2019-12-10,2019-12-31,2019-12-30,98368,731929,1
1359628,2019-12-10,2019-12-31,,98519,170818,2
1359629,2019-12-10,2019-12-31,,98559,612089,2
1359630,2019-12-10,2019-12-31,,98769,31681,2
1359631,2019-12-10,2019-12-31,,98803,651359,2
1359632,2019-12-10,2019-12-31,,99016,9797,2
1359633,2019-12-10,2019-12-31,,99025,452729,2
1359634,2019-12-10,2019-12-31,,99171,88537,2
1359635,2019-12-10,2019-12-31,,99259,681588,2
1359636,2019-12-10,2019-12-31,,99355,56048,2
1359637,2019-12-10,2019-12-31,,99565,614023,2
1359638,2019-12-10,2019-12-31,2019-12-28,99572,249464,1
1359639,2019-12-10,2019-12-31,,99619,123658,2
1359640,2019-12-10,2019-12-31,,99630,168899,2
1359641,2019-12-10,2019-12-31,2019-12-30,99894,212894,1
1359642,2019-12-10,2019-12-31,,100058,532635,2
1359643,2019-12-10,2019-12-31,2019-12-21,100287,379043,1
1359644,2019-12-10,2019-12-31,,100302,537773,2
1359645,2019-12-10,2019-12-31,,100354,188176,2
1359646,2019-12-10,2019-12-31,,100354,206508,2
1359647,2019-12-10,2019-12-31,2019-12-29,100481,627268,1
1359648,2019-12-10,2019-12-31,,100497,806037,2
1359649,2019-12-10,2019-12-31,,100530,352935,2
1359650,2019-12-10,2019-12-31,,100530,477546,2
1359651,2019-12-10,2019-12-31,,100616,219672,2
1359652,2019-12-10,2019-12-31,,100616,377692,2
1359653,2019-12-10,2019-12-31,,100616,504041,2
1359654,2019-12-10,2019-12-31,2019-12-31,100616,606091,1
1359655,2019-12-10,2019-12-31,,100616,927472,2
1359656,2019-12-10,2019-12-31,,100671,107706,2
1359657,2019-12-10,2019-12-31,2019-12-24,100789,578877,1
1359658,2019-12-10,2019-12-31,,100861,321731,2
1359659,2019-12-10,2019-12-31,,100861,832381,2
1359660,2019-12-10,2019-12-31,,100963,2029,2
1359661,2019-12-10,2019-12-31,,101005,492400,2
1359662,2019-12-10,2019-12-31,,101028,633304,2
1359663,2019-12-10,2019-12-31,,101095,56058,2
1359664,2019-12-10,2019-12-31,,101255,309723,2
1359665,2019-12-10,2019-12-31,,101412,509926,2
1359666,2019-12-10,2019-12-31,,101441,285968,2
1359667,2019-12-10,2019-12-31,2019-12-28,101553,87579,1
1359668,2019-12-10,2019-12-31,2019-12-30,101654,128303,1
1359669,2019-12-10,2019-12-31,,101669,319540,2
1359670,2019-12-10,2019-12-31,,101681,443628,2
1359671,2019-12-10,2019-12-31,2019-12-30,101871,586439,1
1359672,2019-12-10,2019-12-31,,101898,308107,2
1359673,2019-12-10,2019-12-31,,102004,123641,2
1359674,2019-12-10,2019-12-31,2019-12-21,102139,637802,1
1359675,2019-12-10,2019-12-31,,102434,927890,2
1359676,2019-12-10,2019-12-31,,102532,245796,2
1359677,2019-12-10,2019-12-31,,102666,520103,2
1359678,2019-12-10,2019-12-31,,102858,559893,2
1359679,2019-12-10,2019-12-31,,102869,547943,2
1359680,2019-12-10,2019-12-31,,102923,384766,2
1359681,2019-12-10,2019-12-31,,102985,576676,2
1359682,2019-12-10,2019-12-31,2019-12-31,102985,929428,1
1359683,2019-12-10,2019-12-31,,103044,845027,2
1359684,2019-12-10,2019-12-31,,103121,677083,2
1359685,2019-12-10,2019-12-31,,103172,261971,2
1359686,2019-12-10,2019-12-31,,103235,286808,2
1359687,2019-12-10,2019-12-31,,103265,653007,2
1359688,2019-12-10,2019-12-31,,103303,621683,2
1359689,2019-12-10,2019-12-31,,103401,471906,2
1359690,2019-12-10,2019-12-31,,103459,350760,2
1359691,2019-12-10,2019-12-31,2019-12-26,103651,837723,1
1359692,2019-12-10,2019-12-31,,103866,696297,2
1359693,2019-12-10,2019-12-31,2019-12-25,104013,68460,1
1359694,2019-12-10,2019-12-31,,104013,437402,2
1359695,2019-12-10,2019-12-31,,104202,698939,2
1359696,2019-12-10,2019-12-31,2019-12-28,104261,895512,1
1359697,2019-12-10,2019-12-31,,104511,362200,2
1359698,2019-12-10,2019-12-31,,104511,822365,2
1359699,2019-12-10,2019-12-31,,104701,645602,2
1359700,2019-12-10,2019-12-31,,104818,825492,2
1359701,2019-12-10,2019-12-31,,104864,415362,2
1359702,2019-12-10,2019-12-31,,104869,54483,2
1359703,2019-12-10,2019-12-31,,104869,224523,2
1359704,2019-12-10,2019-12-31,2019-12-28,104869,476012,1
1359705,2019-12-10,2019-12-31,,105162,763607,2
1359706,2019-12-10,2019-12-31,2019-12-28,105221,813023,1
1359707,2019-12-10,2019-12-31,,105394,104439,2
1359708,2019-12-10,2019-12-31,,105561,922187,2
1359709,2019-12-10,2019-12-31,2019-12-24,105689,151730,1
1359710,2019-12-10,2019-12-31,,105857,900272,2
1359711,2019-12-10,2019-12-31,,105961,282138,2
1359712,2019-12-10,2019-12-31,,106088,669590,2
1359713,2019-12-10,2019-12-31,,106184,808780,2
1359714,2019-12-10,2019-12-31,,106198,176938,2
1359715,2019-12-10,2019-12-31,,106224,124131,2
1359716,2019-12-10,2019-12-31,2019-12-25,106242,257173,1
1359717,2019-12-10,2019-12-31,,106300,512301,2
1359718,2019-12-10,2019-12-31,,106336,461596,2
1359719,2019-12-10,2019-12-31,,106346,704091,2
1359720,2019-12-10,2019-12-31,2019-12-22,106356,488087,1
1359721,2019-12-10,2019-12-31,,106364,868860,2
1359722,2019-12-10,2019-12-31,,106441,248815,2
1359723,2019-12-10,2019-12-31,,106553,638688,2
1359724,2019-12-10,2019-12-31,,106794,619256,2
1359725,2019-12-10,2019-12-31,,106993,698843,2
1359726,2019-12-10,2019-12-31,,107148,60240,2
1359727,2019-12-10,2019-12-31,2019-12-23,107148,131168,1
1359728,2019-12-10,2019-12-31,,107148,159018,2
1359729,2019-12-10,2019-12-31,2019-12-28,107148,188826,1
1359730,2019-12-10,2019-12-31,,107148,546933,2
1359731,2019-12-10,2019-12-31,2019-12-30,107148,567584,1
1359732,2019-12-10,2019-12-31,2019-12-31,107148,804017,1
1359733,2019-12-10,2019-12-31,,107148,891865,2
1359734,2019-12-10,2019-12-31,,107197,806905,2
1359735,2019-12-10,2019-12-31,,107281,832382,2
1359736,2019-12-10,2019-12-31,,107381,272212,2
1359737,2019-12-10,2019-12-31,,107423,145356,2
1359738,2019-12-10,2019-12-31,,107433,605418,2
1359739,2019-12-10,2019-12-31,,107555,526539,2
1359740,2019-12-10,2019-12-31,,107569,522251,2
1359741,2019-12-10,2019-12-31,,107569,697641,2
1359742,2019-12-10,2019-12-31,2019-12-31,107667,426463,1
1359743,2019-12-10,2019-12-31,,107667,651736,2
1359744,2019-12-10,2019-12-31,,107959,708676,2
1359745,2019-12-10,2019-12-31,,108071,916085,2
1359746,2019-12-10,2019-12-31,,108098,599193,2
1359747,2019-12-10,2019-12-31,2019-12-23,108273,742210,1
1359748,2019-12-10,2019-12-31,,108273,890794,2
1359749,2019-12-10,2019-12-31,2019-12-23,108299,449762,1
1359750,2019-12-10,2019-12-31,,108571,870290,2
1359751,2019-12-10,2019-12-31,2019-12-30,108621,303959,1
1359752,2019-12-10,2019-12-31,,108884,621793,2
1359753,2019-12-10,2019-12-31,,108930,637338,2
1359754,2019-12-10,2019-12-31,2019-12-25,109037,611971,1
1359755,2019-12-10,2019-12-31,,109410,352718,2
1359756,2019-12-10,2019-12-31,2019-12-23,109433,466062,1
1359757,2019-12-10,2019-12-31,,109508,771298,2
1359758,2019-12-10,2019-12-31,,109625,499209,2
1359759,2019-12-10,2019-12-31,,109830,162359,2
1359760,2019-12-10,2019-12-31,,109917,471775,2
1359761,2019-12-10,2019-12-31,2019-12-30,110040,347553,1
1359762,2019-12-10,2019-12-31,2019-12-22,110074,525908,1
1359763,2019-12-10,2019-12-31,,110081,336786,2
1359764,2019-12-10,2019-12-31,,110159,363408,2
1359765,2019-12-10,2019-12-31,,110320,200,2
1359766,2019-12-10,2019-12-31,,110384,571294,2
1359767,2019-12-10,2019-12-31,,110461,544460,2
1359768,2019-12-10,2019-12-31,,110461,949636,2
1359769,2019-12-10,2019-12-31,,110697,343732,2
1359770,2019-12-10,2019-12-31,,110789,402070,2
1359771,2019-12-10,2019-12-31,2019-12-25,110790,879648,1
1359772,2019-12-10,2019-12-31,,110903,354105,2
1359773,2019-12-10,2019-12-31,,110927,912183,2
1359774,2019-12-10,2019-12-31,,110969,635728,2
1359775,2019-12-10,2019-12-31,,110969,719313,2
1359776,2019-12-10,2019-12-31,,111001,778695,2
1359777,2019-12-10,2019-12-31,2019-12-30,111027,665751,1
1359778,2019-12-10,2019-12-31,,111039,143753,2
1359779,2019-12-10,2019-12-31,2019-12-30,111252,754489,1
1359780,2019-12-10,2019-12-31,,111419,802796,2
1359781,2019-12-10,2019-12-31,2019-12-25,111438,350426,1
1359782,2019-12-10,2019-12-31,,111605,266995,2
1359783,2019-12-10,2019-12-31,,111605,306377,2
1359784,2019-12-10,2019-12-31,,111605,607625,2
1359785,2019-12-10,2019-12-31,,111605,816739,2
1359786,2019-12-10,2019-12-31,2019-12-23,111605,934776,1
1359787,2019-12-10,2019-12-31,,111654,688711,2
1359788,2019-12-10,2019-12-31,2019-12-23,111747,381242,1
1359789,2019-12-10,2019-12-31,2019-12-30,111847,648980,1
1359790,2019-12-10,2019-12-31,2019-12-28,112021,593432,1
1359791,2019-12-10,2019-12-31,,112185,38881,2
1359792,2019-12-10,2019-12-31,,112188,124370,2
1359793,2019-12-10,2019-12-31,,112410,364290,2
1359794,2019-12-10,2019-12-31,,112466,537008,2
1359795,2019-12-10,2019-12-31,2019-12-22,112493,891905,1
1359796,2019-12-10,2019-12-31,2019-12-25,112548,485630,1
1359797,2019-12-10,2019-12-31,,112580,539075,2
1359798,2019-12-10,2019-12-31,,112623,554404,2
1359799,2019-12-10,2019-12-31,,112913,340499,2
1359800,2019-12-10,2019-12-31,,112925,392377,2
1359801,2019-12-10,2019-12-31,,113023,474407,2
1359802,2019-12-10,2019-12-31,,113037,476247,2
1359803,2019-12-10,2019-12-31,,113103,363817,2
1359804,2019-12-10,2019-12-31,,113151,104548,2
1359805,2019-12-10,2019-12-31,,113311,333665,2
1359806,2019-12-10,2019-12-31,2019-12-28,113726,322192,1
1359807,2019-12-10,2019-12-31,,113796,366534,2
1359808,2019-12-10,2019-12-31,2019-12-25,113797,679659,1
1359809,2019-12-10,2019-12-31,2019-12-24,114101,427661,1
1359810,2019-12-10,2019-12-31,2019-12-31,114101,782682,1
1359811,2019-12-10,2019-12-31,2019-12-29,114319,114623,1
1359812,2019-12-10,2019-12-31,,114406,174551,2
1359813,2019-12-10,2019-12-31,,114406,610636,2
1359814,2019-12-10,2019-12-31,2019-12-31,114528,558233,1
1359815,2019-12-10,2019-12-31,,114560,149623,2
1359816,2019-12-10,2019-12-31,,114570,687071,2
1359817,2019-12-10,2019-12-31,,114616,389996,2
1359818,2019-12-10,2019-12-31,,114656,921581,2
1359819,2019-12-10,2019-12-31,,114704,252328,2
1359820,2019-12-10,2019-12-31,,114711,676524,2
1359821,2019-12-10,2019-12-31,,114833,50047,2
1359822,2019-12-10,2019-12-31,,115036,917930,2
1359823,2019-12-10,2019-12-31,,115141,779893,2
1359824,2019-12-10,2019-12-31,,115156,815287,2
1359825,2019-12-10,2019-12-31,,115198,576130,2
1359826,2019-12-10,2019-12-31,,115307,352997,2
1359827,2019-12-10,2019-12-31,,115417,437063,2
1359828,2019-12-10,2019-12-31,,115454,386214,2
1359829,2019-12-10,2019-12-31,,115454,428422,2
1359830,2019-12-10,2019-12-31,,115454,554897,2
1359831,2019-12-10,2019-12-31,,115454,603445,2
1359832,2019-12-10,2019-12-31,,115454,880020,2
1359833,2019-12-10,2019-12-31,,115471,178050,2
1359834,2019-12-10,2019-12-31,,115529,522950,2
1359835,2019-12-10,2019-12-31,,115542,844990,2
1359836,2019-12-10,2019-12-31,,115566,102629,2
1359837,2019-12-10,2019-12-31,,115643,307232,2
1359838,2019-12-10,2019-12-31,,115690,695757,2
1359839,2019-12-10,2019-12-31,2019-12-31,115703,440146,1
1359840,2019-12-10,2019-12-31,2019-12-25,115809,868797,1
1359841,2019-12-10,2019-12-31,,116050,93071,2
1359842,2019-12-10,2019-12-31,,116055,161792,2
1359843,2019-12-10,2019-12-31,,116275,369251,2
1359844,2019-12-10,2019-12-31,,116589,366476,2
1359845,2019-12-10,2019-12-31,,116599,393727,2
1359846,2019-12-10,2019-12-31,,116880,308941,2
1359847,2019-12-10,2019-12-31,2019-12-22,116887,728511,1
1359848,2019-12-10,2019-12-31,,117157,445160,2
1359849,2019-12-10,2019-12-31,2019-12-31,117259,394662,1
1359850,2019-12-10,2019-12-31,2019-12-28,117288,46537,1
1359851,2019-12-10,2019-12-31,,117288,937236,2
1359852,2019-12-10,2019-12-31,,117344,406779,2
1359853,2019-12-10,2019-12-31,,117426,813053,2
1359854,2019-12-10,2019-12-31,,117573,661660,2
1359855,2019-12-10,2019-12-31,,117796,140255,2
1359856,2019-12-10,2019-12-31,,117865,474798,2
1359857,2019-12-10,2019-12-31,2019-12-24,117865,872858,1
1359858,2019-12-10,2019-12-31,,118033,687393,2
1359859,2019-12-10,2019-12-31,,118063,543572,2
1359860,2019-12-10,2019-12-31,,118079,933606,2
1359861,2019-12-10,2019-12-31,,118298,309548,2
1359862,2019-12-10,2019-12-31,,118298,326628,2
1359863,2019-12-10,2019-12-31,2019-12-25,118330,177867,1
1359864,2019-12-10,2019-12-31,2019-12-24,118354,881853,1
1359865,2019-12-10,2019-12-31,2019-12-31,118373,407184,1
1359866,2019-12-10,2019-12-31,2019-12-24,118432,952529,1
1359867,2019-12-10,2019-12-31,,118493,299477,2
1359868,2019-12-10,2019-12-31,2019-12-30,118568,499610,1
1359869,2019-12-10,2019-12-31,,118663,834946,2
1359870,2019-12-10,2019-12-31,,118827,30890,2
1359871,2019-12-10,2019-12-31,,118889,896532,2
1359872,2019-12-10,2019-12-31,2019-12-26,119013,250989,1
1359873,2019-12-10,2019-12-31,,119016,326979,2
1359874,2019-12-10,2019-12-31,,119040,640981,2
1359875,2019-12-10,2019-12-31,2019-12-27,119045,538768,1
1359876,2019-12-10,2019-12-31,,119370,765568,2
1359877,2019-12-10,2019-12-31,,119959,580747,2
1359878,2019-12-10,2019-12-31,2019-12-24,119973,35405,1
1359879,2019-12-10,2019-12-31,,119974,797495,2
1359880,2019-12-10,2019-12-31,2019-12-25,119978,848885,1
1359881,2019-12-10,2019-12-31,2019-12-27,120112,418637,1
1359882,2019-12-10,2019-12-31,,120432,564274,2
1359883,2019-12-10,2019-12-31,,120433,21764,2
1359884,2019-12-10,2019-12-31,,120451,191149,2
1359885,2019-12-10,2019-12-31,,120451,808199,2
1359886,2019-12-10,2019-12-31,,120530,291778,2
1359887,2019-12-10,2019-12-31,2019-12-26,120631,173295,1
1359888,2019-12-10,2019-12-31,,120631,517026,2
1359889,2019-12-10,2019-12-31,2019-12-22,120631,527437,1
1359890,2019-12-10,2019-12-31,,120631,586139,2
1359891,2019-12-10,2019-12-31,2019-12-22,120631,800901,1
1359892,2019-12-10,2019-12-31,,120699,2594,2
1359893,2019-12-10,2019-12-31,,120955,757619,2
1359894,2019-12-10,2019-12-31,,121279,518563,2
1359895,2019-12-10,2019-12-31,2019-12-26,121396,574105,1
1359896,2019-12-10,2019-12-31,,121513,385599,2
1359897,2019-12-10,2019-12-31,,121754,796572,2
1359898,2019-12-10,2019-12-31,2019-12-21,121964,109847,1
1359899,2019-12-10,2019-12-31,,121984,707715,2
1359900,2019-12-10,2019-12-31,,122001,261211,2
1359901,2019-12-10,2019-12-31,,122007,66964,2
1359902,2019-12-10,2019-12-31,,122062,52698,2
1359903,2019-12-10,2019-12-31,,122130,311805,2
1359904,2019-12-10,2019-12-31,,122147,932722,2
1359905,2019-12-10,2019-12-31,,122503,936871,2
1359906,2019-12-10,2019-12-31,,122566,225586,2
1359907,2019-12-10,2019-12-31,2019-12-28,122666,71637,1
1359908,2019-12-10,2019-12-31,2019-12-26,122666,422011,1
1359909,2019-12-10,2019-12-31,,122756,909188,2
1359910,2019-12-10,2019-12-31,2019-12-20,122794,312525,1
1359911,2019-12-10,2019-12-31,,122913,792113,2
1359912,2019-12-10,2019-12-31,,122953,605250,2
1359913,2019-12-10,2019-12-31,2019-12-27,123025,22836,1
1359914,2019-12-10,2019-12-31,,123025,33316,2
1359915,2019-12-10,2019-12-31,,123025,51206,2
1359916,2019-12-10,2019-12-31,2019-12-24,123025,240925,1
1359917,2019-12-10,2019-12-31,2019-12-23,123025,336293,1
1359918,2019-12-10,2019-12-31,,123025,423260,2
1359919,2019-12-10,2019-12-31,2019-12-23,123025,552246,1
1359920,2019-12-10,2019-12-31,,123025,594227,2
1359921,2019-12-10,2019-12-31,,123025,750109,2
1359922,2019-12-10,2019-12-31,,123364,646004,2
1359923,2019-12-10,2019-12-31,,123442,461906,2
1359924,2019-12-10,2019-12-31,,123561,98316,2
1359925,2019-12-10,2019-12-31,,123752,831529,2
1359926,2019-12-10,2019-12-31,,123764,516129,2
1359927,2019-12-10,2019-12-31,,123764,683234,2
1359928,2019-12-10,2019-12-31,,123830,203760,2
1359929,2019-12-10,2019-12-31,,123873,203057,2
1359930,2019-12-10,2019-12-31,2019-12-30,123982,661269,1
1359931,2019-12-10,2019-12-31,,124084,760954,2
1359932,2019-12-10,2019-12-31,,124278,105298,2
1359933,2019-12-10,2019-12-31,,124317,836532,2
1359934,2019-12-10,2019-12-31,2019-12-30,124321,17862,1
1359935,2019-12-10,2019-12-31,,124445,209064,2
1359936,2019-12-10,2019-12-31,,124486,762955,2
1359937,2019-12-10,2019-12-31,,124589,58813,2
1359938,2019-12-10,2019-12-31,,124819,705748,2
1359939,2019-12-10,2019-12-31,,124984,427207,2
1359940,2019-12-10,2019-12-31,2019-12-31,125052,49515,1
1359941,2019-12-10,2019-12-31,,125264,518202,2
1359942,2019-12-10,2019-12-31,2019-12-29,125290,571624,1
1359943,2019-12-10,2019-12-31,,125425,14442,2
1359944,2019-12-10,2019-12-31,,125529,567749,2
1359945,2019-12-10,2019-12-31,,125708,474380,2
1359946,2019-12-10,2019-12-31,,125724,382174,2
1359947,2019-12-10,2019-12-31,,125748,539777,2
1359948,2019-12-10,2019-12-31,,126051,587148,2
1359949,2019-12-10,2019-12-31,,126658,887984,2
1359950,2019-12-10,2019-12-31,2019-12-26,126771,829719,1
1359951,2019-12-10,2019-12-31,,126876,456738,2
1359952,2019-12-10,2019-12-31,,126913,594456,2
1359953,2019-12-10,2019-12-31,2019-12-24,127012,5614,1
1359954,2019-12-10,2019-12-31,,127013,924303,2
1359955,2019-12-10,2019-12-31,,127073,289647,2
1359956,2019-12-10,2019-12-31,2019-12-28,127073,748992,1
1359957,2019-12-10,2019-12-31,,127273,235790,2
1359958,2019-12-10,2019-12-31,,127322,809913,2
1359959,2019-12-10,2019-12-31,,127592,632695,2
1359960,2019-12-10,2019-12-31,,127646,5316,2
1359961,2019-12-10,2019-12-31,2019-12-30,127685,519048,1
1359962,2019-12-10,2019-12-31,2019-12-23,127685,532168,1
1359963,2019-12-10,2019-12-31,,127694,10052,2
1359964,2019-12-10,2019-12-31,,127869,559624,2
1359965,2019-12-10,2019-12-31,,127950,303621,2
1359966,2019-12-10,2019-12-31,,128121,145018,2
1359967,2019-12-10,2019-12-31,,128197,790081,2
1359968,2019-12-10,2019-12-31,,128328,671808,2
1359969,2019-12-10,2019-12-31,2019-12-25,128445,552914,1
1359970,2019-12-10,2019-12-31,2019-12-27,128465,22658,1
1359971,2019-12-10,2019-12-31,2019-12-24,128582,341211,1
1359972,2019-12-10,2019-12-31,,128654,950251,2
1359973,2019-12-10,2019-12-31,,128706,405400,2
1359974,2019-12-10,2019-12-31,,128706,686758,2
1359975,2019-12-10,2019-12-31,,128744,315556,2
1359976,2019-12-10,2019-12-31,,128838,544623,2
1359977,2019-12-10,2019-12-31,,129200,445099,2
1359978,2019-12-10,2019-12-31,,129301,11137,2
1359979,2019-12-10,2019-12-31,,129437,881773,2
1359980,2019-12-10,2019-12-31,,129472,707888,2
1359981,2019-12-10,2019-12-31,,129483,104028,2
1359982,2019-12-10,2019-12-31,2019-12-24,129483,123455,1
1359983,2019-12-10,2019-12-31,,129483,274823,2
1359984,2019-12-10,2019-12-31,,129483,301513,2
1359985,2019-12-10,2019-12-31,,129483,317640,2
1359986,2019-12-10,2019-12-31,,129483,363718,2
1359987,2019-12-10,2019-12-31,,129483,460279,2
1359988,2019-12-10,2019-12-31,,129483,501160,2
1359989,2019-12-10,2019-12-31,,129486,477963,2
1359990,2019-12-10,2019-12-31,,129534,139191,2
1359991,2019-12-10,2019-12-31,2019-12-23,129534,248228,1
1359992,2019-12-10,2019-12-31,2019-12-23,129582,180986,1
1359993,2019-12-10,2019-12-31,2019-12-25,129639,903165,1
1359994,2019-12-10,2019-12-31,2019-12-26,129663,164564,1
1359995,2019-12-10,2019-12-31,2019-12-28,129663,645553,1
1359996,2019-12-10,2019-12-31,,129764,248008,2
1359997,2019-12-10,2019-12-31,,129805,540102,2
1359998,2019-12-10,2019-12-31,,129844,539914,2
1359999,2019-12-10,2019-12-31,,129844,555374,2
1360000,2019-12-10,2019-12-31,,129880,705859,2
1360001,2019-12-10,2019-12-31,2019-12-21,129896,35148,1
1360002,2019-12-10,2019-12-31,,130126,878571,2
1360003,2019-12-10,2019-12-31,2019-12-29,130160,93894,1
1360004,2019-12-10,2019-12-31,,130400,104203,2
1360005,2019-12-10,2019-12-31,,130430,334606,2
1360006,2019-12-10,2019-12-31,,130445,721934,2
1360007,2019-12-10,2019-12-31,,130603,213630,2
1360008,2019-12-10,2019-12-31,,130673,334960,2
1360009,2019-12-10,2019-12-31,,130682,424529,2
1360010,2019-12-10,2019-12-31,,130799,364312,2
1360011,2019-12-10,2019-12-31,,130799,533120,2
1360012,2019-12-10,2019-12-31,2019-12-27,131131,55419,1
1360013,2019-12-10,2019-12-31,2019-12-26,131510,63691,1
1360014,2019-12-10,2019-12-31,,131510,386973,2
1360015,2019-12-10,2019-12-31,,131658,468972,2
1360016,2019-12-10,2019-12-31,2019-12-22,131689,667743,1
1360017,2019-12-10,2019-12-31,,131843,366157,2
1360018,2019-12-10,2019-12-31,,131894,93549,2
1360019,2019-12-10,2019-12-31,,131894,223340,2
1360020,2019-12-10,2019-12-31,,132104,536412,2
1360021,2019-12-10,2019-12-31,2019-12-31,132104,650146,1
1360022,2019-12-10,2019-12-31,,132144,58316,2
1360023,2019-12-10,2019-12-31,,132233,878009,2
1360024,2019-12-10,2019-12-31,,132281,495809,2
1360025,2019-12-10,2019-12-31,,132308,375612,2
1360026,2019-12-10,2019-12-31,,132374,228977,2
1360027,2019-12-10,2019-12-31,,132392,540404,2
1360028,2019-12-10,2019-12-31,,132474,650174,2
1360029,2019-12-10,2019-12-31,,132712,866714,2
1360030,2019-12-10,2019-12-31,2019-12-31,133417,819194,1
1360031,2019-12-10,2019-12-31,,133424,897867,2
1360032,2019-12-10,2019-12-31,,133633,33760,2
1360033,2019-12-10,2019-12-31,2019-12-26,133633,287561,1
1360034,2019-12-10,2019-12-31,,133633,586164,2
1360035,2019-12-10,2019-12-31,,133743,22511,2
1360036,2019-12-10,2019-12-31,2019-12-27,134073,889430,1
1360037,2019-12-10,2019-12-31,,134398,82163,2
1360038,2019-12-10,2019-12-31,,134422,651880,2
1360039,2019-12-10,2019-12-31,2019-12-30,134576,809517,1
1360040,2019-12-10,2019-12-31,,134693,370815,2
1360041,2019-12-10,2019-12-31,,134728,268420,2
1360042,2019-12-10,2019-12-31,,134847,375538,2
1360043,2019-12-10,2019-12-31,,134868,427846,2
1360044,2019-12-10,2019-12-31,,134995,881649,2
1360045,2019-12-10,2019-12-31,,135292,553716,2
1360046,2019-12-10,2019-12-31,,135519,71596,2
1360047,2019-12-10,2019-12-31,2019-12-24,135802,40169,1
1360048,2019-12-10,2019-12-31,,135823,115412,2
1360049,2019-12-10,2019-12-31,,135879,184045,2
1360050,2019-12-10,2019-12-31,,135917,934234,2
1360051,2019-12-10,2019-12-31,2019-12-25,136353,228672,1
1360052,2019-12-10,2019-12-31,,136353,794034,2
1360053,2019-12-10,2019-12-31,,136590,50082,2
1360054,2019-12-10,2019-12-31,,136742,523722,2
1360055,2019-12-10,2019-12-31,,137130,358615,2
1360056,2019-12-10,2019-12-31,,137564,90152,2
1360057,2019-12-10,2019-12-31,,137564,189211,2
1360058,2019-12-10,2019-12-31,2019-12-31,137564,460299,1
1360059,2019-12-10,2019-12-31,,137564,885219,2
1360060,2019-12-10,2019-12-31,2019-12-24,137867,189416,1
1360061,2019-12-10,2019-12-31,,138021,363134,2
1360062,2019-12-10,2019-12-31,2019-12-31,138057,578929,1
1360063,2019-12-10,2019-12-31,,138076,364310,2
1360064,2019-12-10,2019-12-31,,138223,352943,2
1360065,2019-12-10,2019-12-31,,138223,468652,2
1360066,2019-12-10,2019-12-31,,138280,12963,2
1360067,2019-12-10,2019-12-31,2019-12-31,138439,773057,1
1360068,2019-12-10,2019-12-31,,138644,825289,2
1360069,2019-12-10,2019-12-31,2019-12-21,138646,916998,1
1360070,2019-12-10,2019-12-31,,138684,15584,2
1360071,2019-12-10,2019-12-31,2019-12-24,138823,26531,1
1360072,2019-12-10,2019-12-31,,138823,764036,2
1360073,2019-12-10,2019-12-31,,138855,895996,2
1360074,2019-12-10,2019-12-31,,138885,793601,2
1360075,2019-12-10,2019-12-31,2019-12-27,138890,525164,1
1360076,2019-12-10,2019-12-31,,139075,478411,2
1360077,2019-12-10,2019-12-31,,139141,5220,2
1360078,2019-12-10,2019-12-31,,139186,705749,2
1360079,2019-12-10,2019-12-31,,139319,283100,2
1360080,2019-12-10,2019-12-31,,139464,396479,2
1360081,2019-12-10,2019-12-31,,139679,197164,2
1360082,2019-12-10,2019-12-31,,139728,391958,2
1360083,2019-12-10,2019-12-31,2019-12-29,139756,513198,1
1360084,2019-12-10,2019-12-31,,139764,723139,2
1360085,2019-12-10,2019-12-31,,139960,565426,2
1360086,2019-12-10,2019-12-31,,140037,138903,2
1360087,2019-12-10,2019-12-31,,140037,637231,2
1360088,2019-12-10,2019-12-31,,140253,25953,2
1360089,2019-12-10,2019-12-31,,140286,106439,2
1360090,2019-12-10,2019-12-31,,140292,430476,2
1360091,2019-12-10,2019-12-31,,140317,804037,2
1360092,2019-12-10,2019-12-31,2019-12-25,140319,731644,1
1360093,2019-12-10,2019-12-31,,140402,577538,2
1360094,2019-12-10,2019-12-31,,140431,708587,2
1360095,2019-12-10,2019-12-31,2019-12-24,140433,24356,1
1360096,2019-12-10,2019-12-31,,140433,601340,2
1360097,2019-12-10,2019-12-31,,140711,795204,2
1360098,2019-12-10,2019-12-31,,140818,948543,2
1360099,2019-12-10,2019-12-31,,140950,423756,2
1360100,2019-12-10,2019-12-31,,141089,912079,2
1360101,2019-12-10,2019-12-31,,141156,342835,2
1360102,2019-12-10,2019-12-31,2019-12-21,141156,424684,1
1360103,2019-12-10,2019-12-31,,141210,319416,2
1360104,2019-12-10,2019-12-31,,141210,525797,2
1360105,2019-12-10,2019-12-31,,141236,229240,2
1360106,2019-12-10,2019-12-31,,141347,439300,2
1360107,2019-12-10,2019-12-31,2019-12-28,141371,264391,1
1360108,2019-12-10,2019-12-31,2019-12-23,141428,114432,1
1360109,2019-12-10,2019-12-31,,141428,361599,2
1360110,2019-12-10,2019-12-31,,141437,604939,2
1360111,2019-12-10,2019-12-31,,141463,193967,2
1360112,2019-12-10,2019-12-31,,141631,17529,2
1360113,2019-12-10,2019-12-31,,141668,124206,2
1360114,2019-12-10,2019-12-31,,141684,379743,2
1360115,2019-12-10,2019-12-31,2019-12-29,141698,768379,1
1360116,2019-12-10,2019-12-31,,141736,216582,2
1360117,2019-12-10,2019-12-31,,141849,295970,2
1360118,2019-12-10,2019-12-31,,141956,735858,2
1360119,2019-12-10,2019-12-31,,142152,366043,2
1360120,2019-12-10,2019-12-31,,142261,129112,2
1360121,2019-12-10,2019-12-31,2019-12-30,142384,643564,1
1360122,2019-12-10,2019-12-31,,142466,102344,2
1360123,2019-12-10,2019-12-31,2019-12-30,142574,77241,1
1360124,2019-12-10,2019-12-31,2019-12-23,143338,715211,1
1360125,2019-12-10,2019-12-31,,143376,248209,2
1360126,2019-12-10,2019-12-31,2019-12-20,143558,251080,1
1360127,2019-12-10,2019-12-31,2019-12-30,143558,548796,1
1360128,2019-12-10,2019-12-31,,143558,779245,2
1360129,2019-12-10,2019-12-31,,143586,938714,2
1360130,2019-12-10,2019-12-31,,143622,65616,2
1360131,2019-12-10,2019-12-31,,143845,910320,2
1360132,2019-12-10,2019-12-31,,143888,5174,2
1360133,2019-12-10,2019-12-31,,143888,671445,2
1360134,2019-12-10,2019-12-31,,143888,742524,2
1360135,2019-12-10,2019-12-31,,144050,316804,2
1360136,2019-12-10,2019-12-31,,144140,213972,2
1360137,2019-12-10,2019-12-31,,144185,380213,2
1360138,2019-12-10,2019-12-31,,144373,170695,2
1360139,2019-12-10,2019-12-31,,144540,927245,2
1360140,2019-12-10,2019-12-31,,144541,382855,2
1360141,2019-12-10,2019-12-31,,144679,816366,2
1360142,2019-12-10,2019-12-31,,144695,79377,2
1360143,2019-12-10,2019-12-31,,144836,682705,2
1360144,2019-12-10,2019-12-31,,144994,619116,2
1360145,2019-12-10,2019-12-31,2019-12-25,145218,697918,1
1360146,2019-12-10,2019-12-31,,145358,792406,2
1360147,2019-12-10,2019-12-31,2019-12-27,145370,954434,1
1360148,2019-12-10,2019-12-31,,145545,333072,2
1360149,2019-12-10,2019-12-31,,145594,932970,2
1360150,2019-12-10,2019-12-31,2019-12-29,145626,251116,1
1360151,2019-12-10,2019-12-31,2019-12-29,145626,752275,1
1360152,2019-12-10,2019-12-31,2019-12-27,145626,799107,1
1360153,2019-12-10,2019-12-31,,145753,776761,2
1360154,2019-12-10,2019-12-31,,145779,108945,2
1360155,2019-12-10,2019-12-31,2019-12-24,145779,436204,1
1360156,2019-12-10,2019-12-31,2019-12-27,145943,205630,1
1360157,2019-12-10,2019-12-31,,146004,588968,2
1360158,2019-12-10,2019-12-31,,146078,555443,2
1360159,2019-12-10,2019-12-31,,146310,382294,2
1360160,2019-12-10,2019-12-31,,146320,534518,2
1360161,2019-12-10,2019-12-31,,146427,768437,2
1360162,2019-12-10,2019-12-31,,146485,330269,2
1360163,2019-12-10,2019-12-31,,146637,723000,2
1360164,2019-12-10,2019-12-31,,146807,244935,2
1360165,2019-12-10,2019-12-31,,147110,423498,2
1360166,2019-12-10,2019-12-31,,147251,635834,2
1360167,2019-12-10,2019-12-31,,147380,443109,2
1360168,2019-12-10,2019-12-31,,147570,625453,2
1360169,2019-12-10,2019-12-31,,148182,505959,2
1360170,2019-12-10,2019-12-31,,148368,508362,2
1360171,2019-12-10,2019-12-31,,148438,850119,2
1360172,2019-12-10,2019-12-31,,148505,550037,2
1360173,2019-12-10,2019-12-31,,148523,381390,2
1360174,2019-12-10,2019-12-31,,148531,40551,2
1360175,2019-12-10,2019-12-31,2019-12-25,148759,219778,1
1360176,2019-12-10,2019-12-31,,148791,111052,2
1360177,2019-12-10,2019-12-31,,149069,564911,2
1360178,2019-12-10,2019-12-31,,149122,793617,2
1360179,2019-12-10,2019-12-31,,149214,789886,2
1360180,2019-12-10,2019-12-31,2019-12-28,149220,139239,1
1360181,2019-12-10,2019-12-31,2019-12-23,149235,141289,1
1360182,2019-12-10,2019-12-31,,149285,709958,2
1360183,2019-12-10,2019-12-31,,149586,878831,2
1360184,2019-12-10,2019-12-31,,149600,564790,2
1360185,2019-12-10,2019-12-31,,149677,852888,2
1360186,2019-12-10,2019-12-31,,149792,890795,2
1360187,2019-12-10,2019-12-31,,149796,706084,2
1360188,2019-12-10,2019-12-31,,149805,82950,2
1360189,2019-12-10,2019-12-31,,149805,246819,2
1360190,2019-12-10,2019-12-31,,149805,290691,2
1360191,2019-12-10,2019-12-31,,149805,341675,2
1360192,2019-12-10,2019-12-31,,149805,413605,2
1360193,2019-12-10,2019-12-31,,149805,589913,2
1360194,2019-12-10,2019-12-31,,149805,693457,2
1360195,2019-12-10,2019-12-31,,149805,906482,2
1360196,2019-12-10,2019-12-31,,149805,954435,2
1360197,2019-12-10,2019-12-31,2019-12-21,149811,451063,1
1360198,2019-12-10,2019-12-31,,149811,509941,2
1360199,2019-12-10,2019-12-31,,149863,845922,2
1360200,2019-12-10,2019-12-31,,150028,758504,2
1360201,2019-12-10,2019-12-31,2019-12-28,150037,42756,1
1360202,2019-12-10,2019-12-31,2019-12-27,150170,565637,1
1360203,2019-12-10,2019-12-31,,150229,440666,2
1360204,2019-12-10,2019-12-31,,150245,6622,2
1360205,2019-12-10,2019-12-31,2019-12-27,150282,215995,1
1360206,2019-12-10,2019-12-31,,150282,275627,2
1360207,2019-12-10,2019-12-31,2019-12-28,150282,327316,1
1360208,2019-12-10,2019-12-31,2019-12-26,150282,346625,1
1360209,2019-12-10,2019-12-31,,150282,526230,2
1360210,2019-12-10,2019-12-31,,150282,608511,2
1360211,2019-12-10,2019-12-31,,150282,675376,2
1360212,2019-12-10,2019-12-31,2019-12-25,150282,789354,1
1360213,2019-12-10,2019-12-31,2019-12-26,150282,856416,1
1360214,2019-12-10,2019-12-31,,150336,103939,2
1360215,2019-12-10,2019-12-31,,150516,104531,2
1360216,2019-12-10,2019-12-31,,150563,426528,2
1360217,2019-12-10,2019-12-31,,150711,667608,2
1360218,2019-12-10,2019-12-31,2019-12-30,150745,233745,1
1360219,2019-12-10,2019-12-31,,150822,617154,2
1360220,2019-12-10,2019-12-31,2019-12-31,150842,480737,1
1360221,2019-12-10,2019-12-31,,150842,808208,2
1360222,2019-12-10,2019-12-31,2019-12-28,150911,239507,1
1360223,2019-12-10,2019-12-31,,150919,37533,2
1360224,2019-12-10,2019-12-31,2019-12-26,150920,596290,1
1360225,2019-12-10,2019-12-31,,150920,881665,2
1360226,2019-12-10,2019-12-31,,151013,893309,2
1360227,2019-12-10,2019-12-31,,151242,574673,2
1360228,2019-12-10,2019-12-31,,151246,627872,2
1360229,2019-12-10,2019-12-31,2019-12-28,151290,772225,1
1360230,2019-12-10,2019-12-31,,151303,844937,2
1360231,2019-12-10,2019-12-31,2019-12-25,151331,491162,1
1360232,2019-12-10,2019-12-31,,151350,153770,2
1360233,2019-12-10,2019-12-31,,151455,9804,2
1360234,2019-12-10,2019-12-31,2019-12-31,151455,26722,1
1360235,2019-12-10,2019-12-31,,151455,770059,2
1360236,2019-12-10,2019-12-31,,151466,698940,2
1360237,2019-12-10,2019-12-31,,151516,617818,2
1360238,2019-12-10,2019-12-31,,151551,436128,2
1360239,2019-12-10,2019-12-31,,151564,675370,2
1360240,2019-12-10,2019-12-31,,151755,698844,2
1360241,2019-12-10,2019-12-31,,151779,800946,2
1360242,2019-12-10,2019-12-31,,151973,846734,2
1360243,2019-12-10,2019-12-31,,152048,741979,2
1360244,2019-12-10,2019-12-31,,152059,703638,2
1360245,2019-12-10,2019-12-31,,152122,245140,2
1360246,2019-12-10,2019-12-31,2019-12-26,152158,182368,1
1360247,2019-12-10,2019-12-31,,152668,165594,2
1360248,2019-12-10,2019-12-31,2019-12-23,152668,289044,1
1360249,2019-12-10,2019-12-31,2019-12-31,152668,493498,1
1360250,2019-12-10,2019-12-31,2019-12-28,152668,903851,1
1360251,2019-12-10,2019-12-31,,152719,103805,2
1360252,2019-12-10,2019-12-31,,152857,689002,2
1360253,2019-12-10,2019-12-31,,153258,530891,2
1360254,2019-12-10,2019-12-31,,153262,433220,2
1360255,2019-12-10,2019-12-31,2019-12-25,153347,883790,1
1360256,2019-12-10,2019-12-31,2019-12-31,153527,403994,1
1360257,2019-12-10,2019-12-31,,153617,183567,2
1360258,2019-12-10,2019-12-31,,153847,848415,2
1360259,2019-12-10,2019-12-31,,154047,631073,2
1360260,2019-12-10,2019-12-31,,154168,544265,2
1360261,2019-12-10,2019-12-31,2019-12-24,154272,80188,1
1360262,2019-12-10,2019-12-31,2019-12-27,154333,242079,1
1360263,2019-12-10,2019-12-31,,154420,469339,2
1360264,2019-12-10,2019-12-31,,154563,379055,2
1360265,2019-12-10,2019-12-31,2019-12-31,154563,803119,1
1360266,2019-12-10,2019-12-31,,154676,419087,2
1360267,2019-12-10,2019-12-31,,154676,621573,2
1360268,2019-12-10,2019-12-31,,154692,703937,2
1360269,2019-12-10,2019-12-31,,154892,884685,2
1360270,2019-12-10,2019-12-31,,154902,421423,2
1360271,2019-12-10,2019-12-31,2019-12-26,154902,676460,1
1360272,2019-12-10,2019-12-31,,154906,348451,2
1360273,2019-12-10,2019-12-31,,154954,862160,2
1360274,2019-12-10,2019-12-31,,155183,616279,2
1360275,2019-12-10,2019-12-31,,155431,26513,2
1360276,2019-12-10,2019-12-31,2019-12-30,155442,758078,1
1360277,2019-12-10,2019-12-31,,155585,464448,2
1360278,2019-12-10,2019-12-31,,155681,680097,2
1360279,2019-12-10,2019-12-31,,155692,112897,2
1360280,2019-12-10,2019-12-31,,155781,727685,2
1360281,2019-12-10,2019-12-31,,155923,306826,2
1360282,2019-12-10,2019-12-31,,156065,210141,2
1360283,2019-12-10,2019-12-31,2019-12-24,156081,186811,1
1360284,2019-12-10,2019-12-31,,156176,426993,2
1360285,2019-12-10,2019-12-31,2019-12-24,156333,676583,1
1360286,2019-12-10,2019-12-31,,156413,890079,2
1360287,2019-12-10,2019-12-31,2019-12-27,156456,397922,1
1360288,2019-12-10,2019-12-31,,156470,498365,2
1360289,2019-12-10,2019-12-31,2019-12-28,156470,691106,1
1360290,2019-12-10,2019-12-31,,156478,149660,2
1360291,2019-12-10,2019-12-31,,156679,757493,2
1360292,2019-12-10,2019-12-31,2019-12-21,156745,486792,1
1360293,2019-12-10,2019-12-31,2019-12-27,156745,807806,1
1360294,2019-12-10,2019-12-31,,156834,334961,2
1360295,2019-12-10,2019-12-31,,156834,453847,2
1360296,2019-12-10,2019-12-31,,156856,588090,2
1360297,2019-12-10,2019-12-31,,156986,834858,2
1360298,2019-12-10,2019-12-31,2019-12-31,157115,340062,1
1360299,2019-12-10,2019-12-31,2019-12-28,157308,217746,1
1360300,2019-12-10,2019-12-31,,157403,43218,2
1360301,2019-12-10,2019-12-31,2019-12-29,157498,418373,1
1360302,2019-12-10,2019-12-31,2019-12-23,157538,149258,1
1360303,2019-12-10,2019-12-31,,157573,345448,2
1360304,2019-12-10,2019-12-31,,157624,20892,2
1360305,2019-12-10,2019-12-31,,157624,829608,2
1360306,2019-12-10,2019-12-31,,157648,424015,2
1360307,2019-12-10,2019-12-31,,157690,764613,2
1360308,2019-12-10,2019-12-31,,157693,417112,2
1360309,2019-12-10,2019-12-31,,157730,652174,2
1360310,2019-12-10,2019-12-31,,157760,468908,2
1360311,2019-12-10,2019-12-31,,158008,115640,2
1360312,2019-12-10,2019-12-31,,158014,546944,2
1360313,2019-12-10,2019-12-31,2019-12-24,158130,415610,1
1360314,2019-12-10,2019-12-31,2019-12-22,158130,460283,1
1360315,2019-12-10,2019-12-31,2019-12-30,158130,547911,1
1360316,2019-12-10,2019-12-31,,158130,580071,2
1360317,2019-12-10,2019-12-31,,158130,740142,2
1360318,2019-12-10,2019-12-31,,158213,154768,2
1360319,2019-12-10,2019-12-31,2019-12-28,158232,21600,1
1360320,2019-12-10,2019-12-31,,158417,186728,2
1360321,2019-12-10,2019-12-31,,158465,96481,2
1360322,2019-12-10,2019-12-31,,158509,310607,2
1360323,2019-12-10,2019-12-31,,158562,839317,2
1360324,2019-12-10,2019-12-31,,158686,495176,2
1360325,2019-12-10,2019-12-31,,158736,198844,2
1360326,2019-12-10,2019-12-31,,158846,640618,2
1360327,2019-12-10,2019-12-31,,159028,149435,2
1360328,2019-12-10,2019-12-31,,159141,932575,2
1360329,2019-12-10,2019-12-31,,159168,212477,2
1360330,2019-12-10,2019-12-31,,159223,914793,2
1360331,2019-12-10,2019-12-31,,159226,538284,2
1360332,2019-12-10,2019-12-31,,159249,396632,2
1360333,2019-12-10,2019-12-31,,159330,43334,2
1360334,2019-12-10,2019-12-31,2019-12-28,159345,575034,1
1360335,2019-12-10,2019-12-31,,159369,334841,2
1360336,2019-12-10,2019-12-31,,159374,269658,2
1360337,2019-12-11,2020-01-01,,21,586161,2
1360338,2019-12-11,2020-01-01,,125,428204,2
1360339,2019-12-11,2020-01-01,,216,663618,2
1360340,2019-12-11,2020-01-01,,224,699034,2
1360341,2019-12-11,2020-01-01,,359,873489,2
1360342,2019-12-11,2020-01-01,,445,6939,2
1360343,2019-12-11,2020-01-01,,474,198668,2
1360344,2019-12-11,2020-01-01,,479,903258,2
1360345,2019-12-11,2020-01-01,,523,525099,2
1360346,2019-12-11,2020-01-01,,523,584553,2
1360347,2019-12-11,2020-01-01,,523,798174,2
1360348,2019-12-11,2020-01-01,,544,112149,2
1360349,2019-12-11,2020-01-01,2019-12-29,610,217882,1
1360350,2019-12-11,2020-01-01,,631,424711,2
1360351,2019-12-11,2020-01-01,,631,929169,2
1360352,2019-12-11,2020-01-01,2019-12-25,698,531287,1
1360353,2019-12-11,2020-01-01,,779,666035,2
1360354,2019-12-11,2020-01-01,,955,164652,2
1360355,2019-12-11,2020-01-01,,955,859779,2
1360356,2019-12-11,2020-01-01,,955,935977,2
1360357,2019-12-11,2020-01-01,,1081,783700,2
1360358,2019-12-11,2020-01-01,2019-12-21,1107,561852,1
1360359,2019-12-11,2020-01-01,,1490,902612,2
1360360,2019-12-11,2020-01-01,,1533,630596,2
1360361,2019-12-11,2020-01-01,2019-12-22,1623,630642,1
1360362,2019-12-11,2020-01-01,,1689,828521,2
1360363,2019-12-11,2020-01-01,2019-12-30,1721,605174,1
1360364,2019-12-11,2020-01-01,2019-12-30,1774,487382,1
1360365,2019-12-11,2020-01-01,,1935,679053,2
1360366,2019-12-11,2020-01-01,,2084,59070,2
1360367,2019-12-11,2020-01-01,,2084,231553,2
1360368,2019-12-11,2020-01-01,,2084,460795,2
1360369,2019-12-11,2020-01-01,,2084,601463,2
1360370,2019-12-11,2020-01-01,,2084,603945,2
1360371,2019-12-11,2020-01-01,,2084,849927,2
1360372,2019-12-11,2020-01-01,2019-12-24,2424,68441,1
1360373,2019-12-11,2020-01-01,,2424,316894,2
1360374,2019-12-11,2020-01-01,2019-12-29,2424,327106,1
1360375,2019-12-11,2020-01-01,,2424,469370,2
1360376,2019-12-11,2020-01-01,,2424,580072,2
1360377,2019-12-11,2020-01-01,,2424,770049,2
1360378,2019-12-11,2020-01-01,,2424,777399,2
1360379,2019-12-11,2020-01-01,2019-12-27,2424,947460,1
1360380,2019-12-11,2020-01-01,,2465,568906,2
1360381,2019-12-11,2020-01-01,,2472,34384,2
1360382,2019-12-11,2020-01-01,2019-12-24,2691,898997,1
1360383,2019-12-11,2020-01-01,,2719,749697,2
1360384,2019-12-11,2020-01-01,,3202,210578,2
1360385,2019-12-11,2020-01-01,,3222,815307,2
1360386,2019-12-11,2020-01-01,2019-12-27,3227,186047,1
1360387,2019-12-11,2020-01-01,2019-12-27,3227,470073,1
1360388,2019-12-11,2020-01-01,,3227,529579,2
1360389,2019-12-11,2020-01-01,,3227,900151,2
1360390,2019-12-11,2020-01-01,,3280,451444,2
1360391,2019-12-11,2020-01-01,,3511,571156,2
1360392,2019-12-11,2020-01-01,,3691,104532,2
1360393,2019-12-11,2020-01-01,,3819,856803,2
1360394,2019-12-11,2020-01-01,,3923,693680,2
1360395,2019-12-11,2020-01-01,,4054,864257,2
1360396,2019-12-11,2020-01-01,,4070,705320,2
1360397,2019-12-11,2020-01-01,2019-12-29,4273,234931,1
1360398,2019-12-11,2020-01-01,,4277,376565,2
1360399,2019-12-11,2020-01-01,,4367,382792,2
1360400,2019-12-11,2020-01-01,,4367,474544,2
1360401,2019-12-11,2020-01-01,,4367,545711,2
1360402,2019-12-11,2020-01-01,,4417,688925,2
1360403,2019-12-11,2020-01-01,,4437,698845,2
1360404,2019-12-11,2020-01-01,,4638,387930,2
1360405,2019-12-11,2020-01-01,,4791,672226,2
1360406,2019-12-11,2020-01-01,,4858,108082,2
1360407,2019-12-11,2020-01-01,,5028,324901,2
1360408,2019-12-11,2020-01-01,,5079,113234,2
1360409,2019-12-11,2020-01-01,,5289,936227,2
1360410,2019-12-11,2020-01-01,,5343,81136,2
1360411,2019-12-11,2020-01-01,2019-12-31,5760,109073,1
1360412,2019-12-11,2020-01-01,,5769,634071,2
1360413,2019-12-11,2020-01-01,2019-12-29,5814,527521,1
1360414,2019-12-11,2020-01-01,,6152,907295,2
1360415,2019-12-11,2020-01-01,,6434,405628,2
1360416,2019-12-11,2020-01-01,,6510,194904,2
1360417,2019-12-11,2020-01-01,2019-12-26,6640,454896,1
1360418,2019-12-11,2020-01-01,,6725,151326,2
1360419,2019-12-11,2020-01-01,,6725,188135,2
1360420,2019-12-11,2020-01-01,,6725,397578,2
1360421,2019-12-11,2020-01-01,,6725,410727,2
1360422,2019-12-11,2020-01-01,,6725,477741,2
1360423,2019-12-11,2020-01-01,2019-12-27,6725,527444,1
1360424,2019-12-11,2020-01-01,,6725,604940,2
1360425,2019-12-11,2020-01-01,,6840,442576,2
1360426,2019-12-11,2020-01-01,2019-12-25,6845,291716,1
1360427,2019-12-11,2020-01-01,2019-12-31,7009,67844,1
1360428,2019-12-11,2020-01-01,,7176,255866,2
1360429,2019-12-11,2020-01-01,,7572,649028,2
1360430,2019-12-11,2020-01-01,2019-12-27,7579,501227,1
1360431,2019-12-11,2020-01-01,2019-12-24,7766,693296,1
1360432,2019-12-11,2020-01-01,,7844,26133,2
1360433,2019-12-11,2020-01-01,,7844,26494,2
1360434,2019-12-11,2020-01-01,,7897,600521,2
1360435,2019-12-11,2020-01-01,2019-12-31,8043,406466,1
1360436,2019-12-11,2020-01-01,2019-12-21,8057,368341,1
1360437,2019-12-11,2020-01-01,2019-12-23,8057,845057,1
1360438,2019-12-11,2020-01-01,,8078,797466,2
1360439,2019-12-11,2020-01-01,,8184,164671,2
1360440,2019-12-11,2020-01-01,,8240,648848,2
1360441,2019-12-11,2020-01-01,2019-12-30,8308,738096,1
1360442,2019-12-11,2020-01-01,,8330,568812,2
1360443,2019-12-11,2020-01-01,,8408,469709,2
1360444,2019-12-11,2020-01-01,,8499,11082,2
1360445,2019-12-11,2020-01-01,,8499,582652,2
1360446,2019-12-11,2020-01-01,,8499,688214,2
1360447,2019-12-11,2020-01-01,,8645,590699,2
1360448,2019-12-11,2020-01-01,,8906,465191,2
1360449,2019-12-11,2020-01-01,2019-12-24,9033,780517,1
1360450,2019-12-11,2020-01-01,,9090,448141,2
1360451,2019-12-11,2020-01-01,2019-12-23,9105,738066,1
1360452,2019-12-11,2020-01-01,,9294,156599,2
1360453,2019-12-11,2020-01-01,2019-12-29,9303,23609,1
1360454,2019-12-11,2020-01-01,,9436,82899,2
1360455,2019-12-11,2020-01-01,,9551,435430,2
1360456,2019-12-11,2020-01-01,2019-12-27,9554,618365,1
1360457,2019-12-11,2020-01-01,,9648,269433,2
1360458,2019-12-11,2020-01-01,,9754,680976,2
1360459,2019-12-11,2020-01-01,,9765,688641,2
1360460,2019-12-11,2020-01-01,,9767,320093,2
1360461,2019-12-11,2020-01-01,2019-12-24,10021,26495,1
1360462,2019-12-11,2020-01-01,,10028,224252,2
1360463,2019-12-11,2020-01-01,,10103,408684,2
1360464,2019-12-11,2020-01-01,,10137,22363,2
1360465,2019-12-11,2020-01-01,,10219,126978,2
1360466,2019-12-11,2020-01-01,,10220,125208,2
1360467,2019-12-11,2020-01-01,,10220,754379,2
1360468,2019-12-11,2020-01-01,,10287,104440,2
1360469,2019-12-11,2020-01-01,2019-12-29,10371,523019,1
1360470,2019-12-11,2020-01-01,,10418,40494,2
1360471,2019-12-11,2020-01-01,2019-12-25,10449,191224,1
1360472,2019-12-11,2020-01-01,,10465,130001,2
1360473,2019-12-11,2020-01-01,,10603,889091,2
1360474,2019-12-11,2020-01-01,,10638,708874,2
1360475,2019-12-11,2020-01-01,,10739,621574,2
1360476,2019-12-11,2020-01-01,,10884,247936,2
1360477,2019-12-11,2020-01-01,,10987,177002,2
1360478,2019-12-11,2020-01-01,,11004,542552,2
1360479,2019-12-11,2020-01-01,2019-12-30,11134,795014,1
1360480,2019-12-11,2020-01-01,,11138,255780,2
1360481,2019-12-11,2020-01-01,,11217,154443,2
1360482,2019-12-11,2020-01-01,2019-12-25,11387,220967,1
1360483,2019-12-11,2020-01-01,,11675,662750,2
1360484,2019-12-11,2020-01-01,,11693,537143,2
1360485,2019-12-11,2020-01-01,,11781,300214,2
1360486,2019-12-11,2020-01-01,,11854,598601,2
1360487,2019-12-11,2020-01-01,,11926,516488,2
1360488,2019-12-11,2020-01-01,,11955,91005,2
1360489,2019-12-11,2020-01-01,2019-12-26,12175,374468,1
1360490,2019-12-11,2020-01-01,,12204,194591,2
1360491,2019-12-11,2020-01-01,,12417,844078,2
1360492,2019-12-11,2020-01-01,,12453,395321,2
1360493,2019-12-11,2020-01-01,,12902,683604,2
1360494,2019-12-11,2020-01-01,,12933,923232,2
1360495,2019-12-11,2020-01-01,,13073,52328,2
1360496,2019-12-11,2020-01-01,,13476,845126,2
1360497,2019-12-11,2020-01-01,,13670,40932,2
1360498,2019-12-11,2020-01-01,,13704,333809,2
1360499,2019-12-11,2020-01-01,,13990,223446,2
1360500,2019-12-11,2020-01-01,,13990,671446,2
1360501,2019-12-11,2020-01-01,,13999,39949,2
1360502,2019-12-11,2020-01-01,2019-12-27,14048,267596,1
1360503,2019-12-11,2020-01-01,,14048,333044,2
1360504,2019-12-11,2020-01-01,,14286,900914,2
1360505,2019-12-11,2020-01-01,,14467,907918,2
1360506,2019-12-11,2020-01-01,,14533,103970,2
1360507,2019-12-11,2020-01-01,,14568,502721,2
1360508,2019-12-11,2020-01-01,,14660,527445,2
1360509,2019-12-11,2020-01-01,,14660,728545,2
1360510,2019-12-11,2020-01-01,2019-12-26,14864,258124,1
1360511,2019-12-11,2020-01-01,,14864,437858,2
1360512,2019-12-11,2020-01-01,2019-12-24,15096,911150,1
1360513,2019-12-11,2020-01-01,,15577,877053,2
1360514,2019-12-11,2020-01-01,,15747,769260,2
1360515,2019-12-11,2020-01-01,2019-12-24,15881,598265,1
1360516,2019-12-11,2020-01-01,,15930,140929,2
1360517,2019-12-11,2020-01-01,,16038,257458,2
1360518,2019-12-11,2020-01-01,,16072,667990,2
1360519,2019-12-11,2020-01-01,,16182,795927,2
1360520,2019-12-11,2020-01-01,,16219,461253,2
1360521,2019-12-11,2020-01-01,,16293,763942,2
1360522,2019-12-11,2020-01-01,,16348,246223,2
1360523,2019-12-11,2020-01-01,,16586,876120,2
1360524,2019-12-11,2020-01-01,,16626,31817,2
1360525,2019-12-11,2020-01-01,,16654,761397,2
1360526,2019-12-11,2020-01-01,,16714,841721,2
1360527,2019-12-11,2020-01-01,,16789,141214,2
1360528,2019-12-11,2020-01-01,,17126,448698,2
1360529,2019-12-11,2020-01-01,2019-12-29,17143,484622,1
1360530,2019-12-11,2020-01-01,,17233,61354,2
1360531,2019-12-11,2020-01-01,2019-12-29,17233,217138,1
1360532,2019-12-11,2020-01-01,2019-12-22,17277,124298,1
1360533,2019-12-11,2020-01-01,,17277,490295,2
1360534,2019-12-11,2020-01-01,,17308,43393,2
1360535,2019-12-11,2020-01-01,,17441,946008,2
1360536,2019-12-11,2020-01-01,2019-12-29,17619,258275,1
1360537,2019-12-11,2020-01-01,,17629,472274,2
1360538,2019-12-11,2020-01-01,,17647,16604,2
1360539,2019-12-11,2020-01-01,,18212,511085,2
1360540,2019-12-11,2020-01-01,2019-12-26,18261,434656,1
1360541,2019-12-11,2020-01-01,,18334,387316,2
1360542,2019-12-11,2020-01-01,,18393,366795,2
1360543,2019-12-11,2020-01-01,,18556,544578,2
1360544,2019-12-11,2020-01-01,,18590,829054,2
1360545,2019-12-11,2020-01-01,,18662,828723,2
1360546,2019-12-11,2020-01-01,,18726,452498,2
1360547,2019-12-11,2020-01-01,,18759,571235,2
1360548,2019-12-11,2020-01-01,,18759,618005,2
1360549,2019-12-11,2020-01-01,,18817,601384,2
1360550,2019-12-11,2020-01-01,,18820,493791,2
1360551,2019-12-11,2020-01-01,,18843,658104,2
1360552,2019-12-11,2020-01-01,,18964,829073,2
1360553,2019-12-11,2020-01-01,,19119,419447,2
1360554,2019-12-11,2020-01-01,,19303,212081,2
1360555,2019-12-11,2020-01-01,,19303,557589,2
1360556,2019-12-11,2020-01-01,,19303,857341,2
1360557,2019-12-11,2020-01-01,,19381,459723,2
1360558,2019-12-11,2020-01-01,,19485,894358,2
1360559,2019-12-11,2020-01-01,2019-12-28,19627,649544,1
1360560,2019-12-11,2020-01-01,,19628,615448,2
1360561,2019-12-11,2020-01-01,,19633,158570,2
1360562,2019-12-11,2020-01-01,,19696,317035,2
1360563,2019-12-11,2020-01-01,,20209,571521,2
1360564,2019-12-11,2020-01-01,,20209,893747,2
1360565,2019-12-11,2020-01-01,,20307,525715,2
1360566,2019-12-11,2020-01-01,,20376,929898,2
1360567,2019-12-11,2020-01-01,,20489,338865,2
1360568,2019-12-11,2020-01-01,2019-12-24,20662,693941,1
1360569,2019-12-11,2020-01-01,,20830,951568,2
1360570,2019-12-11,2020-01-01,,20907,10065,2
1360571,2019-12-11,2020-01-01,,20907,172756,2
1360572,2019-12-11,2020-01-01,,20907,217962,2
1360573,2019-12-11,2020-01-01,,20907,386794,2
1360574,2019-12-11,2020-01-01,,20907,905711,2
1360575,2019-12-11,2020-01-01,,20936,7898,2
1360576,2019-12-11,2020-01-01,,20936,469223,2
1360577,2019-12-11,2020-01-01,2019-12-27,20937,30532,1
1360578,2019-12-11,2020-01-01,,21013,609551,2
1360579,2019-12-11,2020-01-01,2019-12-24,21060,299182,1
1360580,2019-12-11,2020-01-01,,21193,379457,2
1360581,2019-12-11,2020-01-01,,21357,705854,2
1360582,2019-12-11,2020-01-01,,21423,506867,2
1360583,2019-12-11,2020-01-01,,21611,699035,2
1360584,2019-12-11,2020-01-01,,21737,478828,2
1360585,2019-12-11,2020-01-01,,21765,944011,2
1360586,2019-12-11,2020-01-01,,21841,441928,2
1360587,2019-12-11,2020-01-01,,21972,211243,2
1360588,2019-12-11,2020-01-01,,22039,111489,2
1360589,2019-12-11,2020-01-01,,22607,800629,2
1360590,2019-12-11,2020-01-01,,22611,155303,2
1360591,2019-12-11,2020-01-01,,22629,384061,2
1360592,2019-12-11,2020-01-01,2019-12-22,22629,696777,1
1360593,2019-12-11,2020-01-01,,22640,181126,2
1360594,2019-12-11,2020-01-01,2019-12-30,22833,12155,1
1360595,2019-12-11,2020-01-01,,23170,246040,2
1360596,2019-12-11,2020-01-01,,23186,14031,2
1360597,2019-12-11,2020-01-01,,23186,721888,2
1360598,2019-12-11,2020-01-01,,23188,471610,2
1360599,2019-12-11,2020-01-01,,23300,348438,2
1360600,2019-12-11,2020-01-01,,23393,400314,2
1360601,2019-12-11,2020-01-01,2019-12-28,23415,622741,1
1360602,2019-12-11,2020-01-01,,23415,892172,2
1360603,2019-12-11,2020-01-01,,23465,920695,2
1360604,2019-12-11,2020-01-01,2019-12-22,23510,470258,1
1360605,2019-12-11,2020-01-01,,23536,791557,2
1360606,2019-12-11,2020-01-01,,23591,408874,2
1360607,2019-12-11,2020-01-01,,23830,542320,2
1360608,2019-12-11,2020-01-01,,23885,248596,2
1360609,2019-12-11,2020-01-01,,23893,104204,2
1360610,2019-12-11,2020-01-01,,23915,54059,2
1360611,2019-12-11,2020-01-01,,23915,149468,2
1360612,2019-12-11,2020-01-01,,23915,196484,2
1360613,2019-12-11,2020-01-01,,23915,243015,2
1360614,2019-12-11,2020-01-01,,23915,782218,2
1360615,2019-12-11,2020-01-01,,24258,691342,2
1360616,2019-12-11,2020-01-01,,24708,365636,2
1360617,2019-12-11,2020-01-01,,24868,500862,2
1360618,2019-12-11,2020-01-01,,25136,133904,2
1360619,2019-12-11,2020-01-01,2019-12-28,25222,237517,1
1360620,2019-12-11,2020-01-01,,25359,276648,2
1360621,2019-12-11,2020-01-01,,25359,351261,2
1360622,2019-12-11,2020-01-01,,25359,595778,2
1360623,2019-12-11,2020-01-01,,25359,610893,2
1360624,2019-12-11,2020-01-01,,25359,658159,2
1360625,2019-12-11,2020-01-01,,25359,916652,2
1360626,2019-12-11,2020-01-01,,25392,638920,2
1360627,2019-12-11,2020-01-01,,25426,9565,2
1360628,2019-12-11,2020-01-01,,25609,392470,2
1360629,2019-12-11,2020-01-01,2019-12-25,25752,754152,1
1360630,2019-12-11,2020-01-01,,25819,221291,2
1360631,2019-12-11,2020-01-01,,25936,901724,2
1360632,2019-12-11,2020-01-01,2019-12-27,26261,328761,1
1360633,2019-12-11,2020-01-01,,26266,665378,2
1360634,2019-12-11,2020-01-01,2019-12-29,26359,456068,1
1360635,2019-12-11,2020-01-01,,26496,698846,2
1360636,2019-12-11,2020-01-01,,26522,18915,2
1360637,2019-12-11,2020-01-01,,26522,183425,2
1360638,2019-12-11,2020-01-01,,26522,388120,2
1360639,2019-12-11,2020-01-01,,26522,418981,2
1360640,2019-12-11,2020-01-01,,26522,421327,2
1360641,2019-12-11,2020-01-01,,26522,554488,2
1360642,2019-12-11,2020-01-01,,26522,575439,2
1360643,2019-12-11,2020-01-01,,26522,674128,2
1360644,2019-12-11,2020-01-01,,26522,798793,2
1360645,2019-12-11,2020-01-01,,26522,803581,2
1360646,2019-12-11,2020-01-01,,26522,853519,2
1360647,2019-12-11,2020-01-01,,26522,870119,2
1360648,2019-12-11,2020-01-01,,26593,938579,2
1360649,2019-12-11,2020-01-01,,26759,602986,2
1360650,2019-12-11,2020-01-01,,26799,380166,2
1360651,2019-12-11,2020-01-01,2019-12-26,27029,631460,1
1360652,2019-12-11,2020-01-01,,27221,158362,2
1360653,2019-12-11,2020-01-01,,27447,258066,2
1360654,2019-12-11,2020-01-01,2019-12-30,27460,602261,1
1360655,2019-12-11,2020-01-01,,27540,59099,2
1360656,2019-12-11,2020-01-01,,27648,79619,2
1360657,2019-12-11,2020-01-01,2019-12-26,27684,135243,1
1360658,2019-12-11,2020-01-01,,27684,627155,2
1360659,2019-12-11,2020-01-01,,27884,300272,2
1360660,2019-12-11,2020-01-01,,27977,695067,2
1360661,2019-12-11,2020-01-01,2019-12-31,27994,440219,1
1360662,2019-12-11,2020-01-01,,28027,650583,2
1360663,2019-12-11,2020-01-01,,28029,301580,2
1360664,2019-12-11,2020-01-01,,28029,344021,2
1360665,2019-12-11,2020-01-01,,28029,418846,2
1360666,2019-12-11,2020-01-01,,28029,500434,2
1360667,2019-12-11,2020-01-01,,28029,652421,2
1360668,2019-12-11,2020-01-01,,28029,656774,2
1360669,2019-12-11,2020-01-01,,28029,843973,2
1360670,2019-12-11,2020-01-01,,28029,925639,2
1360671,2019-12-11,2020-01-01,,28029,949877,2
1360672,2019-12-11,2020-01-01,,28078,245207,2
1360673,2019-12-11,2020-01-01,,28179,717513,2
1360674,2019-12-11,2020-01-01,,28438,686695,2
1360675,2019-12-11,2020-01-01,,28472,474836,2
1360676,2019-12-11,2020-01-01,,28500,532136,2
1360677,2019-12-11,2020-01-01,2019-12-23,28538,686091,1
1360678,2019-12-11,2020-01-01,2019-12-27,28852,600522,1
1360679,2019-12-11,2020-01-01,,28971,811382,2
1360680,2019-12-11,2020-01-01,,29019,516646,2
1360681,2019-12-11,2020-01-01,2019-12-28,29089,193586,1
1360682,2019-12-11,2020-01-01,,29254,892849,2
1360683,2019-12-11,2020-01-01,,29297,954297,2
1360684,2019-12-11,2020-01-01,,29357,152110,2
1360685,2019-12-11,2020-01-01,,29582,707468,2
1360686,2019-12-11,2020-01-01,,29762,895090,2
1360687,2019-12-11,2020-01-01,2019-12-30,29933,799294,1
1360688,2019-12-11,2020-01-01,,29962,696240,2
1360689,2019-12-11,2020-01-01,2019-12-28,30136,26540,1
1360690,2019-12-11,2020-01-01,,30180,592146,2
1360691,2019-12-11,2020-01-01,,30180,927856,2
1360692,2019-12-11,2020-01-01,,30605,143191,2
1360693,2019-12-11,2020-01-01,,30624,132851,2
1360694,2019-12-11,2020-01-01,,30703,800124,2
1360695,2019-12-11,2020-01-01,,31074,388552,2
1360696,2019-12-11,2020-01-01,2019-12-24,31299,831591,1
1360697,2019-12-11,2020-01-01,,31311,375800,2
1360698,2019-12-11,2020-01-01,,31331,449663,2
1360699,2019-12-11,2020-01-01,,31465,832788,2
1360700,2019-12-11,2020-01-01,2019-12-31,31523,256066,1
1360701,2019-12-11,2020-01-01,2019-12-31,31547,98414,1
1360702,2019-12-11,2020-01-01,,31550,251125,2
1360703,2019-12-11,2020-01-01,,31638,693681,2
1360704,2019-12-11,2020-01-01,2019-12-30,31769,648775,1
1360705,2019-12-11,2020-01-01,,31829,104500,2
1360706,2019-12-11,2020-01-01,,31829,166157,2
1360707,2019-12-11,2020-01-01,,31829,648852,2
1360708,2019-12-11,2020-01-01,,31856,315047,2
1360709,2019-12-11,2020-01-01,2019-12-22,31882,57619,1
1360710,2019-12-11,2020-01-01,,31882,529336,2
1360711,2019-12-11,2020-01-01,,31931,671227,2
1360712,2019-12-11,2020-01-01,,31967,474411,2
1360713,2019-12-11,2020-01-01,2019-12-25,31985,147268,1
1360714,2019-12-11,2020-01-01,,31990,689241,2
1360715,2019-12-11,2020-01-01,2019-12-27,32166,103100,1
1360716,2019-12-11,2020-01-01,,32166,896623,2
1360717,2019-12-11,2020-01-01,2019-12-25,32166,952306,1
1360718,2019-12-11,2020-01-01,,32180,60463,2
1360719,2019-12-11,2020-01-01,,32180,191460,2
1360720,2019-12-11,2020-01-01,,32257,147495,2
1360721,2019-12-11,2020-01-01,,32394,949690,2
1360722,2019-12-11,2020-01-01,2019-12-30,32617,77942,1
1360723,2019-12-11,2020-01-01,,32617,166915,2
1360724,2019-12-11,2020-01-01,,32617,274556,2
1360725,2019-12-11,2020-01-01,,32617,496249,2
1360726,2019-12-11,2020-01-01,,32617,507558,2
1360727,2019-12-11,2020-01-01,2019-12-23,32617,695141,1
1360728,2019-12-11,2020-01-01,,32780,257552,2
1360729,2019-12-11,2020-01-01,,32821,427065,2
1360730,2019-12-11,2020-01-01,,33036,286518,2
1360731,2019-12-11,2020-01-01,2019-12-31,33088,26851,1
1360732,2019-12-11,2020-01-01,,33293,611114,2
1360733,2019-12-11,2020-01-01,,33293,629875,2
1360734,2019-12-11,2020-01-01,,33293,782017,2
1360735,2019-12-11,2020-01-01,,33300,617336,2
1360736,2019-12-11,2020-01-01,,33330,582500,2
1360737,2019-12-11,2020-01-01,,33331,6940,2
1360738,2019-12-11,2020-01-01,,33425,376493,2
1360739,2019-12-11,2020-01-01,,33764,99110,2
1360740,2019-12-11,2020-01-01,,33774,947655,2
1360741,2019-12-11,2020-01-01,,33944,360729,2
1360742,2019-12-11,2020-01-01,,33944,513313,2
1360743,2019-12-11,2020-01-01,,33944,621684,2
1360744,2019-12-11,2020-01-01,,33997,290360,2
1360745,2019-12-11,2020-01-01,,34074,323769,2
1360746,2019-12-11,2020-01-01,2019-12-26,34074,327282,1
1360747,2019-12-11,2020-01-01,,34074,899733,2
1360748,2019-12-11,2020-01-01,,34355,795293,2
1360749,2019-12-11,2020-01-01,,34643,656820,2
1360750,2019-12-11,2020-01-01,2019-12-23,34767,493216,1
1360751,2019-12-11,2020-01-01,,34767,822366,2
1360752,2019-12-11,2020-01-01,,34850,61343,2
1360753,2019-12-11,2020-01-01,,34850,217122,2
1360754,2019-12-11,2020-01-01,,34850,873586,2
1360755,2019-12-11,2020-01-01,,34912,232960,2
1360756,2019-12-11,2020-01-01,,35156,925675,2
1360757,2019-12-11,2020-01-01,,35277,447513,2
1360758,2019-12-11,2020-01-01,,35277,735475,2
1360759,2019-12-11,2020-01-01,,35317,253488,2
1360760,2019-12-11,2020-01-01,,35333,605924,2
1360761,2019-12-11,2020-01-01,,35772,952622,2
1360762,2019-12-11,2020-01-01,2019-12-26,35803,574110,1
1360763,2019-12-11,2020-01-01,,35868,842156,2
1360764,2019-12-11,2020-01-01,,35883,731635,2
1360765,2019-12-11,2020-01-01,,35899,14820,2
1360766,2019-12-11,2020-01-01,,35899,358486,2
1360767,2019-12-11,2020-01-01,2019-12-28,35899,922858,1
1360768,2019-12-11,2020-01-01,,35932,569799,2
1360769,2019-12-11,2020-01-01,,35936,437412,2
1360770,2019-12-11,2020-01-01,,35972,381147,2
1360771,2019-12-11,2020-01-01,,35982,93562,2
1360772,2019-12-11,2020-01-01,,36081,655160,2
1360773,2019-12-11,2020-01-01,,36217,546573,2
1360774,2019-12-11,2020-01-01,,36258,618024,2
1360775,2019-12-11,2020-01-01,,36555,133110,2
1360776,2019-12-11,2020-01-01,,36715,534509,2
1360777,2019-12-11,2020-01-01,,36720,689204,2
1360778,2019-12-11,2020-01-01,2019-12-25,36783,658422,1
1360779,2019-12-11,2020-01-01,,36898,124752,2
1360780,2019-12-11,2020-01-01,,36898,574217,2
1360781,2019-12-11,2020-01-01,,36926,414397,2
1360782,2019-12-11,2020-01-01,,36979,203847,2
1360783,2019-12-11,2020-01-01,2019-12-29,37148,439361,1
1360784,2019-12-11,2020-01-01,,37154,44654,2
1360785,2019-12-11,2020-01-01,,37179,169529,2
1360786,2019-12-11,2020-01-01,,37441,874201,2
1360787,2019-12-11,2020-01-01,,37496,894920,2
1360788,2019-12-11,2020-01-01,,37547,25386,2
1360789,2019-12-11,2020-01-01,,37547,909602,2
1360790,2019-12-11,2020-01-01,2019-12-21,37636,517503,1
1360791,2019-12-11,2020-01-01,,37658,81740,2
1360792,2019-12-11,2020-01-01,,37910,755860,2
1360793,2019-12-11,2020-01-01,,37951,589384,2
1360794,2019-12-11,2020-01-01,2019-12-31,37966,40465,1
1360795,2019-12-11,2020-01-01,,37991,88790,2
1360796,2019-12-11,2020-01-01,,38010,814626,2
1360797,2019-12-11,2020-01-01,,38185,9841,2
1360798,2019-12-11,2020-01-01,,38250,122158,2
1360799,2019-12-11,2020-01-01,2019-12-27,38306,249803,1
1360800,2019-12-11,2020-01-01,,38306,589115,2
1360801,2019-12-11,2020-01-01,,38450,387049,2
1360802,2019-12-11,2020-01-01,2019-12-27,38456,718115,1
1360803,2019-12-11,2020-01-01,2019-12-26,38680,823071,1
1360804,2019-12-11,2020-01-01,,38746,405313,2
1360805,2019-12-11,2020-01-01,,38753,348868,2
1360806,2019-12-11,2020-01-01,2019-12-26,38792,938379,1
1360807,2019-12-11,2020-01-01,,38880,713902,2
1360808,2019-12-11,2020-01-01,2019-12-25,38954,892853,1
1360809,2019-12-11,2020-01-01,,39041,225071,2
1360810,2019-12-11,2020-01-01,,39117,649495,2
1360811,2019-12-11,2020-01-01,,39505,734634,2
1360812,2019-12-11,2020-01-01,2019-12-21,39617,92294,1
1360813,2019-12-11,2020-01-01,2019-12-31,39662,321736,1
1360814,2019-12-11,2020-01-01,,39672,340100,2
1360815,2019-12-11,2020-01-01,,39677,76366,2
1360816,2019-12-11,2020-01-01,,39700,705791,2
1360817,2019-12-11,2020-01-01,,39711,169447,2
1360818,2019-12-11,2020-01-01,,39729,366215,2
1360819,2019-12-11,2020-01-01,2019-12-29,39782,470855,1
1360820,2019-12-11,2020-01-01,,39817,862276,2
1360821,2019-12-11,2020-01-01,,40071,90251,2
1360822,2019-12-11,2020-01-01,2019-12-25,40096,226177,1
1360823,2019-12-11,2020-01-01,,40342,64645,2
1360824,2019-12-11,2020-01-01,,40401,446276,2
1360825,2019-12-11,2020-01-01,,40482,266700,2
1360826,2019-12-11,2020-01-01,,40564,570160,2
1360827,2019-12-11,2020-01-01,,40617,512384,2
1360828,2019-12-11,2020-01-01,,40828,222430,2
1360829,2019-12-11,2020-01-01,,40843,469710,2
1360830,2019-12-11,2020-01-01,2019-12-29,40908,406532,1
1360831,2019-12-11,2020-01-01,,40908,498848,2
1360832,2019-12-11,2020-01-01,,40944,768505,2
1360833,2019-12-11,2020-01-01,,40955,863857,2
1360834,2019-12-11,2020-01-01,,40991,87968,2
1360835,2019-12-11,2020-01-01,,41358,282283,2
1360836,2019-12-11,2020-01-01,,41410,343940,2
1360837,2019-12-11,2020-01-01,,41627,580073,2
1360838,2019-12-11,2020-01-01,,41705,457901,2
1360839,2019-12-11,2020-01-01,2019-12-24,41712,225262,1
1360840,2019-12-11,2020-01-01,2019-12-22,41712,638005,1
1360841,2019-12-11,2020-01-01,,41902,124409,2
1360842,2019-12-11,2020-01-01,,42056,655834,2
1360843,2019-12-11,2020-01-01,,42075,510669,2
1360844,2019-12-11,2020-01-01,,42101,273076,2
1360845,2019-12-11,2020-01-01,,42103,281896,2
1360846,2019-12-11,2020-01-01,,42142,799458,2
1360847,2019-12-11,2020-01-01,,42753,880997,2
1360848,2019-12-11,2020-01-01,,42858,155164,2
1360849,2019-12-11,2020-01-01,,42905,304519,2
1360850,2019-12-11,2020-01-01,,42912,744991,2
1360851,2019-12-11,2020-01-01,,42965,153536,2
1360852,2019-12-11,2020-01-01,,43139,203390,2
1360853,2019-12-11,2020-01-01,,43289,299474,2
1360854,2019-12-11,2020-01-01,,43298,120256,2
1360855,2019-12-11,2020-01-01,,43317,9674,2
1360856,2019-12-11,2020-01-01,,43395,4237,2
1360857,2019-12-11,2020-01-01,2019-12-25,43416,849576,1
1360858,2019-12-11,2020-01-01,,43615,324762,2
1360859,2019-12-11,2020-01-01,,43808,775621,2
1360860,2019-12-11,2020-01-01,2019-12-26,43925,184094,1
1360861,2019-12-11,2020-01-01,,43942,621575,2
1360862,2019-12-11,2020-01-01,2019-12-29,44000,528338,1
1360863,2019-12-11,2020-01-01,,44151,420765,2
1360864,2019-12-11,2020-01-01,2019-12-31,44296,928914,1
1360865,2019-12-11,2020-01-01,,44588,474248,2
1360866,2019-12-11,2020-01-01,2019-12-30,44626,775603,1
1360867,2019-12-11,2020-01-01,,44741,656170,2
1360868,2019-12-11,2020-01-01,,44907,290902,2
1360869,2019-12-11,2020-01-01,2019-12-28,45093,651731,1
1360870,2019-12-11,2020-01-01,2019-12-30,45378,791181,1
1360871,2019-12-11,2020-01-01,,45559,202097,2
1360872,2019-12-11,2020-01-01,2019-12-26,45559,327080,1
1360873,2019-12-11,2020-01-01,,45774,225075,2
1360874,2019-12-11,2020-01-01,,45806,576876,2
1360875,2019-12-11,2020-01-01,,45896,26514,2
1360876,2019-12-11,2020-01-01,2019-12-29,45992,49479,1
1360877,2019-12-11,2020-01-01,,46214,541288,2
1360878,2019-12-11,2020-01-01,,46405,885091,2
1360879,2019-12-11,2020-01-01,2019-12-28,46530,930813,1
1360880,2019-12-11,2020-01-01,,46688,700665,2
1360881,2019-12-11,2020-01-01,,46729,213213,2
1360882,2019-12-11,2020-01-01,,46776,516130,2
1360883,2019-12-11,2020-01-01,,46791,705503,2
1360884,2019-12-11,2020-01-01,,46791,886120,2
1360885,2019-12-11,2020-01-01,,46831,339274,2
1360886,2019-12-11,2020-01-01,,46894,878935,2
1360887,2019-12-11,2020-01-01,2019-12-30,46964,501747,1
1360888,2019-12-11,2020-01-01,,47061,25590,2
1360889,2019-12-11,2020-01-01,,47061,91863,2
1360890,2019-12-11,2020-01-01,2019-12-31,47061,253559,1
1360891,2019-12-11,2020-01-01,2019-12-26,47340,580083,1
1360892,2019-12-11,2020-01-01,,47349,842125,2
1360893,2019-12-11,2020-01-01,,47524,897940,2
1360894,2019-12-11,2020-01-01,,47738,433465,2
1360895,2019-12-11,2020-01-01,,47747,365665,2
1360896,2019-12-11,2020-01-01,2019-12-27,47758,172962,1
1360897,2019-12-11,2020-01-01,,47758,937179,2
1360898,2019-12-11,2020-01-01,2019-12-22,47765,511012,1
1360899,2019-12-11,2020-01-01,,47972,167046,2
1360900,2019-12-11,2020-01-01,,48145,928395,2
1360901,2019-12-11,2020-01-01,,48438,136186,2
1360902,2019-12-11,2020-01-01,,48525,108878,2
1360903,2019-12-11,2020-01-01,,48586,322045,2
1360904,2019-12-11,2020-01-01,,48586,532888,2
1360905,2019-12-11,2020-01-01,,48586,705792,2
1360906,2019-12-11,2020-01-01,,48586,806542,2
1360907,2019-12-11,2020-01-01,,48804,952738,2
1360908,2019-12-11,2020-01-01,,48863,688420,2
1360909,2019-12-11,2020-01-01,,48863,699005,2
1360910,2019-12-11,2020-01-01,,48863,802834,2
1360911,2019-12-11,2020-01-01,2019-12-31,49249,365639,1
1360912,2019-12-11,2020-01-01,,49249,704344,2
1360913,2019-12-11,2020-01-01,,49252,887924,2
1360914,2019-12-11,2020-01-01,,49332,460496,2
1360915,2019-12-11,2020-01-01,,49465,870884,2
1360916,2019-12-11,2020-01-01,,49758,932330,2
1360917,2019-12-11,2020-01-01,2019-12-30,49785,678628,1
1360918,2019-12-11,2020-01-01,,49839,621794,2
1360919,2019-12-11,2020-01-01,,50056,104441,2
1360920,2019-12-11,2020-01-01,2019-12-29,50110,141290,1
1360921,2019-12-11,2020-01-01,,50159,258202,2
1360922,2019-12-11,2020-01-01,,50296,42160,2
1360923,2019-12-11,2020-01-01,,50412,844938,2
1360924,2019-12-11,2020-01-01,,50425,630035,2
1360925,2019-12-11,2020-01-01,,50538,174437,2
1360926,2019-12-11,2020-01-01,,50663,101639,2
1360927,2019-12-11,2020-01-01,,50663,376366,2
1360928,2019-12-11,2020-01-01,,50663,460597,2
1360929,2019-12-11,2020-01-01,,50663,621879,2
1360930,2019-12-11,2020-01-01,2019-12-29,50663,699206,1
1360931,2019-12-11,2020-01-01,,50708,793290,2
1360932,2019-12-11,2020-01-01,,50909,333914,2
1360933,2019-12-11,2020-01-01,,50996,734840,2
1360934,2019-12-11,2020-01-01,,51222,769632,2
1360935,2019-12-11,2020-01-01,,51280,105895,2
1360936,2019-12-11,2020-01-01,,51487,325958,2
1360937,2019-12-11,2020-01-01,,51508,188687,2
1360938,2019-12-11,2020-01-01,2019-12-22,51864,823366,1
1360939,2019-12-11,2020-01-01,,52016,395231,2
1360940,2019-12-11,2020-01-01,,52016,703918,2
1360941,2019-12-11,2020-01-01,,52029,638111,2
1360942,2019-12-11,2020-01-01,,52035,345277,2
1360943,2019-12-11,2020-01-01,,52137,776456,2
1360944,2019-12-11,2020-01-01,2019-12-28,52162,394153,1
1360945,2019-12-11,2020-01-01,,52274,953648,2
1360946,2019-12-11,2020-01-01,,52276,886354,2
1360947,2019-12-11,2020-01-01,,52318,767245,2
1360948,2019-12-11,2020-01-01,2019-12-31,52425,546970,1
1360949,2019-12-11,2020-01-01,,52425,909365,2
1360950,2019-12-11,2020-01-01,,52434,709513,2
1360951,2019-12-11,2020-01-01,,52534,558235,2
1360952,2019-12-11,2020-01-01,,52650,82923,2
1360953,2019-12-11,2020-01-01,,52747,919611,2
1360954,2019-12-11,2020-01-01,,52802,761600,2
1360955,2019-12-11,2020-01-01,,53106,385419,2
1360956,2019-12-11,2020-01-01,,53151,679182,2
1360957,2019-12-11,2020-01-01,,53162,756047,2
1360958,2019-12-11,2020-01-01,,53471,93620,2
1360959,2019-12-11,2020-01-01,,53471,152565,2
1360960,2019-12-11,2020-01-01,2019-12-31,53540,664607,1
1360961,2019-12-11,2020-01-01,,53545,933344,2
1360962,2019-12-11,2020-01-01,,53563,653953,2
1360963,2019-12-11,2020-01-01,,53812,389105,2
1360964,2019-12-11,2020-01-01,,53837,625628,2
1360965,2019-12-11,2020-01-01,,53844,839156,2
1360966,2019-12-11,2020-01-01,,53857,303861,2
1360967,2019-12-11,2020-01-01,,53956,13203,2
1360968,2019-12-11,2020-01-01,,54060,112150,2
1360969,2019-12-11,2020-01-01,2019-12-28,54494,840290,1
1360970,2019-12-11,2020-01-01,,54580,94739,2
1360971,2019-12-11,2020-01-01,,54682,698941,2
1360972,2019-12-11,2020-01-01,,55233,390552,2
1360973,2019-12-11,2020-01-01,2019-12-30,55240,763435,1
1360974,2019-12-11,2020-01-01,,55260,218092,2
1360975,2019-12-11,2020-01-01,,55290,194569,2
1360976,2019-12-11,2020-01-01,,55404,698942,2
1360977,2019-12-11,2020-01-01,,55529,904550,2
1360978,2019-12-11,2020-01-01,2019-12-25,55651,358374,1
1360979,2019-12-11,2020-01-01,,55674,859187,2
1360980,2019-12-11,2020-01-01,,55836,132252,2
1360981,2019-12-11,2020-01-01,,56190,603185,2
1360982,2019-12-11,2020-01-01,,56487,219189,2
1360983,2019-12-11,2020-01-01,,56567,429725,2
1360984,2019-12-11,2020-01-01,,56642,721378,2
1360985,2019-12-11,2020-01-01,2019-12-30,56729,474593,1
1360986,2019-12-11,2020-01-01,,56730,536978,2
1360987,2019-12-11,2020-01-01,,56877,621576,2
1360988,2019-12-11,2020-01-01,,56877,697866,2
1360989,2019-12-11,2020-01-01,,56916,99058,2
1360990,2019-12-11,2020-01-01,,56916,541744,2
1360991,2019-12-11,2020-01-01,,56919,331065,2
1360992,2019-12-11,2020-01-01,2019-12-31,57060,51081,1
1360993,2019-12-11,2020-01-01,,57116,212284,2
1360994,2019-12-11,2020-01-01,,57151,70416,2
1360995,2019-12-11,2020-01-01,,57178,768698,2
1360996,2019-12-11,2020-01-01,2019-12-28,57187,428858,1
1360997,2019-12-11,2020-01-01,,57187,915898,2
1360998,2019-12-11,2020-01-01,2019-12-22,57491,250760,1
1360999,2019-12-11,2020-01-01,,57623,203776,2
1361000,2019-12-11,2020-01-01,,57972,385744,2
1361001,2019-12-11,2020-01-01,2019-12-31,57972,688681,1
1361002,2019-12-11,2020-01-01,2019-12-25,57972,815312,1
1361003,2019-12-11,2020-01-01,,58233,845058,2
1361004,2019-12-11,2020-01-01,,58368,905216,2
1361005,2019-12-11,2020-01-01,,58520,585422,2
1361006,2019-12-11,2020-01-01,,58593,17667,2
1361007,2019-12-11,2020-01-01,,58783,742742,2
1361008,2019-12-11,2020-01-01,,59004,669386,2
1361009,2019-12-11,2020-01-01,2019-12-25,59048,632530,1
1361010,2019-12-11,2020-01-01,,59232,174732,2
1361011,2019-12-11,2020-01-01,,59232,266127,2
1361012,2019-12-11,2020-01-01,,59378,631942,2
1361013,2019-12-11,2020-01-01,2019-12-22,59472,327229,1
1361014,2019-12-11,2020-01-01,,59475,887719,2
1361015,2019-12-11,2020-01-01,,59478,338033,2
1361016,2019-12-11,2020-01-01,2019-12-28,59720,737596,1
1361017,2019-12-11,2020-01-01,2019-12-30,59739,763458,1
1361018,2019-12-11,2020-01-01,2019-12-24,60003,360933,1
1361019,2019-12-11,2020-01-01,,60196,546948,2
1361020,2019-12-11,2020-01-01,2019-12-26,60384,129145,1
1361021,2019-12-11,2020-01-01,,60431,614705,2
1361022,2019-12-11,2020-01-01,,60467,126220,2
1361023,2019-12-11,2020-01-01,,60645,45963,2
1361024,2019-12-11,2020-01-01,,60645,508605,2
1361025,2019-12-11,2020-01-01,,60703,626481,2
1361026,2019-12-11,2020-01-01,,60848,698693,2
1361027,2019-12-11,2020-01-01,,60915,525329,2
1361028,2019-12-11,2020-01-01,,61228,541509,2
1361029,2019-12-11,2020-01-01,,61538,734309,2
1361030,2019-12-11,2020-01-01,,61710,1704,2
1361031,2019-12-11,2020-01-01,2019-12-27,61835,397559,1
1361032,2019-12-11,2020-01-01,2019-12-24,61835,540479,1
1361033,2019-12-11,2020-01-01,,61974,322129,2
1361034,2019-12-11,2020-01-01,,61974,437036,2
1361035,2019-12-11,2020-01-01,,62090,951993,2
1361036,2019-12-11,2020-01-01,,62108,731891,2
1361037,2019-12-11,2020-01-01,,62215,469768,2
1361038,2019-12-11,2020-01-01,,62215,491001,2
1361039,2019-12-11,2020-01-01,,62215,853839,2
1361040,2019-12-11,2020-01-01,,62215,872553,2
1361041,2019-12-11,2020-01-01,,62265,22299,2
1361042,2019-12-11,2020-01-01,,62296,433916,2
1361043,2019-12-11,2020-01-01,,62417,245620,2
1361044,2019-12-11,2020-01-01,,62427,462028,2
1361045,2019-12-11,2020-01-01,,62427,774324,2
1361046,2019-12-11,2020-01-01,,62452,775995,2
1361047,2019-12-11,2020-01-01,2019-12-25,62491,311882,1
1361048,2019-12-11,2020-01-01,,62596,490723,2
1361049,2019-12-11,2020-01-01,,62652,70996,2
1361050,2019-12-11,2020-01-01,2019-12-25,62719,312201,1
1361051,2019-12-11,2020-01-01,,62719,638965,2
1361052,2019-12-11,2020-01-01,2019-12-23,62719,889350,1
1361053,2019-12-11,2020-01-01,,62815,829068,2
1361054,2019-12-11,2020-01-01,,63049,709959,2
1361055,2019-12-11,2020-01-01,,63113,909423,2
1361056,2019-12-11,2020-01-01,,63150,515580,2
1361057,2019-12-11,2020-01-01,2019-12-23,63290,88511,1
1361058,2019-12-11,2020-01-01,2019-12-23,63290,455345,1
1361059,2019-12-11,2020-01-01,2019-12-28,63291,945127,1
1361060,2019-12-11,2020-01-01,,63317,833187,2
1361061,2019-12-11,2020-01-01,,63728,867194,2
1361062,2019-12-11,2020-01-01,,63847,93089,2
1361063,2019-12-11,2020-01-01,,63898,599023,2
1361064,2019-12-11,2020-01-01,,64058,678228,2
1361065,2019-12-11,2020-01-01,2019-12-30,64080,851076,1
1361066,2019-12-11,2020-01-01,,64089,447483,2
1361067,2019-12-11,2020-01-01,,64117,938942,2
1361068,2019-12-11,2020-01-01,,64193,587209,2
1361069,2019-12-11,2020-01-01,2019-12-27,64193,688228,1
1361070,2019-12-11,2020-01-01,,64206,469846,2
1361071,2019-12-11,2020-01-01,,64465,7315,2
1361072,2019-12-11,2020-01-01,,64753,176308,2
1361073,2019-12-11,2020-01-01,,64828,44774,2
1361074,2019-12-11,2020-01-01,,65077,770812,2
1361075,2019-12-11,2020-01-01,2019-12-29,65098,207060,1
1361076,2019-12-11,2020-01-01,,65205,123375,2
1361077,2019-12-11,2020-01-01,,65249,163233,2
1361078,2019-12-11,2020-01-01,,65505,844939,2
1361079,2019-12-11,2020-01-01,,65580,406718,2
1361080,2019-12-11,2020-01-01,2019-12-26,65689,106321,1
1361081,2019-12-11,2020-01-01,,65689,580090,2
1361082,2019-12-11,2020-01-01,2019-12-26,65769,764037,1
1361083,2019-12-11,2020-01-01,,65836,452925,2
1361084,2019-12-11,2020-01-01,,65899,240561,2
1361085,2019-12-11,2020-01-01,,66122,649494,2
1361086,2019-12-11,2020-01-01,,66373,637731,2
1361087,2019-12-11,2020-01-01,,66385,351602,2
1361088,2019-12-11,2020-01-01,2019-12-27,66385,358827,1
1361089,2019-12-11,2020-01-01,,66385,758034,2
1361090,2019-12-11,2020-01-01,,66385,808643,2
1361091,2019-12-11,2020-01-01,,66427,222731,2
1361092,2019-12-11,2020-01-01,,66451,469711,2
1361093,2019-12-11,2020-01-01,2019-12-25,66489,817605,1
1361094,2019-12-11,2020-01-01,,66591,147620,2
1361095,2019-12-11,2020-01-01,,66591,797499,2
1361096,2019-12-11,2020-01-01,,66666,17758,2
1361097,2019-12-11,2020-01-01,,66691,206567,2
1361098,2019-12-11,2020-01-01,,66691,240330,2
1361099,2019-12-11,2020-01-01,,66691,550894,2
1361100,2019-12-11,2020-01-01,,66878,385370,2
1361101,2019-12-11,2020-01-01,,67073,735450,2
1361102,2019-12-11,2020-01-01,,67123,595354,2
1361103,2019-12-11,2020-01-01,,67180,145019,2
1361104,2019-12-11,2020-01-01,,67212,199866,2
1361105,2019-12-11,2020-01-01,,67212,343919,2
1361106,2019-12-11,2020-01-01,,67212,374987,2
1361107,2019-12-11,2020-01-01,,67212,579540,2
1361108,2019-12-11,2020-01-01,,67212,813972,2
1361109,2019-12-11,2020-01-01,,67212,882270,2
1361110,2019-12-11,2020-01-01,,67212,886252,2
1361111,2019-12-11,2020-01-01,,67313,438005,2
1361112,2019-12-11,2020-01-01,2019-12-24,67345,96538,1
1361113,2019-12-11,2020-01-01,,67439,927991,2
1361114,2019-12-11,2020-01-01,,67571,898195,2
1361115,2019-12-11,2020-01-01,,67888,166003,2
1361116,2019-12-11,2020-01-01,,68346,21761,2
1361117,2019-12-11,2020-01-01,,68558,598135,2
1361118,2019-12-11,2020-01-01,,68624,92950,2
1361119,2019-12-11,2020-01-01,,68624,589142,2
1361120,2019-12-11,2020-01-01,2019-12-24,68624,748183,1
1361121,2019-12-11,2020-01-01,2019-12-24,68624,809376,1
1361122,2019-12-11,2020-01-01,2019-12-28,68967,658373,1
1361123,2019-12-11,2020-01-01,,68980,562496,2
1361124,2019-12-11,2020-01-01,2019-12-26,68980,875936,1
1361125,2019-12-11,2020-01-01,2019-12-25,68999,11138,1
1361126,2019-12-11,2020-01-01,,69029,675516,2
1361127,2019-12-11,2020-01-01,2019-12-29,69082,851105,1
1361128,2019-12-11,2020-01-01,2019-12-27,69156,104355,1
1361129,2019-12-11,2020-01-01,,69221,297583,2
1361130,2019-12-11,2020-01-01,2019-12-31,69279,416829,1
1361131,2019-12-11,2020-01-01,2019-12-28,69465,12395,1
1361132,2019-12-11,2020-01-01,2019-12-25,69530,201634,1
1361133,2019-12-11,2020-01-01,,69591,577171,2
1361134,2019-12-11,2020-01-01,,69672,90548,2
1361135,2019-12-11,2020-01-01,,69672,377666,2
1361136,2019-12-11,2020-01-01,,69874,574922,2
1361137,2019-12-11,2020-01-01,,69876,190621,2
1361138,2019-12-11,2020-01-01,,70044,683106,2
1361139,2019-12-11,2020-01-01,2019-12-27,70274,63876,1
1361140,2019-12-11,2020-01-01,2019-12-27,70274,584869,1
1361141,2019-12-11,2020-01-01,2019-12-28,70780,848824,1
1361142,2019-12-11,2020-01-01,,70884,827004,2
1361143,2019-12-11,2020-01-01,,70885,103854,2
1361144,2019-12-11,2020-01-01,,70967,506549,2
1361145,2019-12-11,2020-01-01,,71131,936961,2
1361146,2019-12-11,2020-01-01,,71322,310509,2
1361147,2019-12-11,2020-01-01,2019-12-30,71322,671400,1
1361148,2019-12-11,2020-01-01,,71382,806077,2
1361149,2019-12-11,2020-01-01,,71553,537422,2
1361150,2019-12-11,2020-01-01,,71680,563730,2
1361151,2019-12-11,2020-01-01,,71829,443259,2
1361152,2019-12-11,2020-01-01,,72077,165024,2
1361153,2019-12-11,2020-01-01,2019-12-21,72145,933403,1
1361154,2019-12-11,2020-01-01,,72208,140212,2
1361155,2019-12-11,2020-01-01,,72334,955888,2
1361156,2019-12-11,2020-01-01,,72566,720513,2
1361157,2019-12-11,2020-01-01,,73043,737858,2
1361158,2019-12-11,2020-01-01,,73391,68500,2
1361159,2019-12-11,2020-01-01,2019-12-28,73629,81457,1
1361160,2019-12-11,2020-01-01,2019-12-30,73629,459807,1
1361161,2019-12-11,2020-01-01,,73787,113769,2
1361162,2019-12-11,2020-01-01,,74422,381882,2
1361163,2019-12-11,2020-01-01,,74438,542273,2
1361164,2019-12-11,2020-01-01,,74510,388747,2
1361165,2019-12-11,2020-01-01,,74510,902494,2
1361166,2019-12-11,2020-01-01,,74774,402095,2
1361167,2019-12-11,2020-01-01,,74780,469382,2
1361168,2019-12-11,2020-01-01,,74835,173424,2
1361169,2019-12-11,2020-01-01,2019-12-30,74958,326565,1
1361170,2019-12-11,2020-01-01,,74969,708580,2
1361171,2019-12-11,2020-01-01,,75266,45947,2
1361172,2019-12-11,2020-01-01,2019-12-24,75361,330312,1
1361173,2019-12-11,2020-01-01,,75555,154002,2
1361174,2019-12-11,2020-01-01,,75724,369549,2
1361175,2019-12-11,2020-01-01,,75797,696514,2
1361176,2019-12-11,2020-01-01,,75931,918006,2
1361177,2019-12-11,2020-01-01,,76052,244573,2
1361178,2019-12-11,2020-01-01,,76096,92467,2
1361179,2019-12-11,2020-01-01,2019-12-28,76198,247721,1
1361180,2019-12-11,2020-01-01,,76313,284091,2
1361181,2019-12-11,2020-01-01,,76323,929244,2
1361182,2019-12-11,2020-01-01,,76569,471681,2
1361183,2019-12-11,2020-01-01,2019-12-27,76636,97188,1
1361184,2019-12-11,2020-01-01,,76655,262926,2
1361185,2019-12-11,2020-01-01,,76671,903587,2
1361186,2019-12-11,2020-01-01,2019-12-29,76776,72290,1
1361187,2019-12-11,2020-01-01,2019-12-27,76828,494318,1
1361188,2019-12-11,2020-01-01,,76838,172572,2
1361189,2019-12-11,2020-01-01,,77083,736787,2
1361190,2019-12-11,2020-01-01,,77083,878807,2
1361191,2019-12-11,2020-01-01,,77165,155143,2
1361192,2019-12-11,2020-01-01,,77191,837155,2
1361193,2019-12-11,2020-01-01,2019-12-27,77232,131140,1
1361194,2019-12-11,2020-01-01,2019-12-28,77232,346400,1
1361195,2019-12-11,2020-01-01,,77232,433637,2
1361196,2019-12-11,2020-01-01,2019-12-31,77397,511773,1
1361197,2019-12-11,2020-01-01,,77397,518657,2
1361198,2019-12-11,2020-01-01,,77510,325782,2
1361199,2019-12-11,2020-01-01,,77523,934999,2
1361200,2019-12-11,2020-01-01,2019-12-26,77633,124423,1
1361201,2019-12-11,2020-01-01,,77669,725826,2
1361202,2019-12-11,2020-01-01,2019-12-30,77737,698694,1
1361203,2019-12-11,2020-01-01,,77743,443673,2
1361204,2019-12-11,2020-01-01,,77767,795429,2
1361205,2019-12-11,2020-01-01,,77826,278693,2
1361206,2019-12-11,2020-01-01,,77985,123984,2
1361207,2019-12-11,2020-01-01,,78005,441507,2
1361208,2019-12-11,2020-01-01,,78152,490441,2
1361209,2019-12-11,2020-01-01,,78469,818584,2
1361210,2019-12-11,2020-01-01,2019-12-22,78620,878894,1
1361211,2019-12-11,2020-01-01,,78757,686696,2
1361212,2019-12-11,2020-01-01,,78845,240364,2
1361213,2019-12-11,2020-01-01,,78986,147029,2
1361214,2019-12-11,2020-01-01,,78986,176245,2
1361215,2019-12-11,2020-01-01,,79127,825248,2
1361216,2019-12-11,2020-01-01,,79147,821977,2
1361217,2019-12-11,2020-01-01,,79199,564769,2
1361218,2019-12-11,2020-01-01,,79228,779763,2
1361219,2019-12-11,2020-01-01,,79392,140153,2
1361220,2019-12-11,2020-01-01,,79475,159419,2
1361221,2019-12-11,2020-01-01,,79475,253520,2
1361222,2019-12-11,2020-01-01,,79896,829571,2
1361223,2019-12-11,2020-01-01,,79951,201357,2
1361224,2019-12-11,2020-01-01,,79952,210340,2
1361225,2019-12-11,2020-01-01,,79975,82709,2
1361226,2019-12-11,2020-01-01,2019-12-26,80040,26515,1
1361227,2019-12-11,2020-01-01,,80040,846154,2
1361228,2019-12-11,2020-01-01,,80060,670572,2
1361229,2019-12-11,2020-01-01,2019-12-30,80070,148259,1
1361230,2019-12-11,2020-01-01,,80075,305200,2
1361231,2019-12-11,2020-01-01,,80077,630979,2
1361232,2019-12-11,2020-01-01,,80131,65253,2
1361233,2019-12-11,2020-01-01,,80131,741839,2
1361234,2019-12-11,2020-01-01,,80300,443305,2
1361235,2019-12-11,2020-01-01,,80558,411697,2
1361236,2019-12-11,2020-01-01,,80794,463348,2
1361237,2019-12-11,2020-01-01,,80869,560481,2
1361238,2019-12-11,2020-01-01,,81055,639784,2
1361239,2019-12-11,2020-01-01,,81232,124817,2
1361240,2019-12-11,2020-01-01,2019-12-31,81244,527145,1
1361241,2019-12-11,2020-01-01,,81559,883468,2
1361242,2019-12-11,2020-01-01,,81647,71579,2
1361243,2019-12-11,2020-01-01,2019-12-24,81647,90498,1
1361244,2019-12-11,2020-01-01,,81710,484954,2
1361245,2019-12-11,2020-01-01,2019-12-26,81710,656274,1
1361246,2019-12-11,2020-01-01,,81710,811327,2
1361247,2019-12-11,2020-01-01,,81767,233204,2
1361248,2019-12-11,2020-01-01,,81853,897176,2
1361249,2019-12-11,2020-01-01,,81875,916937,2
1361250,2019-12-11,2020-01-01,,81911,446038,2
1361251,2019-12-11,2020-01-01,,81972,129207,2
1361252,2019-12-11,2020-01-01,,82026,20060,2
1361253,2019-12-11,2020-01-01,2019-12-28,82026,853341,1
1361254,2019-12-11,2020-01-01,,82048,492932,2
1361255,2019-12-11,2020-01-01,,82205,822375,2
1361256,2019-12-11,2020-01-01,,82244,804458,2
1361257,2019-12-11,2020-01-01,2019-12-31,82305,20722,1
1361258,2019-12-11,2020-01-01,,82305,477320,2
1361259,2019-12-11,2020-01-01,2019-12-22,82305,502145,1
1361260,2019-12-11,2020-01-01,2019-12-27,82305,504476,1
1361261,2019-12-11,2020-01-01,,82366,351625,2
1361262,2019-12-11,2020-01-01,,82703,172298,2
1361263,2019-12-11,2020-01-01,,82747,104205,2
1361264,2019-12-11,2020-01-01,,82816,384129,2
1361265,2019-12-11,2020-01-01,,82819,40306,2
1361266,2019-12-11,2020-01-01,,82819,703852,2
1361267,2019-12-11,2020-01-01,,82876,91939,2
1361268,2019-12-11,2020-01-01,,82913,247512,2
1361269,2019-12-11,2020-01-01,2019-12-30,83083,906342,1
1361270,2019-12-11,2020-01-01,,83135,91890,2
1361271,2019-12-11,2020-01-01,,83206,73373,2
1361272,2019-12-11,2020-01-01,2019-12-25,83324,258103,1
1361273,2019-12-11,2020-01-01,2019-12-28,83324,437840,1
1361274,2019-12-11,2020-01-01,2019-12-28,83324,586411,1
1361275,2019-12-11,2020-01-01,2019-12-29,83403,368930,1
1361276,2019-12-11,2020-01-01,,83456,158883,2
1361277,2019-12-11,2020-01-01,,83456,554586,2
1361278,2019-12-11,2020-01-01,,83456,668554,2
1361279,2019-12-11,2020-01-01,,83504,569485,2
1361280,2019-12-11,2020-01-01,,83627,399318,2
1361281,2019-12-11,2020-01-01,,83963,656922,2
1361282,2019-12-11,2020-01-01,2019-12-28,84032,643790,1
1361283,2019-12-11,2020-01-01,,84200,366505,2
1361284,2019-12-11,2020-01-01,,84202,285644,2
1361285,2019-12-11,2020-01-01,,84248,779262,2
1361286,2019-12-11,2020-01-01,2019-12-24,84295,569411,1
1361287,2019-12-11,2020-01-01,,84302,316586,2
1361288,2019-12-11,2020-01-01,2019-12-25,84712,344568,1
1361289,2019-12-11,2020-01-01,,84731,548439,2
1361290,2019-12-11,2020-01-01,2019-12-26,84885,185019,1
1361291,2019-12-11,2020-01-01,,84914,193588,2
1361292,2019-12-11,2020-01-01,,85011,325472,2
1361293,2019-12-11,2020-01-01,,85234,251398,2
1361294,2019-12-11,2020-01-01,,85234,507830,2
1361295,2019-12-11,2020-01-01,,85234,601464,2
1361296,2019-12-11,2020-01-01,,85234,836813,2
1361297,2019-12-11,2020-01-01,,85244,183374,2
1361298,2019-12-11,2020-01-01,,85267,282162,2
1361299,2019-12-11,2020-01-01,,85267,348485,2
1361300,2019-12-11,2020-01-01,,85267,612334,2
1361301,2019-12-11,2020-01-01,,85267,923358,2
1361302,2019-12-11,2020-01-01,,85283,49516,2
1361303,2019-12-11,2020-01-01,,85283,156658,2
1361304,2019-12-11,2020-01-01,2019-12-26,85283,246237,1
1361305,2019-12-11,2020-01-01,2019-12-23,85545,26212,1
1361306,2019-12-11,2020-01-01,,85545,145210,2
1361307,2019-12-11,2020-01-01,,85545,149715,2
1361308,2019-12-11,2020-01-01,,85545,239436,2
1361309,2019-12-11,2020-01-01,,85545,309578,2
1361310,2019-12-11,2020-01-01,,85545,424069,2
1361311,2019-12-11,2020-01-01,,85545,497170,2
1361312,2019-12-11,2020-01-01,,85545,659066,2
1361313,2019-12-11,2020-01-01,2019-12-27,85551,877238,1
1361314,2019-12-11,2020-01-01,,85885,681481,2
1361315,2019-12-11,2020-01-01,,85890,404404,2
1361316,2019-12-11,2020-01-01,,85958,65570,2
1361317,2019-12-11,2020-01-01,,85958,444974,2
1361318,2019-12-11,2020-01-01,,85958,763224,2
1361319,2019-12-11,2020-01-01,,86010,428978,2
1361320,2019-12-11,2020-01-01,,86287,802148,2
1361321,2019-12-11,2020-01-01,2019-12-30,86301,900315,1
1361322,2019-12-11,2020-01-01,,86357,392836,2
1361323,2019-12-11,2020-01-01,,86788,844940,2
1361324,2019-12-11,2020-01-01,,86788,927246,2
1361325,2019-12-11,2020-01-01,,86924,605564,2
1361326,2019-12-11,2020-01-01,,86937,106222,2
1361327,2019-12-11,2020-01-01,,87032,866487,2
1361328,2019-12-11,2020-01-01,,87099,466063,2
1361329,2019-12-11,2020-01-01,,87209,835680,2
1361330,2019-12-11,2020-01-01,,87289,104533,2
1361331,2019-12-11,2020-01-01,,87403,382617,2
1361332,2019-12-11,2020-01-01,,87403,671669,2
1361333,2019-12-11,2020-01-01,,87487,871933,2
1361334,2019-12-11,2020-01-01,,87630,3824,2
1361335,2019-12-11,2020-01-01,,87654,335398,2
1361336,2019-12-11,2020-01-01,,87654,561604,2
1361337,2019-12-11,2020-01-01,2019-12-25,88182,245732,1
1361338,2019-12-11,2020-01-01,2019-12-26,88196,412582,1
1361339,2019-12-11,2020-01-01,,88276,697402,2
1361340,2019-12-11,2020-01-01,2019-12-28,88499,233596,1
1361341,2019-12-11,2020-01-01,,88713,760942,2
1361342,2019-12-11,2020-01-01,2019-12-22,88736,228298,1
1361343,2019-12-11,2020-01-01,2019-12-31,88822,704050,1
1361344,2019-12-11,2020-01-01,,88851,774279,2
1361345,2019-12-11,2020-01-01,,88935,111081,2
1361346,2019-12-11,2020-01-01,,89033,152515,2
1361347,2019-12-11,2020-01-01,,89125,202434,2
1361348,2019-12-11,2020-01-01,,89231,845923,2
1361349,2019-12-11,2020-01-01,2019-12-29,89249,168910,1
1361350,2019-12-11,2020-01-01,,89765,232928,2
1361351,2019-12-11,2020-01-01,,89765,759817,2
1361352,2019-12-11,2020-01-01,,89823,73959,2
1361353,2019-12-11,2020-01-01,,89908,350712,2
1361354,2019-12-11,2020-01-01,,90100,255022,2
1361355,2019-12-11,2020-01-01,,90104,131758,2
1361356,2019-12-11,2020-01-01,,90156,731430,2
1361357,2019-12-11,2020-01-01,,90322,191078,2
1361358,2019-12-11,2020-01-01,,90322,271364,2
1361359,2019-12-11,2020-01-01,,90322,824383,2
1361360,2019-12-11,2020-01-01,2019-12-24,90529,129364,1
1361361,2019-12-11,2020-01-01,2019-12-31,90559,763147,1
1361362,2019-12-11,2020-01-01,,90687,567850,2
1361363,2019-12-11,2020-01-01,,90864,286082,2
1361364,2019-12-11,2020-01-01,,91089,603839,2
1361365,2019-12-11,2020-01-01,,91188,815308,2
1361366,2019-12-11,2020-01-01,,91307,221221,2
1361367,2019-12-11,2020-01-01,,91441,563271,2
1361368,2019-12-11,2020-01-01,,91592,731930,2
1361369,2019-12-11,2020-01-01,2019-12-23,91699,146309,1
1361370,2019-12-11,2020-01-01,,91809,136768,2
1361371,2019-12-11,2020-01-01,,91809,764245,2
1361372,2019-12-11,2020-01-01,,91987,469712,2
1361373,2019-12-11,2020-01-01,,92235,792329,2
1361374,2019-12-11,2020-01-01,,92504,566920,2
1361375,2019-12-11,2020-01-01,,92667,553274,2
1361376,2019-12-11,2020-01-01,,92737,234591,2
1361377,2019-12-11,2020-01-01,,92757,934729,2
1361378,2019-12-11,2020-01-01,,92797,440024,2
1361379,2019-12-11,2020-01-01,,92798,154453,2
1361380,2019-12-11,2020-01-01,,92936,684373,2
1361381,2019-12-11,2020-01-01,,92957,102270,2
1361382,2019-12-11,2020-01-01,,93049,801985,2
1361383,2019-12-11,2020-01-01,2019-12-29,93077,178333,1
1361384,2019-12-11,2020-01-01,,93116,431395,2
1361385,2019-12-11,2020-01-01,,93143,469817,2
1361386,2019-12-11,2020-01-01,,93637,49719,2
1361387,2019-12-11,2020-01-01,2019-12-28,93690,150626,1
1361388,2019-12-11,2020-01-01,,93690,346672,2
1361389,2019-12-11,2020-01-01,,93749,37783,2
1361390,2019-12-11,2020-01-01,,93749,340606,2
1361391,2019-12-11,2020-01-01,,93749,381830,2
1361392,2019-12-11,2020-01-01,,93749,384353,2
1361393,2019-12-11,2020-01-01,,93749,498490,2
1361394,2019-12-11,2020-01-01,,93749,511369,2
1361395,2019-12-11,2020-01-01,,93749,517702,2
1361396,2019-12-11,2020-01-01,,93749,606540,2
1361397,2019-12-11,2020-01-01,,93749,717669,2
1361398,2019-12-11,2020-01-01,,93855,335786,2
1361399,2019-12-11,2020-01-01,2019-12-28,93902,103999,1
1361400,2019-12-11,2020-01-01,2019-12-25,93973,51781,1
1361401,2019-12-11,2020-01-01,,93973,469713,2
1361402,2019-12-11,2020-01-01,,94406,58607,2
1361403,2019-12-11,2020-01-01,,94786,239772,2
1361404,2019-12-11,2020-01-01,,95435,201081,2
1361405,2019-12-11,2020-01-01,2019-12-22,95488,416827,1
1361406,2019-12-11,2020-01-01,,95539,469769,2
1361407,2019-12-11,2020-01-01,2019-12-26,95620,607129,1
1361408,2019-12-11,2020-01-01,2019-12-29,95696,216142,1
1361409,2019-12-11,2020-01-01,2019-12-28,95697,30560,1
1361410,2019-12-11,2020-01-01,2019-12-26,95708,576560,1
1361411,2019-12-11,2020-01-01,,95733,429503,2
1361412,2019-12-11,2020-01-01,,95767,586120,2
1361413,2019-12-11,2020-01-01,,95807,259559,2
1361414,2019-12-11,2020-01-01,,95977,607322,2
1361415,2019-12-11,2020-01-01,,96010,505822,2
1361416,2019-12-11,2020-01-01,,96342,631410,2
1361417,2019-12-11,2020-01-01,,96449,380631,2
1361418,2019-12-11,2020-01-01,2019-12-22,96484,802247,1
1361419,2019-12-11,2020-01-01,,96654,797123,2
1361420,2019-12-11,2020-01-01,2019-12-29,96676,425084,1
1361421,2019-12-11,2020-01-01,,96769,176729,2
1361422,2019-12-11,2020-01-01,,96821,23271,2
1361423,2019-12-11,2020-01-01,2019-12-25,96927,469159,1
1361424,2019-12-11,2020-01-01,,96929,325679,2
1361425,2019-12-11,2020-01-01,,96970,38587,2
1361426,2019-12-11,2020-01-01,,96970,68468,2
1361427,2019-12-11,2020-01-01,,96970,408953,2
1361428,2019-12-11,2020-01-01,,96970,417225,2
1361429,2019-12-11,2020-01-01,,96970,546039,2
1361430,2019-12-11,2020-01-01,,96970,821920,2
1361431,2019-12-11,2020-01-01,,96970,878832,2
1361432,2019-12-11,2020-01-01,,97058,104206,2
1361433,2019-12-11,2020-01-01,,97090,461564,2
1361434,2019-12-11,2020-01-01,,97123,215816,2
1361435,2019-12-11,2020-01-01,,97131,635333,2
1361436,2019-12-11,2020-01-01,,97131,871153,2
1361437,2019-12-11,2020-01-01,,97284,718188,2
1361438,2019-12-11,2020-01-01,,97309,189329,2
1361439,2019-12-11,2020-01-01,,97419,732706,2
1361440,2019-12-11,2020-01-01,,97670,621795,2
1361441,2019-12-11,2020-01-01,,97703,481163,2
1361442,2019-12-11,2020-01-01,,97792,244528,2
1361443,2019-12-11,2020-01-01,,97910,549465,2
1361444,2019-12-11,2020-01-01,,97943,921586,2
1361445,2019-12-11,2020-01-01,,98078,383238,2
1361446,2019-12-11,2020-01-01,,98274,600593,2
1361447,2019-12-11,2020-01-01,,98430,602393,2
1361448,2019-12-11,2020-01-01,2019-12-24,98556,601154,1
1361449,2019-12-11,2020-01-01,,98689,62362,2
1361450,2019-12-11,2020-01-01,,98864,40959,2
1361451,2019-12-11,2020-01-01,2019-12-27,98945,836323,1
1361452,2019-12-11,2020-01-01,,99292,112494,2
1361453,2019-12-11,2020-01-01,2019-12-25,99355,95254,1
1361454,2019-12-11,2020-01-01,,99472,606028,2
1361455,2019-12-11,2020-01-01,,99727,299373,2
1361456,2019-12-11,2020-01-01,,99809,434309,2
1361457,2019-12-11,2020-01-01,,99933,802851,2
1361458,2019-12-11,2020-01-01,,100071,422398,2
1361459,2019-12-11,2020-01-01,2019-12-30,100213,151339,1
1361460,2019-12-11,2020-01-01,2019-12-25,100213,815577,1
1361461,2019-12-11,2020-01-01,,100216,284364,2
1361462,2019-12-11,2020-01-01,,100276,1128,2
1361463,2019-12-11,2020-01-01,,100437,144642,2
1361464,2019-12-11,2020-01-01,,100454,14511,2
1361465,2019-12-11,2020-01-01,,100454,579485,2
1361466,2019-12-11,2020-01-01,,100454,747215,2
1361467,2019-12-11,2020-01-01,2019-12-27,100605,719034,1
1361468,2019-12-11,2020-01-01,2019-12-22,100641,368342,1
1361469,2019-12-11,2020-01-01,,100922,758123,2
1361470,2019-12-11,2020-01-01,,100922,856522,2
1361471,2019-12-11,2020-01-01,,100956,470233,2
1361472,2019-12-11,2020-01-01,,101066,285733,2
1361473,2019-12-11,2020-01-01,,101095,94122,2
1361474,2019-12-11,2020-01-01,2019-12-29,101095,95276,1
1361475,2019-12-11,2020-01-01,,101254,311690,2
1361476,2019-12-11,2020-01-01,2019-12-27,101288,413191,1
1361477,2019-12-11,2020-01-01,,101455,167596,2
1361478,2019-12-11,2020-01-01,,101508,311714,2
1361479,2019-12-11,2020-01-01,,101518,875283,2
1361480,2019-12-11,2020-01-01,,101543,693731,2
1361481,2019-12-11,2020-01-01,,101776,469714,2
1361482,2019-12-11,2020-01-01,,101784,861390,2
1361483,2019-12-11,2020-01-01,,101784,888083,2
1361484,2019-12-11,2020-01-01,,101918,145078,2
1361485,2019-12-11,2020-01-01,2019-12-27,102142,902593,1
1361486,2019-12-11,2020-01-01,,102143,630622,2
1361487,2019-12-11,2020-01-01,,102396,692825,2
1361488,2019-12-11,2020-01-01,,102522,665530,2
1361489,2019-12-11,2020-01-01,,102666,813974,2
1361490,2019-12-11,2020-01-01,,102725,393536,2
1361491,2019-12-11,2020-01-01,2019-12-28,102828,918396,1
1361492,2019-12-11,2020-01-01,,102850,228442,2
1361493,2019-12-11,2020-01-01,,102852,377944,2
1361494,2019-12-11,2020-01-01,,102985,424468,2
1361495,2019-12-11,2020-01-01,,102994,469770,2
1361496,2019-12-11,2020-01-01,2019-12-26,103052,359269,1
1361497,2019-12-11,2020-01-01,,103099,941879,2
1361498,2019-12-11,2020-01-01,,103130,14443,2
1361499,2019-12-11,2020-01-01,2019-12-31,103130,876563,1
1361500,2019-12-11,2020-01-01,,103278,179961,2
1361501,2019-12-11,2020-01-01,,103303,52486,2
1361502,2019-12-11,2020-01-01,,103303,823625,2
1361503,2019-12-11,2020-01-01,,103373,410096,2
1361504,2019-12-11,2020-01-01,,103441,531009,2
1361505,2019-12-11,2020-01-01,,103445,235825,2
1361506,2019-12-11,2020-01-01,,103606,625472,2
1361507,2019-12-11,2020-01-01,2019-12-29,103760,224932,1
1361508,2019-12-11,2020-01-01,,103882,342012,2
1361509,2019-12-11,2020-01-01,,103909,841347,2
1361510,2019-12-11,2020-01-01,,103931,875764,2
1361511,2019-12-11,2020-01-01,,103961,169853,2
1361512,2019-12-11,2020-01-01,,104015,584078,2
1361513,2019-12-11,2020-01-01,,104087,410605,2
1361514,2019-12-11,2020-01-01,2019-12-25,104152,76533,1
1361515,2019-12-11,2020-01-01,,104230,443587,2
1361516,2019-12-11,2020-01-01,,104265,950659,2
1361517,2019-12-11,2020-01-01,,104509,709506,2
1361518,2019-12-11,2020-01-01,,104564,658280,2
1361519,2019-12-11,2020-01-01,2019-12-27,104590,536800,1
1361520,2019-12-11,2020-01-01,,104676,533714,2
1361521,2019-12-11,2020-01-01,,104680,172600,2
1361522,2019-12-11,2020-01-01,,104793,197165,2
1361523,2019-12-11,2020-01-01,,104806,333981,2
1361524,2019-12-11,2020-01-01,,104806,836834,2
1361525,2019-12-11,2020-01-01,,105263,880051,2
1361526,2019-12-11,2020-01-01,,105416,333545,2
1361527,2019-12-11,2020-01-01,,105517,674411,2
1361528,2019-12-11,2020-01-01,,105605,593687,2
1361529,2019-12-11,2020-01-01,2019-12-24,105860,815593,1
1361530,2019-12-11,2020-01-01,,105885,625454,2
1361531,2019-12-11,2020-01-01,,105937,312519,2
1361532,2019-12-11,2020-01-01,2019-12-27,105961,449646,1
1361533,2019-12-11,2020-01-01,2019-12-25,105961,458503,1
1361534,2019-12-11,2020-01-01,,105961,465939,2
1361535,2019-12-11,2020-01-01,2019-12-24,106356,342341,1
1361536,2019-12-11,2020-01-01,,106356,741666,2
1361537,2019-12-11,2020-01-01,,106482,43713,2
1361538,2019-12-11,2020-01-01,,106639,615580,2
1361539,2019-12-11,2020-01-01,,106681,151916,2
1361540,2019-12-11,2020-01-01,,106961,452458,2
1361541,2019-12-11,2020-01-01,,106993,686722,2
1361542,2019-12-11,2020-01-01,,107093,754078,2
1361543,2019-12-11,2020-01-01,,107110,915219,2
1361544,2019-12-11,2020-01-01,,107157,741709,2
1361545,2019-12-11,2020-01-01,,107469,632456,2
1361546,2019-12-11,2020-01-01,,107579,56685,2
1361547,2019-12-11,2020-01-01,,107692,258198,2
1361548,2019-12-11,2020-01-01,,107753,837203,2
1361549,2019-12-11,2020-01-01,,107818,504873,2
1361550,2019-12-11,2020-01-01,,107832,818806,2
1361551,2019-12-11,2020-01-01,,107842,104207,2
1361552,2019-12-11,2020-01-01,2019-12-28,107895,166210,1
1361553,2019-12-11,2020-01-01,,108274,13139,2
1361554,2019-12-11,2020-01-01,,108274,538071,2
1361555,2019-12-11,2020-01-01,,108274,870757,2
1361556,2019-12-11,2020-01-01,,108400,238006,2
1361557,2019-12-11,2020-01-01,,108570,346767,2
1361558,2019-12-11,2020-01-01,,108570,700975,2
1361559,2019-12-11,2020-01-01,,108727,200129,2
1361560,2019-12-11,2020-01-01,,108746,169457,2
1361561,2019-12-11,2020-01-01,,108798,469715,2
1361562,2019-12-11,2020-01-01,2019-12-24,109041,588013,1
1361563,2019-12-11,2020-01-01,,109166,465624,2
1361564,2019-12-11,2020-01-01,,109479,201814,2
1361565,2019-12-11,2020-01-01,,109508,551550,2
1361566,2019-12-11,2020-01-01,2019-12-30,109554,248520,1
1361567,2019-12-11,2020-01-01,,109917,87765,2
1361568,2019-12-11,2020-01-01,,110074,128612,2
1361569,2019-12-11,2020-01-01,2019-12-24,110171,169564,1
1361570,2019-12-11,2020-01-01,2019-12-26,110232,19621,1
1361571,2019-12-11,2020-01-01,2019-12-30,110249,350396,1
1361572,2019-12-11,2020-01-01,,110325,776306,2
1361573,2019-12-11,2020-01-01,,110422,165883,2
1361574,2019-12-11,2020-01-01,2019-12-26,110438,41595,1
1361575,2019-12-11,2020-01-01,,110443,348504,2
1361576,2019-12-11,2020-01-01,,110443,837228,2
1361577,2019-12-11,2020-01-01,,110489,618374,2
1361578,2019-12-11,2020-01-01,,110516,131480,2
1361579,2019-12-11,2020-01-01,,110522,518897,2
1361580,2019-12-11,2020-01-01,,110523,678727,2
1361581,2019-12-11,2020-01-01,2019-12-31,110534,602644,1
1361582,2019-12-11,2020-01-01,,110588,717384,2
1361583,2019-12-11,2020-01-01,,110589,337065,2
1361584,2019-12-11,2020-01-01,,110589,943354,2
1361585,2019-12-11,2020-01-01,2019-12-22,110669,770792,1
1361586,2019-12-11,2020-01-01,,110780,693732,2
1361587,2019-12-11,2020-01-01,,110790,96461,2
1361588,2019-12-11,2020-01-01,2019-12-31,110790,374059,1
1361589,2019-12-11,2020-01-01,,110890,139243,2
1361590,2019-12-11,2020-01-01,,110948,679106,2
1361591,2019-12-11,2020-01-01,,111161,875599,2
1361592,2019-12-11,2020-01-01,,111252,698695,2
1361593,2019-12-11,2020-01-01,2019-12-23,111272,766746,1
1361594,2019-12-11,2020-01-01,,111577,640515,2
1361595,2019-12-11,2020-01-01,,111605,701087,2
1361596,2019-12-11,2020-01-01,2019-12-29,111801,145079,1
1361597,2019-12-11,2020-01-01,,112051,846549,2
1361598,2019-12-11,2020-01-01,,112104,455055,2
1361599,2019-12-11,2020-01-01,2019-12-27,112385,698847,1
1361600,2019-12-11,2020-01-01,,112393,682622,2
1361601,2019-12-11,2020-01-01,2019-12-29,112493,424329,1
1361602,2019-12-11,2020-01-01,,112538,258603,2
1361603,2019-12-11,2020-01-01,2019-12-31,112598,264110,1
1361604,2019-12-11,2020-01-01,,112598,416318,2
1361605,2019-12-11,2020-01-01,,112858,368486,2
1361606,2019-12-11,2020-01-01,,112923,245801,2
1361607,2019-12-11,2020-01-01,,112923,832536,2
1361608,2019-12-11,2020-01-01,2019-12-24,113100,209508,1
1361609,2019-12-11,2020-01-01,,113234,439669,2
1361610,2019-12-11,2020-01-01,,113504,557180,2
1361611,2019-12-11,2020-01-01,,113504,587580,2
1361612,2019-12-11,2020-01-01,,113504,688107,2
1361613,2019-12-11,2020-01-01,2019-12-28,113504,775152,1
1361614,2019-12-11,2020-01-01,2019-12-27,113504,858909,1
1361615,2019-12-11,2020-01-01,,113544,210362,2
1361616,2019-12-11,2020-01-01,,113815,836705,2
1361617,2019-12-11,2020-01-01,,113865,311864,2
1361618,2019-12-11,2020-01-01,,113865,751279,2
1361619,2019-12-11,2020-01-01,,113908,360941,2
1361620,2019-12-11,2020-01-01,,113983,699036,2
1361621,2019-12-11,2020-01-01,,113986,113775,2
1361622,2019-12-11,2020-01-01,,113988,283989,2
1361623,2019-12-11,2020-01-01,,114115,327390,2
1361624,2019-12-11,2020-01-01,,114167,78320,2
1361625,2019-12-11,2020-01-01,,114531,944281,2
1361626,2019-12-11,2020-01-01,,114871,897529,2
1361627,2019-12-11,2020-01-01,,115181,332617,2
1361628,2019-12-11,2020-01-01,,115202,416145,2
1361629,2019-12-11,2020-01-01,,115288,137196,2
1361630,2019-12-11,2020-01-01,2019-12-30,115454,512352,1
1361631,2019-12-11,2020-01-01,,115459,567916,2
1361632,2019-12-11,2020-01-01,,115529,258491,2
1361633,2019-12-11,2020-01-01,2019-12-24,115795,536672,1
1361634,2019-12-11,2020-01-01,,115818,757550,2
1361635,2019-12-11,2020-01-01,,116178,625048,2
1361636,2019-12-11,2020-01-01,,116181,903652,2
1361637,2019-12-11,2020-01-01,,116291,699718,2
1361638,2019-12-11,2020-01-01,,116318,164902,2
1361639,2019-12-11,2020-01-01,,116379,635278,2
1361640,2019-12-11,2020-01-01,,116578,186,2
1361641,2019-12-11,2020-01-01,,116589,853689,2
1361642,2019-12-11,2020-01-01,2019-12-23,116629,45277,1
1361643,2019-12-11,2020-01-01,,116663,100303,2
1361644,2019-12-11,2020-01-01,,116727,128637,2
1361645,2019-12-11,2020-01-01,2019-12-22,116773,864099,1
1361646,2019-12-11,2020-01-01,,117288,903614,2
1361647,2019-12-11,2020-01-01,,117316,212727,2
1361648,2019-12-11,2020-01-01,,117391,759246,2
1361649,2019-12-11,2020-01-01,,117865,826270,2
1361650,2019-12-11,2020-01-01,,117923,26431,2
1361651,2019-12-11,2020-01-01,,117923,108167,2
1361652,2019-12-11,2020-01-01,2019-12-29,117923,154990,1
1361653,2019-12-11,2020-01-01,,117923,947461,2
1361654,2019-12-11,2020-01-01,,117955,320203,2
1361655,2019-12-11,2020-01-01,,118172,331935,2
1361656,2019-12-11,2020-01-01,,118191,120060,2
1361657,2019-12-11,2020-01-01,,118306,396846,2
1361658,2019-12-11,2020-01-01,,118423,515392,2
1361659,2019-12-11,2020-01-01,2019-12-24,118452,644802,1
1361660,2019-12-11,2020-01-01,,118579,7422,2
1361661,2019-12-11,2020-01-01,,118680,271642,2
1361662,2019-12-11,2020-01-01,,118884,616523,2
1361663,2019-12-11,2020-01-01,,118914,829674,2
1361664,2019-12-11,2020-01-01,,119082,710603,2
1361665,2019-12-11,2020-01-01,2019-12-26,119126,634387,1
1361666,2019-12-11,2020-01-01,,119268,760960,2
1361667,2019-12-11,2020-01-01,2019-12-27,119450,281775,1
1361668,2019-12-11,2020-01-01,2019-12-25,119450,881402,1
1361669,2019-12-11,2020-01-01,,119459,49480,2
1361670,2019-12-11,2020-01-01,2019-12-22,119459,124098,1
1361671,2019-12-11,2020-01-01,,119459,455408,2
1361672,2019-12-11,2020-01-01,2019-12-29,119459,460284,1
1361673,2019-12-11,2020-01-01,,119459,671979,2
1361674,2019-12-11,2020-01-01,,119459,951414,2
1361675,2019-12-11,2020-01-01,,119537,517266,2
1361676,2019-12-11,2020-01-01,2019-12-28,119573,931668,1
1361677,2019-12-11,2020-01-01,,119659,381103,2
1361678,2019-12-11,2020-01-01,,119674,422878,2
1361679,2019-12-11,2020-01-01,,119806,511015,2
1361680,2019-12-11,2020-01-01,,119821,19970,2
1361681,2019-12-11,2020-01-01,,119957,5084,2
1361682,2019-12-11,2020-01-01,,119973,668096,2
1361683,2019-12-11,2020-01-01,,120478,946385,2
1361684,2019-12-11,2020-01-01,,120547,937177,2
1361685,2019-12-11,2020-01-01,,120631,49592,2
1361686,2019-12-11,2020-01-01,,120631,572064,2
1361687,2019-12-11,2020-01-01,,120792,947468,2
1361688,2019-12-11,2020-01-01,,120882,671243,2
1361689,2019-12-11,2020-01-01,,120882,719373,2
1361690,2019-12-11,2020-01-01,,120907,579557,2
1361691,2019-12-11,2020-01-01,,120907,757355,2
1361692,2019-12-11,2020-01-01,,120947,866074,2
1361693,2019-12-11,2020-01-01,2019-12-27,121321,382829,1
1361694,2019-12-11,2020-01-01,,121413,514802,2
1361695,2019-12-11,2020-01-01,,121482,734661,2
1361696,2019-12-11,2020-01-01,,121593,608701,2
1361697,2019-12-11,2020-01-01,2019-12-31,121865,326666,1
1361698,2019-12-11,2020-01-01,2019-12-26,121964,43426,1
1361699,2019-12-11,2020-01-01,2019-12-25,122062,223582,1
1361700,2019-12-11,2020-01-01,2019-12-28,122062,945481,1
1361701,2019-12-11,2020-01-01,,122177,115742,2
1361702,2019-12-11,2020-01-01,,122362,729342,2
1361703,2019-12-11,2020-01-01,,122548,196456,2
1361704,2019-12-11,2020-01-01,2019-12-25,122548,205389,1
1361705,2019-12-11,2020-01-01,,122548,284062,2
1361706,2019-12-11,2020-01-01,2019-12-24,122548,319645,1
1361707,2019-12-11,2020-01-01,2019-12-28,122548,521242,1
1361708,2019-12-11,2020-01-01,,122548,553874,2
1361709,2019-12-11,2020-01-01,,122548,560418,2
1361710,2019-12-11,2020-01-01,,122548,677291,2
1361711,2019-12-11,2020-01-01,2019-12-28,122548,701803,1
1361712,2019-12-11,2020-01-01,2019-12-28,122548,702332,1
1361713,2019-12-11,2020-01-01,2019-12-31,122548,757657,1
1361714,2019-12-11,2020-01-01,2019-12-30,122548,787239,1
1361715,2019-12-11,2020-01-01,,122548,847143,2
1361716,2019-12-11,2020-01-01,,122548,948555,2
1361717,2019-12-11,2020-01-01,,122605,892675,2
1361718,2019-12-11,2020-01-01,,122612,151670,2
1361719,2019-12-11,2020-01-01,,122635,825442,2
1361720,2019-12-11,2020-01-01,,122644,886600,2
1361721,2019-12-11,2020-01-01,,122666,215121,2
1361722,2019-12-11,2020-01-01,,122666,764075,2
1361723,2019-12-11,2020-01-01,,122773,385519,2
1361724,2019-12-11,2020-01-01,2019-12-29,123025,389153,1
1361725,2019-12-11,2020-01-01,,123025,879536,2
1361726,2019-12-11,2020-01-01,,123108,431811,2
1361727,2019-12-11,2020-01-01,,123119,871819,2
1361728,2019-12-11,2020-01-01,,123344,744191,2
1361729,2019-12-11,2020-01-01,,123537,905551,2
1361730,2019-12-11,2020-01-01,,123668,732028,2
1361731,2019-12-11,2020-01-01,,123703,927282,2
1361732,2019-12-11,2020-01-01,,123710,276973,2
1361733,2019-12-11,2020-01-01,,123764,93116,2
1361734,2019-12-11,2020-01-01,,123944,72368,2
1361735,2019-12-11,2020-01-01,,123982,49481,2
1361736,2019-12-11,2020-01-01,,123982,124099,2
1361737,2019-12-11,2020-01-01,,123982,315231,2
1361738,2019-12-11,2020-01-01,,123982,759338,2
1361739,2019-12-11,2020-01-01,,123982,845618,2
1361740,2019-12-11,2020-01-01,,124055,82068,2
1361741,2019-12-11,2020-01-01,,124098,311899,2
1361742,2019-12-11,2020-01-01,,124429,492693,2
1361743,2019-12-11,2020-01-01,,124452,671896,2
1361744,2019-12-11,2020-01-01,,124505,72253,2
1361745,2019-12-11,2020-01-01,,124669,582596,2
1361746,2019-12-11,2020-01-01,,124761,685989,2
1361747,2019-12-11,2020-01-01,,124786,366446,2
1361748,2019-12-11,2020-01-01,,124838,769475,2
1361749,2019-12-11,2020-01-01,,125041,481542,2
1361750,2019-12-11,2020-01-01,,125052,557958,2
1361751,2019-12-11,2020-01-01,,125052,830213,2
1361752,2019-12-11,2020-01-01,,125322,233709,2
1361753,2019-12-11,2020-01-01,,125322,267635,2
1361754,2019-12-11,2020-01-01,,125322,791208,2
1361755,2019-12-11,2020-01-01,,125551,812127,2
1361756,2019-12-11,2020-01-01,,126120,600553,2
1361757,2019-12-11,2020-01-01,2019-12-29,126150,876488,1
1361758,2019-12-11,2020-01-01,,126269,943516,2
1361759,2019-12-11,2020-01-01,,126596,524605,2
1361760,2019-12-11,2020-01-01,,126648,276438,2
1361761,2019-12-11,2020-01-01,,126941,247203,2
1361762,2019-12-11,2020-01-01,,126961,154978,2
1361763,2019-12-11,2020-01-01,2019-12-25,127013,156086,1
1361764,2019-12-11,2020-01-01,2019-12-22,127013,581820,1
1361765,2019-12-11,2020-01-01,,127058,328768,2
1361766,2019-12-11,2020-01-01,,127058,683107,2
1361767,2019-12-11,2020-01-01,,127073,350017,2
1361768,2019-12-11,2020-01-01,2019-12-31,127198,881362,1
1361769,2019-12-11,2020-01-01,,127225,135156,2
1361770,2019-12-11,2020-01-01,,127411,26866,2
1361771,2019-12-11,2020-01-01,2019-12-30,127737,239040,1
1361772,2019-12-11,2020-01-01,2019-12-31,127749,889421,1
1361773,2019-12-11,2020-01-01,,127766,410327,2
1361774,2019-12-11,2020-01-01,2019-12-26,127766,544478,1
1361775,2019-12-11,2020-01-01,,127766,714699,2
1361776,2019-12-11,2020-01-01,,127847,863880,2
1361777,2019-12-11,2020-01-01,2019-12-24,127868,597233,1
1361778,2019-12-11,2020-01-01,,127876,648531,2
1361779,2019-12-11,2020-01-01,,127990,240953,2
1361780,2019-12-11,2020-01-01,,128003,220244,2
1361781,2019-12-11,2020-01-01,,128341,791176,2
1361782,2019-12-11,2020-01-01,,128372,762721,2
1361783,2019-12-11,2020-01-01,,128452,252326,2
1361784,2019-12-11,2020-01-01,2019-12-27,128465,697644,1
1361785,2019-12-11,2020-01-01,,128582,410626,2
1361786,2019-12-11,2020-01-01,,128687,469771,2
1361787,2019-12-11,2020-01-01,,128930,406286,2
1361788,2019-12-11,2020-01-01,,129132,533403,2
1361789,2019-12-11,2020-01-01,,129262,888649,2
1361790,2019-12-11,2020-01-01,,129342,244440,2
1361791,2019-12-11,2020-01-01,,129483,57818,2
1361792,2019-12-11,2020-01-01,2019-12-23,129483,76969,1
1361793,2019-12-11,2020-01-01,,129483,131970,2
1361794,2019-12-11,2020-01-01,,129499,37058,2
1361795,2019-12-11,2020-01-01,2019-12-27,129534,162887,1
1361796,2019-12-11,2020-01-01,,129663,130145,2
1361797,2019-12-11,2020-01-01,2019-12-28,129663,137545,1
1361798,2019-12-11,2020-01-01,2019-12-22,129896,120604,1
1361799,2019-12-11,2020-01-01,2019-12-27,129896,410585,1
1361800,2019-12-11,2020-01-01,2019-12-27,129896,701067,1
1361801,2019-12-11,2020-01-01,,129997,204978,2
1361802,2019-12-11,2020-01-01,,130183,805620,2
1361803,2019-12-11,2020-01-01,2019-12-27,130311,281519,1
1361804,2019-12-11,2020-01-01,,130311,622056,2
1361805,2019-12-11,2020-01-01,,130321,830398,2
1361806,2019-12-11,2020-01-01,,130367,123989,2
1361807,2019-12-11,2020-01-01,,130369,877531,2
1361808,2019-12-11,2020-01-01,,130391,131771,2
1361809,2019-12-11,2020-01-01,,130402,621685,2
1361810,2019-12-11,2020-01-01,,130585,713023,2
1361811,2019-12-11,2020-01-01,2019-12-22,130655,182308,1
1361812,2019-12-11,2020-01-01,,130689,471490,2
1361813,2019-12-11,2020-01-01,2019-12-24,130701,840805,1
1361814,2019-12-11,2020-01-01,,130934,625333,2
1361815,2019-12-11,2020-01-01,,130945,600594,2
1361816,2019-12-11,2020-01-01,,131080,944667,2
1361817,2019-12-11,2020-01-01,2019-12-23,131131,851817,1
1361818,2019-12-11,2020-01-01,,131154,396905,2
1361819,2019-12-11,2020-01-01,2019-12-27,131301,873512,1
1361820,2019-12-11,2020-01-01,,131328,717876,2
1361821,2019-12-11,2020-01-01,,131380,303944,2
1361822,2019-12-11,2020-01-01,,131390,90499,2
1361823,2019-12-11,2020-01-01,,131510,790589,2
1361824,2019-12-11,2020-01-01,2019-12-29,131567,825322,1
1361825,2019-12-11,2020-01-01,,131622,739056,2
1361826,2019-12-11,2020-01-01,,131673,306030,2
1361827,2019-12-11,2020-01-01,,131743,104356,2
1361828,2019-12-11,2020-01-01,,132020,405350,2
1361829,2019-12-11,2020-01-01,2019-12-27,132104,54877,1
1361830,2019-12-11,2020-01-01,,132144,226430,2
1361831,2019-12-11,2020-01-01,,132144,421424,2
1361832,2019-12-11,2020-01-01,,132144,536596,2
1361833,2019-12-11,2020-01-01,,132167,926495,2
1361834,2019-12-11,2020-01-01,,132179,48404,2
1361835,2019-12-11,2020-01-01,,132451,591321,2
1361836,2019-12-11,2020-01-01,,132516,49517,2
1361837,2019-12-11,2020-01-01,,132516,360438,2
1361838,2019-12-11,2020-01-01,,132516,455416,2
1361839,2019-12-11,2020-01-01,,132516,692343,2
1361840,2019-12-11,2020-01-01,2019-12-27,132516,830214,1
1361841,2019-12-11,2020-01-01,,132532,515534,2
1361842,2019-12-11,2020-01-01,,132601,210383,2
1361843,2019-12-11,2020-01-01,2019-12-30,132690,20872,1
1361844,2019-12-11,2020-01-01,,132783,610838,2
1361845,2019-12-11,2020-01-01,,132919,800767,2
1361846,2019-12-11,2020-01-01,,132946,62853,2
1361847,2019-12-11,2020-01-01,,133001,213652,2
1361848,2019-12-11,2020-01-01,,133028,765515,2
1361849,2019-12-11,2020-01-01,,133255,287908,2
1361850,2019-12-11,2020-01-01,,133255,453848,2
1361851,2019-12-11,2020-01-01,,133341,703890,2
1361852,2019-12-11,2020-01-01,,133371,533424,2
1361853,2019-12-11,2020-01-01,,133490,134292,2
1361854,2019-12-11,2020-01-01,,133517,72639,2
1361855,2019-12-11,2020-01-01,,133539,463100,2
1361856,2019-12-11,2020-01-01,,133701,883982,2
1361857,2019-12-11,2020-01-01,,134037,611324,2
1361858,2019-12-11,2020-01-01,,134084,73727,2
1361859,2019-12-11,2020-01-01,,134084,106685,2
1361860,2019-12-11,2020-01-01,,134084,317320,2
1361861,2019-12-11,2020-01-01,,134084,692429,2
1361862,2019-12-11,2020-01-01,,134084,927849,2
1361863,2019-12-11,2020-01-01,,134087,208123,2
1361864,2019-12-11,2020-01-01,,134365,562051,2
1361865,2019-12-11,2020-01-01,,134367,823786,2
1361866,2019-12-11,2020-01-01,,134455,283151,2
1361867,2019-12-11,2020-01-01,,134576,692645,2
1361868,2019-12-11,2020-01-01,,134678,3424,2
1361869,2019-12-11,2020-01-01,2019-12-24,134818,791213,1
1361870,2019-12-11,2020-01-01,,134863,489801,2
1361871,2019-12-11,2020-01-01,2019-12-28,135005,934985,1
1361872,2019-12-11,2020-01-01,,135189,341305,2
1361873,2019-12-11,2020-01-01,,135215,679704,2
1361874,2019-12-11,2020-01-01,2019-12-31,135222,717822,1
1361875,2019-12-11,2020-01-01,,135286,727656,2
1361876,2019-12-11,2020-01-01,,135406,919617,2
1361877,2019-12-11,2020-01-01,2019-12-29,135453,463433,1
1361878,2019-12-11,2020-01-01,,135796,699006,2
1361879,2019-12-11,2020-01-01,,135963,346166,2
1361880,2019-12-11,2020-01-01,,136002,920439,2
1361881,2019-12-11,2020-01-01,2019-12-27,136039,554758,1
1361882,2019-12-11,2020-01-01,2019-12-24,136064,460285,1
1361883,2019-12-11,2020-01-01,,136220,607600,2
1361884,2019-12-11,2020-01-01,,136341,201122,2
1361885,2019-12-11,2020-01-01,,136346,469716,2
1361886,2019-12-11,2020-01-01,,136353,500346,2
1361887,2019-12-11,2020-01-01,2019-12-31,136353,579331,1
1361888,2019-12-11,2020-01-01,,136481,875484,2
1361889,2019-12-11,2020-01-01,2019-12-26,136486,433452,1
1361890,2019-12-11,2020-01-01,,136576,497632,2
1361891,2019-12-11,2020-01-01,,136745,733390,2
1361892,2019-12-11,2020-01-01,,136924,184707,2
1361893,2019-12-11,2020-01-01,,137336,475915,2
1361894,2019-12-11,2020-01-01,2019-12-26,137377,537246,1
1361895,2019-12-11,2020-01-01,,137522,526770,2
1361896,2019-12-11,2020-01-01,,137535,466064,2
1361897,2019-12-11,2020-01-01,,137700,936908,2
1361898,2019-12-11,2020-01-01,,137853,699793,2
1361899,2019-12-11,2020-01-01,,138442,661211,2
1361900,2019-12-11,2020-01-01,,138454,811346,2
1361901,2019-12-11,2020-01-01,,138560,334811,2
1361902,2019-12-11,2020-01-01,,138565,554433,2
1361903,2019-12-11,2020-01-01,,138707,899777,2
1361904,2019-12-11,2020-01-01,2019-12-25,139050,553964,1
1361905,2019-12-11,2020-01-01,,139050,583153,2
1361906,2019-12-11,2020-01-01,,139050,661119,2
1361907,2019-12-11,2020-01-01,,139050,680977,2
1361908,2019-12-11,2020-01-01,2019-12-28,139050,750139,1
1361909,2019-12-11,2020-01-01,,139050,923337,2
1361910,2019-12-11,2020-01-01,,139234,215611,2
1361911,2019-12-11,2020-01-01,,139427,882962,2
1361912,2019-12-11,2020-01-01,2019-12-29,139787,638561,1
1361913,2019-12-11,2020-01-01,2019-12-30,139955,469717,1
1361914,2019-12-11,2020-01-01,2019-12-26,140037,539640,1
1361915,2019-12-11,2020-01-01,,140037,642985,2
1361916,2019-12-11,2020-01-01,,140117,130762,2
1361917,2019-12-11,2020-01-01,2019-12-23,140291,742781,1
1361918,2019-12-11,2020-01-01,,140311,379896,2
1361919,2019-12-11,2020-01-01,,140387,142781,2
1361920,2019-12-11,2020-01-01,,140402,236395,2
1361921,2019-12-11,2020-01-01,,140433,321342,2
1361922,2019-12-11,2020-01-01,,140557,620167,2
1361923,2019-12-11,2020-01-01,,140589,735876,2
1361924,2019-12-11,2020-01-01,,140589,741024,2
1361925,2019-12-11,2020-01-01,,140777,512434,2
1361926,2019-12-11,2020-01-01,,140843,317240,2
1361927,2019-12-11,2020-01-01,,140843,380365,2
1361928,2019-12-11,2020-01-01,,140843,689205,2
1361929,2019-12-11,2020-01-01,,140857,698943,2
1361930,2019-12-11,2020-01-01,,140910,512300,2
1361931,2019-12-11,2020-01-01,2019-12-30,141058,28326,1
1361932,2019-12-11,2020-01-01,,141193,268490,2
1361933,2019-12-11,2020-01-01,,141371,160788,2
1361934,2019-12-11,2020-01-01,,141371,504983,2
1361935,2019-12-11,2020-01-01,,141401,8885,2
1361936,2019-12-11,2020-01-01,,141402,200579,2
1361937,2019-12-11,2020-01-01,,141428,861318,2
1361938,2019-12-11,2020-01-01,,141437,446347,2
1361939,2019-12-11,2020-01-01,,141541,116112,2
1361940,2019-12-11,2020-01-01,,141541,419069,2
1361941,2019-12-11,2020-01-01,,141594,57466,2
1361942,2019-12-11,2020-01-01,,141609,213565,2
1361943,2019-12-11,2020-01-01,,141641,764488,2
1361944,2019-12-11,2020-01-01,,141707,553225,2
1361945,2019-12-11,2020-01-01,2019-12-27,141753,885168,1
1361946,2019-12-11,2020-01-01,,142027,946568,2
1361947,2019-12-11,2020-01-01,,142087,20791,2
1361948,2019-12-11,2020-01-01,,142186,550043,2
1361949,2019-12-11,2020-01-01,2019-12-30,142574,830024,1
1361950,2019-12-11,2020-01-01,,142655,545733,2
1361951,2019-12-11,2020-01-01,,142893,117207,2
1361952,2019-12-11,2020-01-01,,143033,196279,2
1361953,2019-12-11,2020-01-01,2019-12-29,143042,21056,1
1361954,2019-12-11,2020-01-01,,143152,101240,2
1361955,2019-12-11,2020-01-01,,143166,836738,2
1361956,2019-12-11,2020-01-01,2019-12-31,143304,14758,1
1361957,2019-12-11,2020-01-01,,143539,195564,2
1361958,2019-12-11,2020-01-01,,143542,56608,2
1361959,2019-12-11,2020-01-01,,143545,682060,2
1361960,2019-12-11,2020-01-01,,143558,240091,2
1361961,2019-12-11,2020-01-01,2019-12-22,143558,838581,1
1361962,2019-12-11,2020-01-01,,143666,72242,2
1361963,2019-12-11,2020-01-01,,143770,478041,2
1361964,2019-12-11,2020-01-01,,143848,726183,2
1361965,2019-12-11,2020-01-01,2019-12-25,143872,777681,1
1361966,2019-12-11,2020-01-01,,143880,79722,2
1361967,2019-12-11,2020-01-01,,143997,685980,2
1361968,2019-12-11,2020-01-01,,144406,555750,2
1361969,2019-12-11,2020-01-01,,144480,190219,2
1361970,2019-12-11,2020-01-01,2019-12-24,144529,421434,1
1361971,2019-12-11,2020-01-01,,144529,793117,2
1361972,2019-12-11,2020-01-01,,144787,698696,2
1361973,2019-12-11,2020-01-01,,144973,469847,2
1361974,2019-12-11,2020-01-01,,144994,109650,2
1361975,2019-12-11,2020-01-01,,144994,560040,2
1361976,2019-12-11,2020-01-01,,145050,720377,2
1361977,2019-12-11,2020-01-01,,145065,96171,2
1361978,2019-12-11,2020-01-01,,145065,253521,2
1361979,2019-12-11,2020-01-01,,145079,556669,2
1361980,2019-12-11,2020-01-01,,145085,618669,2
1361981,2019-12-11,2020-01-01,,145189,207094,2
1361982,2019-12-11,2020-01-01,,145218,469718,2
1361983,2019-12-11,2020-01-01,,145325,628590,2
1361984,2019-12-11,2020-01-01,,145821,795401,2
1361985,2019-12-11,2020-01-01,,146032,641363,2
1361986,2019-12-11,2020-01-01,,146078,322535,2
1361987,2019-12-11,2020-01-01,2019-12-25,146098,343136,1
1361988,2019-12-11,2020-01-01,,146246,256598,2
1361989,2019-12-11,2020-01-01,,146246,395246,2
1361990,2019-12-11,2020-01-01,,146246,617938,2
1361991,2019-12-11,2020-01-01,,146246,681719,2
1361992,2019-12-11,2020-01-01,,146356,169797,2
1361993,2019-12-11,2020-01-01,,146429,145211,2
1361994,2019-12-11,2020-01-01,2019-12-23,146506,589732,1
1361995,2019-12-11,2020-01-01,,146547,888565,2
1361996,2019-12-11,2020-01-01,,146636,148187,2
1361997,2019-12-11,2020-01-01,,146637,807323,2
1361998,2019-12-11,2020-01-01,2019-12-22,146733,947475,1
1361999,2019-12-11,2020-01-01,,146800,269660,2
1362000,2019-12-11,2020-01-01,,146954,193758,2
1362001,2019-12-11,2020-01-01,,147118,386650,2
1362002,2019-12-11,2020-01-01,,147127,647286,2
1362003,2019-12-11,2020-01-01,2019-12-27,147180,492688,1
1362004,2019-12-11,2020-01-01,,147180,841963,2
1362005,2019-12-11,2020-01-01,,147251,170939,2
1362006,2019-12-11,2020-01-01,,147446,17322,2
1362007,2019-12-11,2020-01-01,,147785,916291,2
1362008,2019-12-11,2020-01-01,,148074,784597,2
1362009,2019-12-11,2020-01-01,,148158,926249,2
1362010,2019-12-11,2020-01-01,,148189,712164,2
1362011,2019-12-11,2020-01-01,,148276,609452,2
1362012,2019-12-11,2020-01-01,,148366,469719,2
1362013,2019-12-11,2020-01-01,,148384,590855,2
1362014,2019-12-11,2020-01-01,,148434,72567,2
1362015,2019-12-11,2020-01-01,,148522,20256,2
1362016,2019-12-11,2020-01-01,,148573,504892,2
1362017,2019-12-11,2020-01-01,,148683,738408,2
1362018,2019-12-11,2020-01-01,,149025,716782,2
1362019,2019-12-11,2020-01-01,,149226,913408,2
1362020,2019-12-11,2020-01-01,,149268,28420,2
1362021,2019-12-11,2020-01-01,,149268,627950,2
1362022,2019-12-11,2020-01-01,,149534,769846,2
1362023,2019-12-11,2020-01-01,,149776,443674,2
1362024,2019-12-11,2020-01-01,,149791,686079,2
1362025,2019-12-11,2020-01-01,,149811,346768,2
1362026,2019-12-11,2020-01-01,2019-12-22,149840,247533,1
1362027,2019-12-11,2020-01-01,,149850,543573,2
1362028,2019-12-11,2020-01-01,,149969,923501,2
1362029,2019-12-11,2020-01-01,,150128,508984,2
1362030,2019-12-11,2020-01-01,,150191,42224,2
1362031,2019-12-11,2020-01-01,,150197,363861,2
1362032,2019-12-11,2020-01-01,,150220,227389,2
1362033,2019-12-11,2020-01-01,2019-12-29,150245,840489,1
1362034,2019-12-11,2020-01-01,,150330,153709,2
1362035,2019-12-11,2020-01-01,,150352,388394,2
1362036,2019-12-11,2020-01-01,2019-12-28,150375,734918,1
1362037,2019-12-11,2020-01-01,,150469,163945,2
1362038,2019-12-11,2020-01-01,,150516,223037,2
1362039,2019-12-11,2020-01-01,2019-12-25,150618,641884,1
1362040,2019-12-11,2020-01-01,2019-12-27,150770,598617,1
1362041,2019-12-11,2020-01-01,,150770,744296,2
1362042,2019-12-11,2020-01-01,2019-12-29,150822,217886,1
1362043,2019-12-11,2020-01-01,,150829,97850,2
1362044,2019-12-11,2020-01-01,,151013,679004,2
1362045,2019-12-11,2020-01-01,,151066,357873,2
1362046,2019-12-11,2020-01-01,,151146,537247,2
1362047,2019-12-11,2020-01-01,2019-12-31,151222,934315,1
1362048,2019-12-11,2020-01-01,,151324,79489,2
1362049,2019-12-11,2020-01-01,,151324,116616,2
1362050,2019-12-11,2020-01-01,,151324,472566,2
1362051,2019-12-11,2020-01-01,,151324,474973,2
1362052,2019-12-11,2020-01-01,,151324,522951,2
1362053,2019-12-11,2020-01-01,,151674,307833,2
1362054,2019-12-11,2020-01-01,,151807,827266,2
1362055,2019-12-11,2020-01-01,,151860,335889,2
1362056,2019-12-11,2020-01-01,,151934,492513,2
1362057,2019-12-11,2020-01-01,,152033,572231,2
1362058,2019-12-11,2020-01-01,,152158,233154,2
1362059,2019-12-11,2020-01-01,,152337,233286,2
1362060,2019-12-11,2020-01-01,2019-12-30,152445,492941,1
1362061,2019-12-11,2020-01-01,,152692,519116,2
1362062,2019-12-11,2020-01-01,2019-12-23,152709,365643,1
1362063,2019-12-11,2020-01-01,,152737,114994,2
1362064,2019-12-11,2020-01-01,,153147,757670,2
1362065,2019-12-11,2020-01-01,,153175,587304,2
1362066,2019-12-11,2020-01-01,,153401,843281,2
1362067,2019-12-11,2020-01-01,,153493,723112,2
1362068,2019-12-11,2020-01-01,,153680,616760,2
1362069,2019-12-11,2020-01-01,,153765,506666,2
1362070,2019-12-11,2020-01-01,,153819,104208,2
1362071,2019-12-11,2020-01-01,,154017,881760,2
1362072,2019-12-11,2020-01-01,,154140,242334,2
1362073,2019-12-11,2020-01-01,,154633,502542,2
1362074,2019-12-11,2020-01-01,,154798,167822,2
1362075,2019-12-11,2020-01-01,,154876,144411,2
1362076,2019-12-11,2020-01-01,,154891,744656,2
1362077,2019-12-11,2020-01-01,2019-12-22,154902,460040,1
1362078,2019-12-11,2020-01-01,,154904,546907,2
1362079,2019-12-11,2020-01-01,2019-12-24,155047,174438,1
1362080,2019-12-11,2020-01-01,,155195,222256,2
1362081,2019-12-11,2020-01-01,,155753,15483,2
1362082,2019-12-11,2020-01-01,2019-12-31,155767,877983,1
1362083,2019-12-11,2020-01-01,2019-12-30,155833,31805,1
1362084,2019-12-11,2020-01-01,,155926,482378,2
1362085,2019-12-11,2020-01-01,,156030,38662,2
1362086,2019-12-11,2020-01-01,2019-12-25,156121,157694,1
1362087,2019-12-11,2020-01-01,,156236,281119,2
1362088,2019-12-11,2020-01-01,2019-12-29,156456,290768,1
1362089,2019-12-11,2020-01-01,,156911,699007,2
1362090,2019-12-11,2020-01-01,,156932,116010,2
1362091,2019-12-11,2020-01-01,,156932,558539,2
1362092,2019-12-11,2020-01-01,,156932,669459,2
1362093,2019-12-11,2020-01-01,,156932,785079,2
1362094,2019-12-11,2020-01-01,,156932,930415,2
1362095,2019-12-11,2020-01-01,,156968,101535,2
1362096,2019-12-11,2020-01-01,2019-12-31,156985,343259,1
1362097,2019-12-11,2020-01-01,,157012,421159,2
1362098,2019-12-11,2020-01-01,,157169,875600,2
1362099,2019-12-11,2020-01-01,,157514,41599,2
1362100,2019-12-11,2020-01-01,,157690,262358,2
1362101,2019-12-11,2020-01-01,,157698,925419,2
1362102,2019-12-11,2020-01-01,,157871,549574,2
1362103,2019-12-11,2020-01-01,2019-12-26,158014,728546,1
1362104,2019-12-11,2020-01-01,,158077,231042,2
1362105,2019-12-11,2020-01-01,2019-12-28,158110,790503,1
1362106,2019-12-11,2020-01-01,,158120,846149,2
1362107,2019-12-11,2020-01-01,,158124,10335,2
1362108,2019-12-11,2020-01-01,,158130,581253,2
1362109,2019-12-11,2020-01-01,,158139,146377,2
1362110,2019-12-11,2020-01-01,,158287,319769,2
1362111,2019-12-11,2020-01-01,,158499,195871,2
1362112,2019-12-11,2020-01-01,,158686,570684,2
1362113,2019-12-11,2020-01-01,,158686,684528,2
1362114,2019-12-11,2020-01-01,,158686,851115,2
1362115,2019-12-11,2020-01-01,,158702,59110,2
1362116,2019-12-11,2020-01-01,,158702,88552,2
1362117,2019-12-11,2020-01-01,,158824,872674,2
1362118,2019-12-11,2020-01-01,2019-12-26,159149,400347,1
1362119,2019-12-11,2020-01-01,,159352,469819,2
1362120,2019-12-11,2020-01-01,,159369,443707,2
1362121,2019-12-11,2020-01-01,,159573,103940,2
1362122,2019-12-12,2020-01-02,,51,285919,2
1362123,2019-12-12,2020-01-02,2019-12-29,156,858654,1
1362124,2019-12-12,2020-01-02,,362,361821,2
1362125,2019-12-12,2020-01-02,,388,855957,2
1362126,2019-12-12,2020-01-02,2019-12-25,779,254182,1
1362127,2019-12-12,2020-01-02,,1030,600690,2
1362128,2019-12-12,2020-01-02,,1077,513175,2
1362129,2019-12-12,2020-01-02,,1081,44476,2
1362130,2019-12-12,2020-01-02,,1081,244924,2
1362131,2019-12-12,2020-01-02,2019-12-24,1447,179052,1
1362132,2019-12-12,2020-01-02,,1447,648847,2
1362133,2019-12-12,2020-01-02,,1529,905467,2
1362134,2019-12-12,2020-01-02,,1578,385134,2
1362135,2019-12-12,2020-01-02,,1586,699840,2
1362136,2019-12-12,2020-01-02,2019-12-30,1770,692913,1
1362137,2019-12-12,2020-01-02,2019-12-28,1819,827433,1
1362138,2019-12-12,2020-01-02,,1923,683287,2
1362139,2019-12-12,2020-01-02,2019-12-23,1930,638566,1
1362140,2019-12-12,2020-01-02,,2084,21485,2
1362141,2019-12-12,2020-01-02,,2134,117274,2
1362142,2019-12-12,2020-01-02,,2375,744619,2
1362143,2019-12-12,2020-01-02,,2443,723287,2
1362144,2019-12-12,2020-01-02,,2471,806276,2
1362145,2019-12-12,2020-01-02,2019-12-27,2531,418194,1
1362146,2019-12-12,2020-01-02,,2639,489823,2
1362147,2019-12-12,2020-01-02,2019-12-30,2691,518733,1
1362148,2019-12-12,2020-01-02,2019-12-27,2706,95627,1
1362149,2019-12-12,2020-01-02,,2719,609838,2
1362150,2019-12-12,2020-01-02,2019-12-24,2719,710358,1
1362151,2019-12-12,2020-01-02,,2913,846571,2
1362152,2019-12-12,2020-01-02,2019-12-30,3194,561499,1
1362153,2019-12-12,2020-01-02,,3424,876244,2
1362154,2019-12-12,2020-01-02,,3623,823876,2
1362155,2019-12-12,2020-01-02,,3738,652583,2
1362156,2019-12-12,2020-01-02,,3799,819789,2
1362157,2019-12-12,2020-01-02,,3819,469380,2
1362158,2019-12-12,2020-01-02,,4129,607090,2
1362159,2019-12-12,2020-01-02,,4341,300241,2
1362160,2019-12-12,2020-01-02,,4626,327775,2
1362161,2019-12-12,2020-01-02,,4646,283578,2
1362162,2019-12-12,2020-01-02,,4707,926164,2
1362163,2019-12-12,2020-01-02,,4773,64659,2
1362164,2019-12-12,2020-01-02,2019-12-29,4832,775713,1
1362165,2019-12-12,2020-01-02,,4862,49248,2
1362166,2019-12-12,2020-01-02,,5682,510163,2
1362167,2019-12-12,2020-01-02,,5829,828881,2
1362168,2019-12-12,2020-01-02,,5979,103971,2
1362169,2019-12-12,2020-01-02,,6006,615311,2
1362170,2019-12-12,2020-01-02,2019-12-30,6006,885325,1
1362171,2019-12-12,2020-01-02,,6101,386205,2
1362172,2019-12-12,2020-01-02,,6135,749271,2
1362173,2019-12-12,2020-01-02,,6141,698848,2
1362174,2019-12-12,2020-01-02,,6193,606679,2
1362175,2019-12-12,2020-01-02,,6193,705816,2
1362176,2019-12-12,2020-01-02,,6517,98864,2
1362177,2019-12-12,2020-01-02,2019-12-27,6517,342034,1
1362178,2019-12-12,2020-01-02,2019-12-29,6571,823259,1
1362179,2019-12-12,2020-01-02,,6595,811433,2
1362180,2019-12-12,2020-01-02,,6619,365644,2
1362181,2019-12-12,2020-01-02,,6619,532160,2
1362182,2019-12-12,2020-01-02,,6631,557752,2
1362183,2019-12-12,2020-01-02,,6725,421435,2
1362184,2019-12-12,2020-01-02,,6845,524775,2
1362185,2019-12-12,2020-01-02,,6845,727090,2
1362186,2019-12-12,2020-01-02,2019-12-30,6845,833192,1
1362187,2019-12-12,2020-01-02,,7075,524174,2
1362188,2019-12-12,2020-01-02,2019-12-30,7094,429087,1
1362189,2019-12-12,2020-01-02,,7094,678283,2
1362190,2019-12-12,2020-01-02,,7163,504099,2
1362191,2019-12-12,2020-01-02,,7244,337191,2
1362192,2019-12-12,2020-01-02,2019-12-31,7507,45006,1
1362193,2019-12-12,2020-01-02,,7544,580040,2
1362194,2019-12-12,2020-01-02,,7727,236057,2
1362195,2019-12-12,2020-01-02,2019-12-30,7964,688435,1
1362196,2019-12-12,2020-01-02,,8064,311249,2
1362197,2019-12-12,2020-01-02,,8330,499631,2
1362198,2019-12-12,2020-01-02,,8639,550585,2
1362199,2019-12-12,2020-01-02,,8747,618222,2
1362200,2019-12-12,2020-01-02,,8772,625073,2
1362201,2019-12-12,2020-01-02,,8829,461682,2
1362202,2019-12-12,2020-01-02,,8859,583154,2
1362203,2019-12-12,2020-01-02,2019-12-28,9098,625209,1
1362204,2019-12-12,2020-01-02,,9103,161458,2
1362205,2019-12-12,2020-01-02,,9378,48734,2
1362206,2019-12-12,2020-01-02,2019-12-30,9378,148605,1
1362207,2019-12-12,2020-01-02,,9378,471505,2
1362208,2019-12-12,2020-01-02,,9378,657715,2
1362209,2019-12-12,2020-01-02,,9619,646365,2
1362210,2019-12-12,2020-01-02,,9793,442357,2
1362211,2019-12-12,2020-01-02,,9955,648768,2
1362212,2019-12-12,2020-01-02,,10021,427671,2
1362213,2019-12-12,2020-01-02,,10021,648803,2
1362214,2019-12-12,2020-01-02,,10021,819851,2
1362215,2019-12-12,2020-01-02,,10183,105243,2
1362216,2019-12-12,2020-01-02,,10220,527251,2
1362217,2019-12-12,2020-01-02,,10220,614068,2
1362218,2019-12-12,2020-01-02,,10492,630563,2
1362219,2019-12-12,2020-01-02,,10602,170926,2
1362220,2019-12-12,2020-01-02,,10796,895712,2
1362221,2019-12-12,2020-01-02,,10839,60640,2
1362222,2019-12-12,2020-01-02,,10839,495658,2
1362223,2019-12-12,2020-01-02,,10865,669593,2
1362224,2019-12-12,2020-01-02,,10917,218914,2
1362225,2019-12-12,2020-01-02,,10996,589123,2
1362226,2019-12-12,2020-01-02,2019-12-23,11138,870201,1
1362227,2019-12-12,2020-01-02,,11217,932140,2
1362228,2019-12-12,2020-01-02,,11365,582064,2
1362229,2019-12-12,2020-01-02,,11390,160037,2
1362230,2019-12-12,2020-01-02,,11424,182864,2
1362231,2019-12-12,2020-01-02,,11424,283582,2
1362232,2019-12-12,2020-01-02,,11424,323206,2
1362233,2019-12-12,2020-01-02,,11424,345963,2
1362234,2019-12-12,2020-01-02,2019-12-30,11424,541376,1
1362235,2019-12-12,2020-01-02,,11424,689149,2
1362236,2019-12-12,2020-01-02,,11424,844941,2
1362237,2019-12-12,2020-01-02,,11424,884095,2
1362238,2019-12-12,2020-01-02,2019-12-28,11458,522952,1
1362239,2019-12-12,2020-01-02,,11458,671892,2
1362240,2019-12-12,2020-01-02,,11832,906486,2
1362241,2019-12-12,2020-01-02,,11854,565541,2
1362242,2019-12-12,2020-01-02,2019-12-25,11854,611837,1
1362243,2019-12-12,2020-01-02,,11854,623753,2
1362244,2019-12-12,2020-01-02,,11858,564476,2
1362245,2019-12-12,2020-01-02,,11858,891436,2
1362246,2019-12-12,2020-01-02,2019-12-28,11896,516429,1
1362247,2019-12-12,2020-01-02,,11961,511401,2
1362248,2019-12-12,2020-01-02,,12015,61327,2
1362249,2019-12-12,2020-01-02,,12015,174254,2
1362250,2019-12-12,2020-01-02,,12015,949140,2
1362251,2019-12-12,2020-01-02,,12159,569173,2
1362252,2019-12-12,2020-01-02,,12540,116474,2
1362253,2019-12-12,2020-01-02,2019-12-30,12599,776199,1
1362254,2019-12-12,2020-01-02,,12683,790308,2
1362255,2019-12-12,2020-01-02,,12846,501714,2
1362256,2019-12-12,2020-01-02,,12931,402487,2
1362257,2019-12-12,2020-01-02,,13124,844991,2
1362258,2019-12-12,2020-01-02,,13406,561189,2
1362259,2019-12-12,2020-01-02,,13689,589946,2
1362260,2019-12-12,2020-01-02,,13851,869473,2
1362261,2019-12-12,2020-01-02,,13936,363590,2
1362262,2019-12-12,2020-01-02,,14009,61316,2
1362263,2019-12-12,2020-01-02,,14356,907722,2
1362264,2019-12-12,2020-01-02,,14369,229460,2
1362265,2019-12-12,2020-01-02,2019-12-28,14369,287732,1
1362266,2019-12-12,2020-01-02,2019-12-30,14660,460293,1
1362267,2019-12-12,2020-01-02,,14864,280256,2
1362268,2019-12-12,2020-01-02,,14867,700053,2
1362269,2019-12-12,2020-01-02,,14881,183040,2
1362270,2019-12-12,2020-01-02,,15137,192693,2
1362271,2019-12-12,2020-01-02,,15228,2519,2
1362272,2019-12-12,2020-01-02,,15580,698944,2
1362273,2019-12-12,2020-01-02,2019-12-27,15670,808805,1
1362274,2019-12-12,2020-01-02,,15937,21909,2
1362275,2019-12-12,2020-01-02,2019-12-31,15992,64358,1
1362276,2019-12-12,2020-01-02,2019-12-27,15992,157688,1
1362277,2019-12-12,2020-01-02,,15992,350697,2
1362278,2019-12-12,2020-01-02,2019-12-31,15992,405857,1
1362279,2019-12-12,2020-01-02,2019-12-28,15992,490197,1
1362280,2019-12-12,2020-01-02,2019-12-30,15992,520800,1
1362281,2019-12-12,2020-01-02,,15992,652646,2
1362282,2019-12-12,2020-01-02,,16219,140154,2
1362283,2019-12-12,2020-01-02,,16329,240191,2
1362284,2019-12-12,2020-01-02,2019-12-31,16348,476014,1
1362285,2019-12-12,2020-01-02,,16348,601287,2
1362286,2019-12-12,2020-01-02,,16348,770793,2
1362287,2019-12-12,2020-01-02,2019-12-28,16417,435463,1
1362288,2019-12-12,2020-01-02,,16499,750852,2
1362289,2019-12-12,2020-01-02,,16614,722830,2
1362290,2019-12-12,2020-01-02,,16751,949777,2
1362291,2019-12-12,2020-01-02,,16753,774450,2
1362292,2019-12-12,2020-01-02,,16799,606876,2
1362293,2019-12-12,2020-01-02,,17060,656941,2
1362294,2019-12-12,2020-01-02,,17152,289943,2
1362295,2019-12-12,2020-01-02,,17152,726202,2
1362296,2019-12-12,2020-01-02,2019-12-24,17277,156655,1
1362297,2019-12-12,2020-01-02,,17277,490718,2
1362298,2019-12-12,2020-01-02,,17277,671814,2
1362299,2019-12-12,2020-01-02,2019-12-30,17277,771282,1
1362300,2019-12-12,2020-01-02,2019-12-24,17277,934414,1
1362301,2019-12-12,2020-01-02,,17308,168361,2
1362302,2019-12-12,2020-01-02,,17440,635918,2
1362303,2019-12-12,2020-01-02,,17500,630950,2
1362304,2019-12-12,2020-01-02,,17559,844992,2
1362305,2019-12-12,2020-01-02,,17578,269760,2
1362306,2019-12-12,2020-01-02,,17770,160041,2
1362307,2019-12-12,2020-01-02,,17827,923106,2
1362308,2019-12-12,2020-01-02,,17854,46133,2
1362309,2019-12-12,2020-01-02,2019-12-28,17933,24485,1
1362310,2019-12-12,2020-01-02,,17986,658889,2
1362311,2019-12-12,2020-01-02,,18052,607290,2
1362312,2019-12-12,2020-01-02,,18427,212633,2
1362313,2019-12-12,2020-01-02,,18487,717496,2
1362314,2019-12-12,2020-01-02,,18579,18254,2
1362315,2019-12-12,2020-01-02,,18579,938311,2
1362316,2019-12-12,2020-01-02,,18581,289862,2
1362317,2019-12-12,2020-01-02,,18673,81310,2
1362318,2019-12-12,2020-01-02,,18673,161729,2
1362319,2019-12-12,2020-01-02,,18673,364526,2
1362320,2019-12-12,2020-01-02,,18673,641402,2
1362321,2019-12-12,2020-01-02,,18673,647857,2
1362322,2019-12-12,2020-01-02,,18673,721013,2
1362323,2019-12-12,2020-01-02,,18688,211358,2
1362324,2019-12-12,2020-01-02,,18779,271329,2
1362325,2019-12-12,2020-01-02,,18817,24385,2
1362326,2019-12-12,2020-01-02,2019-12-29,18817,321359,1
1362327,2019-12-12,2020-01-02,,19017,788548,2
1362328,2019-12-12,2020-01-02,,19164,480964,2
1362329,2019-12-12,2020-01-02,,19164,685418,2
1362330,2019-12-12,2020-01-02,,19267,301442,2
1362331,2019-12-12,2020-01-02,,19333,71178,2
1362332,2019-12-12,2020-01-02,,19436,681482,2
1362333,2019-12-12,2020-01-02,,19443,700864,2
1362334,2019-12-12,2020-01-02,,19512,375001,2
1362335,2019-12-12,2020-01-02,,19682,191429,2
1362336,2019-12-12,2020-01-02,,20052,479598,2
1362337,2019-12-12,2020-01-02,,20217,104157,2
1362338,2019-12-12,2020-01-02,,20448,449814,2
1362339,2019-12-12,2020-01-02,,20466,832622,2
1362340,2019-12-12,2020-01-02,,20491,531306,2
1362341,2019-12-12,2020-01-02,,20513,500778,2
1362342,2019-12-12,2020-01-02,,20769,359898,2
1362343,2019-12-12,2020-01-02,2019-12-24,20817,765661,1
1362344,2019-12-12,2020-01-02,,20818,717311,2
1362345,2019-12-12,2020-01-02,,20818,945916,2
1362346,2019-12-12,2020-01-02,,20941,513598,2
1362347,2019-12-12,2020-01-02,,21208,417672,2
1362348,2019-12-12,2020-01-02,,21244,14444,2
1362349,2019-12-12,2020-01-02,,21277,908027,2
1362350,2019-12-12,2020-01-02,,21372,805617,2
1362351,2019-12-12,2020-01-02,,21488,475315,2
1362352,2019-12-12,2020-01-02,,21503,310389,2
1362353,2019-12-12,2020-01-02,,21503,364758,2
1362354,2019-12-12,2020-01-02,2019-12-30,21570,758492,1
1362355,2019-12-12,2020-01-02,,21622,878249,2
1362356,2019-12-12,2020-01-02,,21697,859125,2
1362357,2019-12-12,2020-01-02,,21751,481664,2
1362358,2019-12-12,2020-01-02,,21773,737184,2
1362359,2019-12-12,2020-01-02,,21830,206388,2
1362360,2019-12-12,2020-01-02,,21845,766277,2
1362361,2019-12-12,2020-01-02,,22018,1976,2
1362362,2019-12-12,2020-01-02,,22036,916111,2
1362363,2019-12-12,2020-01-02,,22047,796382,2
1362364,2019-12-12,2020-01-02,,22061,518796,2
1362365,2019-12-12,2020-01-02,,22142,388151,2
1362366,2019-12-12,2020-01-02,,22153,232910,2
1362367,2019-12-12,2020-01-02,,22537,159850,2
1362368,2019-12-12,2020-01-02,,22630,578932,2
1362369,2019-12-12,2020-01-02,,22695,734232,2
1362370,2019-12-12,2020-01-02,,22731,695337,2
1362371,2019-12-12,2020-01-02,,22874,281978,2
1362372,2019-12-12,2020-01-02,,23179,404474,2
1362373,2019-12-12,2020-01-02,,23671,612344,2
1362374,2019-12-12,2020-01-02,2019-12-23,24144,874571,1
1362375,2019-12-12,2020-01-02,,24157,86246,2
1362376,2019-12-12,2020-01-02,,24316,91973,2
1362377,2019-12-12,2020-01-02,,24508,471506,2
1362378,2019-12-12,2020-01-02,,24508,640621,2
1362379,2019-12-12,2020-01-02,,24552,208028,2
1362380,2019-12-12,2020-01-02,,24638,696824,2
1362381,2019-12-12,2020-01-02,,24708,729537,2
1362382,2019-12-12,2020-01-02,2019-12-29,24708,770794,1
1362383,2019-12-12,2020-01-02,,24850,819594,2
1362384,2019-12-12,2020-01-02,,24959,49518,2
1362385,2019-12-12,2020-01-02,,25063,700301,2
1362386,2019-12-12,2020-01-02,,25080,86051,2
1362387,2019-12-12,2020-01-02,,25116,116681,2
1362388,2019-12-12,2020-01-02,,25661,442618,2
1362389,2019-12-12,2020-01-02,,25683,844942,2
1362390,2019-12-12,2020-01-02,,25741,104357,2
1362391,2019-12-12,2020-01-02,,25741,348452,2
1362392,2019-12-12,2020-01-02,,25758,286240,2
1362393,2019-12-12,2020-01-02,,25850,651158,2
1362394,2019-12-12,2020-01-02,,26129,643823,2
1362395,2019-12-12,2020-01-02,,26357,773819,2
1362396,2019-12-12,2020-01-02,,26371,303306,2
1362397,2019-12-12,2020-01-02,,26440,698945,2
1362398,2019-12-12,2020-01-02,,26471,188011,2
1362399,2019-12-12,2020-01-02,,26522,265626,2
1362400,2019-12-12,2020-01-02,,26628,258495,2
1362401,2019-12-12,2020-01-02,2019-12-27,26792,276260,1
1362402,2019-12-12,2020-01-02,,27266,147269,2
1362403,2019-12-12,2020-01-02,,27266,311865,2
1362404,2019-12-12,2020-01-02,,27266,750145,2
1362405,2019-12-12,2020-01-02,,27266,927247,2
1362406,2019-12-12,2020-01-02,,27501,805882,2
1362407,2019-12-12,2020-01-02,,27519,444709,2
1362408,2019-12-12,2020-01-02,2019-12-27,27684,275794,1
1362409,2019-12-12,2020-01-02,2019-12-29,27684,759753,1
1362410,2019-12-12,2020-01-02,,27780,339504,2
1362411,2019-12-12,2020-01-02,2019-12-29,27807,656534,1
1362412,2019-12-12,2020-01-02,,27822,532061,2
1362413,2019-12-12,2020-01-02,,28029,212321,2
1362414,2019-12-12,2020-01-02,,28029,261069,2
1362415,2019-12-12,2020-01-02,2019-12-31,28029,366963,1
1362416,2019-12-12,2020-01-02,,28029,430941,2
1362417,2019-12-12,2020-01-02,2019-12-31,28144,93670,1
1362418,2019-12-12,2020-01-02,2019-12-27,28209,254813,1
1362419,2019-12-12,2020-01-02,,28209,363517,2
1362420,2019-12-12,2020-01-02,2019-12-31,28233,242796,1
1362421,2019-12-12,2020-01-02,,28847,200181,2
1362422,2019-12-12,2020-01-02,,28847,950726,2
1362423,2019-12-12,2020-01-02,,28931,233992,2
1362424,2019-12-12,2020-01-02,,28931,482619,2
1362425,2019-12-12,2020-01-02,,28950,517964,2
1362426,2019-12-12,2020-01-02,,28971,127615,2
1362427,2019-12-12,2020-01-02,,28971,896316,2
1362428,2019-12-12,2020-01-02,2019-12-28,29155,756332,1
1362429,2019-12-12,2020-01-02,,29556,228163,2
1362430,2019-12-12,2020-01-02,,29561,494386,2
1362431,2019-12-12,2020-01-02,,29565,257315,2
1362432,2019-12-12,2020-01-02,2019-12-30,29711,420892,1
1362433,2019-12-12,2020-01-02,,29796,795459,2
1362434,2019-12-12,2020-01-02,,29882,16822,2
1362435,2019-12-12,2020-01-02,,29916,932512,2
1362436,2019-12-12,2020-01-02,,29984,728805,2
1362437,2019-12-12,2020-01-02,,30164,800818,2
1362438,2019-12-12,2020-01-02,2019-12-24,30180,757166,1
1362439,2019-12-12,2020-01-02,2019-12-24,30194,638999,1
1362440,2019-12-12,2020-01-02,,30209,245058,2
1362441,2019-12-12,2020-01-02,,30379,758509,2
1362442,2019-12-12,2020-01-02,,30639,795568,2
1362443,2019-12-12,2020-01-02,,30874,422802,2
1362444,2019-12-12,2020-01-02,,30883,633308,2
1362445,2019-12-12,2020-01-02,,31025,103972,2
1362446,2019-12-12,2020-01-02,,31155,474177,2
1362447,2019-12-12,2020-01-02,,31162,176377,2
1362448,2019-12-12,2020-01-02,,31162,456350,2
1362449,2019-12-12,2020-01-02,,31231,907162,2
1362450,2019-12-12,2020-01-02,,31416,608128,2
1362451,2019-12-12,2020-01-02,,31445,573589,2
1362452,2019-12-12,2020-01-02,,31708,571646,2
1362453,2019-12-12,2020-01-02,,31882,151904,2
1362454,2019-12-12,2020-01-02,,31923,212837,2
1362455,2019-12-12,2020-01-02,2019-12-23,31929,518817,1
1362456,2019-12-12,2020-01-02,,32090,637617,2
1362457,2019-12-12,2020-01-02,,32166,317825,2
1362458,2019-12-12,2020-01-02,2019-12-27,32166,446072,1
1362459,2019-12-12,2020-01-02,2019-12-30,32166,727632,1
1362460,2019-12-12,2020-01-02,,32176,90901,2
1362461,2019-12-12,2020-01-02,,32309,447639,2
1362462,2019-12-12,2020-01-02,,32317,689739,2
1362463,2019-12-12,2020-01-02,,32317,819867,2
1362464,2019-12-12,2020-01-02,,32522,603862,2
1362465,2019-12-12,2020-01-02,,32605,230242,2
1362466,2019-12-12,2020-01-02,,32681,17450,2
1362467,2019-12-12,2020-01-02,,32681,173540,2
1362468,2019-12-12,2020-01-02,,32970,443635,2
1362469,2019-12-12,2020-01-02,,33055,862104,2
1362470,2019-12-12,2020-01-02,,33088,116992,2
1362471,2019-12-12,2020-01-02,,33089,856721,2
1362472,2019-12-12,2020-01-02,2019-12-23,33119,133204,1
1362473,2019-12-12,2020-01-02,2019-12-26,33147,752412,1
1362474,2019-12-12,2020-01-02,,33293,439216,2
1362475,2019-12-12,2020-01-02,,33415,250673,2
1362476,2019-12-12,2020-01-02,2019-12-28,33415,416744,1
1362477,2019-12-12,2020-01-02,2019-12-27,33415,822964,1
1362478,2019-12-12,2020-01-02,,33416,25618,2
1362479,2019-12-12,2020-01-02,,33416,394325,2
1362480,2019-12-12,2020-01-02,,33427,407401,2
1362481,2019-12-12,2020-01-02,2019-12-26,33533,712343,1
1362482,2019-12-12,2020-01-02,,33657,839240,2
1362483,2019-12-12,2020-01-02,,33882,919188,2
1362484,2019-12-12,2020-01-02,,33944,584382,2
1362485,2019-12-12,2020-01-02,2019-12-31,34074,598621,1
1362486,2019-12-12,2020-01-02,2019-12-27,34074,670071,1
1362487,2019-12-12,2020-01-02,,34074,744308,2
1362488,2019-12-12,2020-01-02,,34082,698697,2
1362489,2019-12-12,2020-01-02,2019-12-26,34312,683521,1
1362490,2019-12-12,2020-01-02,,34324,500448,2
1362491,2019-12-12,2020-01-02,,34444,661151,2
1362492,2019-12-12,2020-01-02,,34444,837229,2
1362493,2019-12-12,2020-01-02,2019-12-30,34463,181615,1
1362494,2019-12-12,2020-01-02,,34823,795361,2
1362495,2019-12-12,2020-01-02,2019-12-27,34844,455347,1
1362496,2019-12-12,2020-01-02,,34844,750443,2
1362497,2019-12-12,2020-01-02,2019-12-23,34850,494462,1
1362498,2019-12-12,2020-01-02,2019-12-30,35110,380694,1
1362499,2019-12-12,2020-01-02,,35323,317234,2
1362500,2019-12-12,2020-01-02,,35462,533414,2
1362501,2019-12-12,2020-01-02,,35486,476930,2
1362502,2019-12-12,2020-01-02,,35559,280143,2
1362503,2019-12-12,2020-01-02,2019-12-27,35657,340623,1
1362504,2019-12-12,2020-01-02,,35912,841871,2
1362505,2019-12-12,2020-01-02,,36066,127730,2
1362506,2019-12-12,2020-01-02,,36216,926509,2
1362507,2019-12-12,2020-01-02,2019-12-27,36534,927149,1
1362508,2019-12-12,2020-01-02,,36613,123832,2
1362509,2019-12-12,2020-01-02,,36617,554975,2
1362510,2019-12-12,2020-01-02,2019-12-31,36783,252969,1
1362511,2019-12-12,2020-01-02,,36989,948820,2
1362512,2019-12-12,2020-01-02,2019-12-30,37172,15461,1
1362513,2019-12-12,2020-01-02,,37640,37172,2
1362514,2019-12-12,2020-01-02,,37796,306972,2
1362515,2019-12-12,2020-01-02,,37797,822892,2
1362516,2019-12-12,2020-01-02,2019-12-29,37848,416577,1
1362517,2019-12-12,2020-01-02,,37996,2461,2
1362518,2019-12-12,2020-01-02,,38052,198916,2
1362519,2019-12-12,2020-01-02,,38292,36555,2
1362520,2019-12-12,2020-01-02,,38295,640660,2
1362521,2019-12-12,2020-01-02,,38355,108782,2
1362522,2019-12-12,2020-01-02,,38459,858511,2
1362523,2019-12-12,2020-01-02,,38574,806495,2
1362524,2019-12-12,2020-01-02,,38767,843801,2
1362525,2019-12-12,2020-01-02,,38795,915914,2
1362526,2019-12-12,2020-01-02,,38860,635360,2
1362527,2019-12-12,2020-01-02,,38954,228071,2
1362528,2019-12-12,2020-01-02,,39017,231659,2
1362529,2019-12-12,2020-01-02,,39083,344238,2
1362530,2019-12-12,2020-01-02,,39247,469848,2
1362531,2019-12-12,2020-01-02,,39313,220295,2
1362532,2019-12-12,2020-01-02,,39650,845028,2
1362533,2019-12-12,2020-01-02,,39714,321934,2
1362534,2019-12-12,2020-01-02,,39720,809061,2
1362535,2019-12-12,2020-01-02,,39786,440208,2
1362536,2019-12-12,2020-01-02,,39825,320891,2
1362537,2019-12-12,2020-01-02,,40083,736265,2
1362538,2019-12-12,2020-01-02,,40240,726979,2
1362539,2019-12-12,2020-01-02,,40264,94063,2
1362540,2019-12-12,2020-01-02,,40289,898890,2
1362541,2019-12-12,2020-01-02,,40298,674036,2
1362542,2019-12-12,2020-01-02,,40401,829024,2
1362543,2019-12-12,2020-01-02,,40499,783526,2
1362544,2019-12-12,2020-01-02,,40640,774345,2
1362545,2019-12-12,2020-01-02,,40648,874639,2
1362546,2019-12-12,2020-01-02,,40661,579319,2
1362547,2019-12-12,2020-01-02,2019-12-26,40712,841830,1
1362548,2019-12-12,2020-01-02,,40908,503274,2
1362549,2019-12-12,2020-01-02,2019-12-31,40908,709673,1
1362550,2019-12-12,2020-01-02,,40908,955484,2
1362551,2019-12-12,2020-01-02,,40991,575060,2
1362552,2019-12-12,2020-01-02,2019-12-30,41006,553871,1
1362553,2019-12-12,2020-01-02,,41025,17759,2
1362554,2019-12-12,2020-01-02,2019-12-26,41040,705504,1
1362555,2019-12-12,2020-01-02,2019-12-23,41115,350340,1
1362556,2019-12-12,2020-01-02,,41130,468638,2
1362557,2019-12-12,2020-01-02,2019-12-28,41130,837180,1
1362558,2019-12-12,2020-01-02,,41340,95328,2
1362559,2019-12-12,2020-01-02,,41499,191461,2
1362560,2019-12-12,2020-01-02,,41640,99660,2
1362561,2019-12-12,2020-01-02,,41886,121579,2
1362562,2019-12-12,2020-01-02,2019-12-29,41941,547821,1
1362563,2019-12-12,2020-01-02,,42175,44862,2
1362564,2019-12-12,2020-01-02,,42262,634141,2
1362565,2019-12-12,2020-01-02,,42447,875291,2
1362566,2019-12-12,2020-01-02,,42763,759266,2
1362567,2019-12-12,2020-01-02,,42788,114824,2
1362568,2019-12-12,2020-01-02,,42826,131746,2
1362569,2019-12-12,2020-01-02,,42873,729426,2
1362570,2019-12-12,2020-01-02,2019-12-30,43068,30977,1
1362571,2019-12-12,2020-01-02,,43122,5491,2
1362572,2019-12-12,2020-01-02,,43431,815297,2
1362573,2019-12-12,2020-01-02,,43503,882970,2
1362574,2019-12-12,2020-01-02,,43564,671368,2
1362575,2019-12-12,2020-01-02,,43615,124100,2
1362576,2019-12-12,2020-01-02,,43615,365645,2
1362577,2019-12-12,2020-01-02,,43615,729538,2
1362578,2019-12-12,2020-01-02,,43809,561066,2
1362579,2019-12-12,2020-01-02,2019-12-28,43843,616045,1
1362580,2019-12-12,2020-01-02,,43929,948693,2
1362581,2019-12-12,2020-01-02,,44077,868511,2
1362582,2019-12-12,2020-01-02,,44098,606228,2
1362583,2019-12-12,2020-01-02,,44183,76115,2
1362584,2019-12-12,2020-01-02,,44402,888150,2
1362585,2019-12-12,2020-01-02,,44431,784179,2
1362586,2019-12-12,2020-01-02,,44538,154003,2
1362587,2019-12-12,2020-01-02,2019-12-29,44538,380733,1
1362588,2019-12-12,2020-01-02,,44667,617640,2
1362589,2019-12-12,2020-01-02,,45159,321711,2
1362590,2019-12-12,2020-01-02,,45267,443224,2
1362591,2019-12-12,2020-01-02,,45378,632700,2
1362592,2019-12-12,2020-01-02,,45460,160932,2
1362593,2019-12-12,2020-01-02,2019-12-22,45559,48634,1
1362594,2019-12-12,2020-01-02,,45701,472338,2
1362595,2019-12-12,2020-01-02,,45757,311455,2
1362596,2019-12-12,2020-01-02,2019-12-24,45811,362201,1
1362597,2019-12-12,2020-01-02,,45814,163276,2
1362598,2019-12-12,2020-01-02,,45896,28937,2
1362599,2019-12-12,2020-01-02,,45982,804038,2
1362600,2019-12-12,2020-01-02,,46150,190036,2
1362601,2019-12-12,2020-01-02,,46150,287350,2
1362602,2019-12-12,2020-01-02,,46270,443675,2
1362603,2019-12-12,2020-01-02,,46470,385180,2
1362604,2019-12-12,2020-01-02,,46582,257376,2
1362605,2019-12-12,2020-01-02,,46619,255620,2
1362606,2019-12-12,2020-01-02,2019-12-26,46619,374252,1
1362607,2019-12-12,2020-01-02,,46619,822279,2
1362608,2019-12-12,2020-01-02,,46639,652365,2
1362609,2019-12-12,2020-01-02,2019-12-28,46805,25596,1
1362610,2019-12-12,2020-01-02,,46921,197166,2
1362611,2019-12-12,2020-01-02,2019-12-26,46964,142583,1
1362612,2019-12-12,2020-01-02,,46969,616782,2
1362613,2019-12-12,2020-01-02,2019-12-30,47061,423284,1
1362614,2019-12-12,2020-01-02,2019-12-29,47061,505365,1
1362615,2019-12-12,2020-01-02,,47076,726059,2
1362616,2019-12-12,2020-01-02,,47202,374206,2
1362617,2019-12-12,2020-01-02,,47207,544205,2
1362618,2019-12-12,2020-01-02,,47325,739330,2
1362619,2019-12-12,2020-01-02,,47328,506225,2
1362620,2019-12-12,2020-01-02,,47373,568995,2
1362621,2019-12-12,2020-01-02,,47537,548,2
1362622,2019-12-12,2020-01-02,,47537,598749,2
1362623,2019-12-12,2020-01-02,,47537,770813,2
1362624,2019-12-12,2020-01-02,,47572,146678,2
1362625,2019-12-12,2020-01-02,,47582,622237,2
1362626,2019-12-12,2020-01-02,,47592,304411,2
1362627,2019-12-12,2020-01-02,,47621,512587,2
1362628,2019-12-12,2020-01-02,,47661,44228,2
1362629,2019-12-12,2020-01-02,,47758,343167,2
1362630,2019-12-12,2020-01-02,,47810,139994,2
1362631,2019-12-12,2020-01-02,2019-12-28,47940,186179,1
1362632,2019-12-12,2020-01-02,,48090,379935,2
1362633,2019-12-12,2020-01-02,,48182,875041,2
1362634,2019-12-12,2020-01-02,,48328,733895,2
1362635,2019-12-12,2020-01-02,2019-12-30,48411,919737,1
1362636,2019-12-12,2020-01-02,,48525,21029,2
1362637,2019-12-12,2020-01-02,,48525,420951,2
1362638,2019-12-12,2020-01-02,,48525,505825,2
1362639,2019-12-12,2020-01-02,,48525,591146,2
1362640,2019-12-12,2020-01-02,2019-12-31,48525,634471,1
1362641,2019-12-12,2020-01-02,,48525,681720,2
1362642,2019-12-12,2020-01-02,,48525,817755,2
1362643,2019-12-12,2020-01-02,2019-12-25,48627,193053,1
1362644,2019-12-12,2020-01-02,,48634,1643,2
1362645,2019-12-12,2020-01-02,,48712,277645,2
1362646,2019-12-12,2020-01-02,,48805,342972,2
1362647,2019-12-12,2020-01-02,2019-12-31,48805,433889,1
1362648,2019-12-12,2020-01-02,2019-12-30,48819,816593,1
1362649,2019-12-12,2020-01-02,2019-12-29,48881,463056,1
1362650,2019-12-12,2020-01-02,2019-12-30,48881,582149,1
1362651,2019-12-12,2020-01-02,,48881,900310,2
1362652,2019-12-12,2020-01-02,,49042,440476,2
1362653,2019-12-12,2020-01-02,,49042,802454,2
1362654,2019-12-12,2020-01-02,,49083,452324,2
1362655,2019-12-12,2020-01-02,,49133,339416,2
1362656,2019-12-12,2020-01-02,,49226,916960,2
1362657,2019-12-12,2020-01-02,,49258,465806,2
1362658,2019-12-12,2020-01-02,,49258,686697,2
1362659,2019-12-12,2020-01-02,,49258,698698,2
1362660,2019-12-12,2020-01-02,2019-12-23,49258,844943,1
1362661,2019-12-12,2020-01-02,,49431,192411,2
1362662,2019-12-12,2020-01-02,,49572,515031,2
1362663,2019-12-12,2020-01-02,,49636,595514,2
1362664,2019-12-12,2020-01-02,,49660,769699,2
1362665,2019-12-12,2020-01-02,2019-12-30,49661,81119,1
1362666,2019-12-12,2020-01-02,,49785,444146,2
1362667,2019-12-12,2020-01-02,,49792,133562,2
1362668,2019-12-12,2020-01-02,,49833,484088,2
1362669,2019-12-12,2020-01-02,2019-12-29,49833,870116,1
1362670,2019-12-12,2020-01-02,,49901,686308,2
1362671,2019-12-12,2020-01-02,,49914,230153,2
1362672,2019-12-12,2020-01-02,,49962,456470,2
1362673,2019-12-12,2020-01-02,,49962,917969,2
1362674,2019-12-12,2020-01-02,,50159,794058,2
1362675,2019-12-12,2020-01-02,2019-12-31,50211,246543,1
1362676,2019-12-12,2020-01-02,,50225,825029,2
1362677,2019-12-12,2020-01-02,,50368,32551,2
1362678,2019-12-12,2020-01-02,,50538,448046,2
1362679,2019-12-12,2020-01-02,2019-12-23,50609,282100,1
1362680,2019-12-12,2020-01-02,,50671,526877,2
1362681,2019-12-12,2020-01-02,,51375,299831,2
1362682,2019-12-12,2020-01-02,,51377,4727,2
1362683,2019-12-12,2020-01-02,2019-12-30,51439,699938,1
1362684,2019-12-12,2020-01-02,,51487,865518,2
1362685,2019-12-12,2020-01-02,2019-12-26,51576,461590,1
1362686,2019-12-12,2020-01-02,,51630,535149,2
1362687,2019-12-12,2020-01-02,,51652,646950,2
1362688,2019-12-12,2020-01-02,2019-12-30,51692,847680,1
1362689,2019-12-12,2020-01-02,,51758,195401,2
1362690,2019-12-12,2020-01-02,2019-12-31,51923,33975,1
1362691,2019-12-12,2020-01-02,,51926,322130,2
1362692,2019-12-12,2020-01-02,,51938,427681,2
1362693,2019-12-12,2020-01-02,,52016,437919,2
1362694,2019-12-12,2020-01-02,,52129,876345,2
1362695,2019-12-12,2020-01-02,,52169,768117,2
1362696,2019-12-12,2020-01-02,,52348,617278,2
1362697,2019-12-12,2020-01-02,,52425,451617,2
1362698,2019-12-12,2020-01-02,2019-12-31,52435,196461,1
1362699,2019-12-12,2020-01-02,,52457,62227,2
1362700,2019-12-12,2020-01-02,,52601,78993,2
1362701,2019-12-12,2020-01-02,,52655,206871,2
1362702,2019-12-12,2020-01-02,,52729,698849,2
1362703,2019-12-12,2020-01-02,,52778,606887,2
1362704,2019-12-12,2020-01-02,2019-12-28,52862,465592,1
1362705,2019-12-12,2020-01-02,,53022,674549,2
1362706,2019-12-12,2020-01-02,2019-12-27,53026,155586,1
1362707,2019-12-12,2020-01-02,,53163,322131,2
1362708,2019-12-12,2020-01-02,2019-12-30,53216,905706,1
1362709,2019-12-12,2020-01-02,,53286,195245,2
1362710,2019-12-12,2020-01-02,,53327,32902,2
1362711,2019-12-12,2020-01-02,,53327,110736,2
1362712,2019-12-12,2020-01-02,,53327,465652,2
1362713,2019-12-12,2020-01-02,,53327,689181,2
1362714,2019-12-12,2020-01-02,,53327,784286,2
1362715,2019-12-12,2020-01-02,,53382,734787,2
1362716,2019-12-12,2020-01-02,2019-12-29,53540,342039,1
1362717,2019-12-12,2020-01-02,,53640,186679,2
1362718,2019-12-12,2020-01-02,,53692,534778,2
1362719,2019-12-12,2020-01-02,,53823,938684,2
1362720,2019-12-12,2020-01-02,,54074,643386,2
1362721,2019-12-12,2020-01-02,,54109,614196,2
1362722,2019-12-12,2020-01-02,2019-12-25,54206,565913,1
1362723,2019-12-12,2020-01-02,,54254,414998,2
1362724,2019-12-12,2020-01-02,,54325,870962,2
1362725,2019-12-12,2020-01-02,,54494,100753,2
1362726,2019-12-12,2020-01-02,,54494,415611,2
1362727,2019-12-12,2020-01-02,2019-12-29,54494,495629,1
1362728,2019-12-12,2020-01-02,2019-12-31,54494,580074,1
1362729,2019-12-12,2020-01-02,2019-12-26,54494,642419,1
1362730,2019-12-12,2020-01-02,,54494,863146,2
1362731,2019-12-12,2020-01-02,2019-12-31,54555,399949,1
1362732,2019-12-12,2020-01-02,2019-12-27,54555,600987,1
1362733,2019-12-12,2020-01-02,,54617,514528,2
1362734,2019-12-12,2020-01-02,,54631,488153,2
1362735,2019-12-12,2020-01-02,2019-12-25,54714,141194,1
1362736,2019-12-12,2020-01-02,,54875,400946,2
1362737,2019-12-12,2020-01-02,,54892,407019,2
1362738,2019-12-12,2020-01-02,,54954,671347,2
1362739,2019-12-12,2020-01-02,,54967,451962,2
1362740,2019-12-12,2020-01-02,,55241,233126,2
1362741,2019-12-12,2020-01-02,,55241,334055,2
1362742,2019-12-12,2020-01-02,,55241,435371,2
1362743,2019-12-12,2020-01-02,,55313,417876,2
1362744,2019-12-12,2020-01-02,,55319,20547,2
1362745,2019-12-12,2020-01-02,,55350,486042,2
1362746,2019-12-12,2020-01-02,,55385,569571,2
1362747,2019-12-12,2020-01-02,,55385,625236,2
1362748,2019-12-12,2020-01-02,,55534,86900,2
1362749,2019-12-12,2020-01-02,,55553,55870,2
1362750,2019-12-12,2020-01-02,,55601,432307,2
1362751,2019-12-12,2020-01-02,,55674,549073,2
1362752,2019-12-12,2020-01-02,,55703,545022,2
1362753,2019-12-12,2020-01-02,2019-12-30,55719,333073,1
1362754,2019-12-12,2020-01-02,,55789,183041,2
1362755,2019-12-12,2020-01-02,,55888,932783,2
1362756,2019-12-12,2020-01-02,,55893,201376,2
1362757,2019-12-12,2020-01-02,2019-12-31,55893,900307,1
1362758,2019-12-12,2020-01-02,,55908,951268,2
1362759,2019-12-12,2020-01-02,,55924,621796,2
1362760,2019-12-12,2020-01-02,,55924,661152,2
1362761,2019-12-12,2020-01-02,,55980,550626,2
1362762,2019-12-12,2020-01-02,,56104,228932,2
1362763,2019-12-12,2020-01-02,,56190,417113,2
1362764,2019-12-12,2020-01-02,,56409,423947,2
1362765,2019-12-12,2020-01-02,,56462,652124,2
1362766,2019-12-12,2020-01-02,,56462,698086,2
1362767,2019-12-12,2020-01-02,,56462,802658,2
1362768,2019-12-12,2020-01-02,,56474,370978,2
1362769,2019-12-12,2020-01-02,,56479,17760,2
1362770,2019-12-12,2020-01-02,,56622,58756,2
1362771,2019-12-12,2020-01-02,,56726,372203,2
1362772,2019-12-12,2020-01-02,,56733,559888,2
1362773,2019-12-12,2020-01-02,,56916,93702,2
1362774,2019-12-12,2020-01-02,2019-12-24,56916,403569,1
1362775,2019-12-12,2020-01-02,,56916,850748,2
1362776,2019-12-12,2020-01-02,,56919,550303,2
1362777,2019-12-12,2020-01-02,,57060,221229,2
1362778,2019-12-12,2020-01-02,2019-12-23,57060,717293,1
1362779,2019-12-12,2020-01-02,,57135,81431,2
1362780,2019-12-12,2020-01-02,2019-12-29,57135,832383,1
1362781,2019-12-12,2020-01-02,,57135,944581,2
1362782,2019-12-12,2020-01-02,,57178,304372,2
1362783,2019-12-12,2020-01-02,,57178,776052,2
1362784,2019-12-12,2020-01-02,2019-12-26,57187,903487,1
1362785,2019-12-12,2020-01-02,,57686,365070,2
1362786,2019-12-12,2020-01-02,,57701,4284,2
1362787,2019-12-12,2020-01-02,,57701,304656,2
1362788,2019-12-12,2020-01-02,,57809,862399,2
1362789,2019-12-12,2020-01-02,2019-12-29,57870,31770,1
1362790,2019-12-12,2020-01-02,,57870,142971,2
1362791,2019-12-12,2020-01-02,2019-12-31,57913,363330,1
1362792,2019-12-12,2020-01-02,,57983,600882,2
1362793,2019-12-12,2020-01-02,,58221,231992,2
1362794,2019-12-12,2020-01-02,,58289,578117,2
1362795,2019-12-12,2020-01-02,,58299,581102,2
1362796,2019-12-12,2020-01-02,,58535,65128,2
1362797,2019-12-12,2020-01-02,,58765,83668,2
1362798,2019-12-12,2020-01-02,2019-12-22,58868,141660,1
1362799,2019-12-12,2020-01-02,2019-12-24,58868,576628,1
1362800,2019-12-12,2020-01-02,,58933,670810,2
1362801,2019-12-12,2020-01-02,2019-12-28,59054,391600,1
1362802,2019-12-12,2020-01-02,,59077,583550,2
1362803,2019-12-12,2020-01-02,,59210,855862,2
1362804,2019-12-12,2020-01-02,,59320,276662,2
1362805,2019-12-12,2020-01-02,,59320,737185,2
1362806,2019-12-12,2020-01-02,,59326,597842,2
1362807,2019-12-12,2020-01-02,,59329,130432,2
1362808,2019-12-12,2020-01-02,2019-12-31,59472,323688,1
1362809,2019-12-12,2020-01-02,2019-12-29,59472,899700,1
1362810,2019-12-12,2020-01-02,,59538,712561,2
1362811,2019-12-12,2020-01-02,,59591,55936,2
1362812,2019-12-12,2020-01-02,,59720,206906,2
1362813,2019-12-12,2020-01-02,,59720,889955,2
1362814,2019-12-12,2020-01-02,2019-12-30,59720,923980,1
1362815,2019-12-12,2020-01-02,2019-12-29,59739,849569,1
1362816,2019-12-12,2020-01-02,,59742,253496,2
1362817,2019-12-12,2020-01-02,,59777,174632,2
1362818,2019-12-12,2020-01-02,,59966,287600,2
1362819,2019-12-12,2020-01-02,,60015,896887,2
1362820,2019-12-12,2020-01-02,,60033,201008,2
1362821,2019-12-12,2020-01-02,,60106,62471,2
1362822,2019-12-12,2020-01-02,,60106,150736,2
1362823,2019-12-12,2020-01-02,2019-12-30,60106,496897,1
1362824,2019-12-12,2020-01-02,,60106,689740,2
1362825,2019-12-12,2020-01-02,,60211,748915,2
1362826,2019-12-12,2020-01-02,2019-12-28,60322,845924,1
1362827,2019-12-12,2020-01-02,,60382,502277,2
1362828,2019-12-12,2020-01-02,,60395,249552,2
1362829,2019-12-12,2020-01-02,,60395,613687,2
1362830,2019-12-12,2020-01-02,,60452,360840,2
1362831,2019-12-12,2020-01-02,,60733,380099,2
1362832,2019-12-12,2020-01-02,2019-12-30,60762,123885,1
1362833,2019-12-12,2020-01-02,,60910,449560,2
1362834,2019-12-12,2020-01-02,,61166,54508,2
1362835,2019-12-12,2020-01-02,,61199,799116,2
1362836,2019-12-12,2020-01-02,,61429,353157,2
1362837,2019-12-12,2020-01-02,,61429,591991,2
1362838,2019-12-12,2020-01-02,,61459,873984,2
1362839,2019-12-12,2020-01-02,,61536,30499,2
1362840,2019-12-12,2020-01-02,,61555,430561,2
1362841,2019-12-12,2020-01-02,,61767,652730,2
1362842,2019-12-12,2020-01-02,,61864,438973,2
1362843,2019-12-12,2020-01-02,,61864,547157,2
1362844,2019-12-12,2020-01-02,,61920,837436,2
1362845,2019-12-12,2020-01-02,,61937,836796,2
1362846,2019-12-12,2020-01-02,,62049,595835,2
1362847,2019-12-12,2020-01-02,,62137,516335,2
1362848,2019-12-12,2020-01-02,,62285,285609,2
1362849,2019-12-12,2020-01-02,2019-12-25,62427,29189,1
1362850,2019-12-12,2020-01-02,,62427,200407,2
1362851,2019-12-12,2020-01-02,,62635,282070,2
1362852,2019-12-12,2020-01-02,,62650,954546,2
1362853,2019-12-12,2020-01-02,,62666,58512,2
1362854,2019-12-12,2020-01-02,,62751,492514,2
1362855,2019-12-12,2020-01-02,,62807,104209,2
1362856,2019-12-12,2020-01-02,,62972,158106,2
1362857,2019-12-12,2020-01-02,,63025,845029,2
1362858,2019-12-12,2020-01-02,,63219,642388,2
1362859,2019-12-12,2020-01-02,,63290,49482,2
1362860,2019-12-12,2020-01-02,,63355,552190,2
1362861,2019-12-12,2020-01-02,,63411,513177,2
1362862,2019-12-12,2020-01-02,,63411,583252,2
1362863,2019-12-12,2020-01-02,,63413,604051,2
1362864,2019-12-12,2020-01-02,,63443,104842,2
1362865,2019-12-12,2020-01-02,,63444,913068,2
1362866,2019-12-12,2020-01-02,,63991,930260,2
1362867,2019-12-12,2020-01-02,2019-12-28,64082,709787,1
1362868,2019-12-12,2020-01-02,,64123,552151,2
1362869,2019-12-12,2020-01-02,,64193,315628,2
1362870,2019-12-12,2020-01-02,2019-12-25,64193,932293,1
1362871,2019-12-12,2020-01-02,,64436,926846,2
1362872,2019-12-12,2020-01-02,,64524,477652,2
1362873,2019-12-12,2020-01-02,,64529,705750,2
1362874,2019-12-12,2020-01-02,2019-12-28,64532,261175,1
1362875,2019-12-12,2020-01-02,,64831,186729,2
1362876,2019-12-12,2020-01-02,,64848,484966,2
1362877,2019-12-12,2020-01-02,,64877,942423,2
1362878,2019-12-12,2020-01-02,,64902,784860,2
1362879,2019-12-12,2020-01-02,,64907,438449,2
1362880,2019-12-12,2020-01-02,,65054,394937,2
1362881,2019-12-12,2020-01-02,2019-12-30,65068,625788,1
1362882,2019-12-12,2020-01-02,,65134,723400,2
1362883,2019-12-12,2020-01-02,,65135,201893,2
1362884,2019-12-12,2020-01-02,,65333,752847,2
1362885,2019-12-12,2020-01-02,,65689,350929,2
1362886,2019-12-12,2020-01-02,,65689,800024,2
1362887,2019-12-12,2020-01-02,,65750,259273,2
1362888,2019-12-12,2020-01-02,2019-12-27,65769,215183,1
1362889,2019-12-12,2020-01-02,2019-12-31,65819,537505,1
1362890,2019-12-12,2020-01-02,,65865,246382,2
1362891,2019-12-12,2020-01-02,,65878,266465,2
1362892,2019-12-12,2020-01-02,,65878,735412,2
1362893,2019-12-12,2020-01-02,,65953,838160,2
1362894,2019-12-12,2020-01-02,2019-12-29,66067,446968,1
1362895,2019-12-12,2020-01-02,,66077,336192,2
1362896,2019-12-12,2020-01-02,,66077,464425,2
1362897,2019-12-12,2020-01-02,,66077,553506,2
1362898,2019-12-12,2020-01-02,,66077,683865,2
1362899,2019-12-12,2020-01-02,,66287,206394,2
1362900,2019-12-12,2020-01-02,,66359,285398,2
1362901,2019-12-12,2020-01-02,,66452,251472,2
1362902,2019-12-12,2020-01-02,,66502,5236,2
1362903,2019-12-12,2020-01-02,2019-12-28,66502,453479,1
1362904,2019-12-12,2020-01-02,,66527,169503,2
1362905,2019-12-12,2020-01-02,2019-12-28,66534,355359,1
1362906,2019-12-12,2020-01-02,,66593,418374,2
1362907,2019-12-12,2020-01-02,,66691,87902,2
1362908,2019-12-12,2020-01-02,,66850,401099,2
1362909,2019-12-12,2020-01-02,,67025,774541,2
1362910,2019-12-12,2020-01-02,,67226,15357,2
1362911,2019-12-12,2020-01-02,,67345,97379,2
1362912,2019-12-12,2020-01-02,2019-12-26,67571,345096,1
1362913,2019-12-12,2020-01-02,,67641,193575,2
1362914,2019-12-12,2020-01-02,2019-12-26,67789,1393,1
1362915,2019-12-12,2020-01-02,,67930,72254,2
1362916,2019-12-12,2020-01-02,2019-12-31,67930,104442,1
1362917,2019-12-12,2020-01-02,,68107,147877,2
1362918,2019-12-12,2020-01-02,,68204,28095,2
1362919,2019-12-12,2020-01-02,,68226,682981,2
1362920,2019-12-12,2020-01-02,2019-12-30,68312,561902,1
1362921,2019-12-12,2020-01-02,,68411,846875,2
1362922,2019-12-12,2020-01-02,2019-12-23,68436,844944,1
1362923,2019-12-12,2020-01-02,,68471,379515,2
1362924,2019-12-12,2020-01-02,,68597,436576,2
1362925,2019-12-12,2020-01-02,,68624,455496,2
1362926,2019-12-12,2020-01-02,,68624,604941,2
1362927,2019-12-12,2020-01-02,,68924,748999,2
1362928,2019-12-12,2020-01-02,2019-12-29,68933,349832,1
1362929,2019-12-12,2020-01-02,,68980,392562,2
1362930,2019-12-12,2020-01-02,,68980,441715,2
1362931,2019-12-12,2020-01-02,,69016,179238,2
1362932,2019-12-12,2020-01-02,2019-12-28,69121,291272,1
1362933,2019-12-12,2020-01-02,,69137,420212,2
1362934,2019-12-12,2020-01-02,,69299,276950,2
1362935,2019-12-12,2020-01-02,,69365,558442,2
1362936,2019-12-12,2020-01-02,,69515,490748,2
1362937,2019-12-12,2020-01-02,2019-12-25,69657,778659,1
1362938,2019-12-12,2020-01-02,,69660,934825,2
1362939,2019-12-12,2020-01-02,,69797,226541,2
1362940,2019-12-12,2020-01-02,,69797,621248,2
1362941,2019-12-12,2020-01-02,,69797,810273,2
1362942,2019-12-12,2020-01-02,,69797,868290,2
1362943,2019-12-12,2020-01-02,,70176,259318,2
1362944,2019-12-12,2020-01-02,,70252,599380,2
1362945,2019-12-12,2020-01-02,,70382,260951,2
1362946,2019-12-12,2020-01-02,,70428,512513,2
1362947,2019-12-12,2020-01-02,,70513,503408,2
1362948,2019-12-12,2020-01-02,,70809,202795,2
1362949,2019-12-12,2020-01-02,,70809,502523,2
1362950,2019-12-12,2020-01-02,2019-12-25,70809,555963,1
1362951,2019-12-12,2020-01-02,2019-12-29,70809,558060,1
1362952,2019-12-12,2020-01-02,,70809,853745,2
1362953,2019-12-12,2020-01-02,,70885,680494,2
1362954,2019-12-12,2020-01-02,2019-12-24,71035,471491,1
1362955,2019-12-12,2020-01-02,,71044,648809,2
1362956,2019-12-12,2020-01-02,,71353,370001,2
1362957,2019-12-12,2020-01-02,2019-12-26,71382,34167,1
1362958,2019-12-12,2020-01-02,,71382,320033,2
1362959,2019-12-12,2020-01-02,,71553,546375,2
1362960,2019-12-12,2020-01-02,,71696,97807,2
1362961,2019-12-12,2020-01-02,,71752,49138,2
1362962,2019-12-12,2020-01-02,2019-12-28,71927,617870,1
1362963,2019-12-12,2020-01-02,,71976,678038,2
1362964,2019-12-12,2020-01-02,,72042,853132,2
1362965,2019-12-12,2020-01-02,,72068,700779,2
1362966,2019-12-12,2020-01-02,,72148,44801,2
1362967,2019-12-12,2020-01-02,,72148,208289,2
1362968,2019-12-12,2020-01-02,,72148,843058,2
1362969,2019-12-12,2020-01-02,,72148,877534,2
1362970,2019-12-12,2020-01-02,,72205,397917,2
1362971,2019-12-12,2020-01-02,2019-12-28,72205,458419,1
1362972,2019-12-12,2020-01-02,,72320,772580,2
1362973,2019-12-12,2020-01-02,2019-12-29,73013,331787,1
1362974,2019-12-12,2020-01-02,,73085,25661,2
1362975,2019-12-12,2020-01-02,,73094,602153,2
1362976,2019-12-12,2020-01-02,,73223,118166,2
1362977,2019-12-12,2020-01-02,2019-12-26,73223,147792,1
1362978,2019-12-12,2020-01-02,,73223,210165,2
1362979,2019-12-12,2020-01-02,,73223,297275,2
1362980,2019-12-12,2020-01-02,,73223,503273,2
1362981,2019-12-12,2020-01-02,,73244,253007,2
1362982,2019-12-12,2020-01-02,2019-12-30,73437,929673,1
1362983,2019-12-12,2020-01-02,,73503,616313,2
1362984,2019-12-12,2020-01-02,,73629,209520,2
1362985,2019-12-12,2020-01-02,2019-12-30,73722,421444,1
1362986,2019-12-12,2020-01-02,2019-12-26,73740,264099,1
1362987,2019-12-12,2020-01-02,2019-12-25,73959,415621,1
1362988,2019-12-12,2020-01-02,,74146,132796,2
1362989,2019-12-12,2020-01-02,,74419,698699,2
1362990,2019-12-12,2020-01-02,,74673,150973,2
1362991,2019-12-12,2020-01-02,,74679,383140,2
1362992,2019-12-12,2020-01-02,,74773,651117,2
1362993,2019-12-12,2020-01-02,2019-12-23,74773,730806,1
1362994,2019-12-12,2020-01-02,,74774,766637,2
1362995,2019-12-12,2020-01-02,2019-12-27,75080,816594,1
1362996,2019-12-12,2020-01-02,,75109,256681,2
1362997,2019-12-12,2020-01-02,,75134,331778,2
1362998,2019-12-12,2020-01-02,2019-12-29,75220,424712,1
1362999,2019-12-12,2020-01-02,2019-12-29,75392,201358,1
1363000,2019-12-12,2020-01-02,2019-12-24,75392,900301,1
1363001,2019-12-12,2020-01-02,,75545,550383,2
1363002,2019-12-12,2020-01-02,,75661,542457,2
1363003,2019-12-12,2020-01-02,,75829,88178,2
1363004,2019-12-12,2020-01-02,,75979,380992,2
1363005,2019-12-12,2020-01-02,2019-12-25,76107,50510,1
1363006,2019-12-12,2020-01-02,,76214,311971,2
1363007,2019-12-12,2020-01-02,,76323,242335,2
1363008,2019-12-12,2020-01-02,,76581,661391,2
1363009,2019-12-12,2020-01-02,,76671,530305,2
1363010,2019-12-12,2020-01-02,2019-12-31,76776,385207,1
1363011,2019-12-12,2020-01-02,,76828,104358,2
1363012,2019-12-12,2020-01-02,,76844,693104,2
1363013,2019-12-12,2020-01-02,,77083,398710,2
1363014,2019-12-12,2020-01-02,,77397,88666,2
1363015,2019-12-12,2020-01-02,,77520,250514,2
1363016,2019-12-12,2020-01-02,,78044,626493,2
1363017,2019-12-12,2020-01-02,,78165,879385,2
1363018,2019-12-12,2020-01-02,2019-12-30,78170,892562,1
1363019,2019-12-12,2020-01-02,,78281,743863,2
1363020,2019-12-12,2020-01-02,,78583,36292,2
1363021,2019-12-12,2020-01-02,,78620,26453,2
1363022,2019-12-12,2020-01-02,2019-12-23,78620,758486,1
1363023,2019-12-12,2020-01-02,,78724,702446,2
1363024,2019-12-12,2020-01-02,,78724,844806,2
1363025,2019-12-12,2020-01-02,,78921,174552,2
1363026,2019-12-12,2020-01-02,2019-12-25,78943,167398,1
1363027,2019-12-12,2020-01-02,,78948,867915,2
1363028,2019-12-12,2020-01-02,,78956,598345,2
1363029,2019-12-12,2020-01-02,,79034,892244,2
1363030,2019-12-12,2020-01-02,,79122,760547,2
1363031,2019-12-12,2020-01-02,,79123,348596,2
1363032,2019-12-12,2020-01-02,,79123,565566,2
1363033,2019-12-12,2020-01-02,2019-12-29,79265,258396,1
1363034,2019-12-12,2020-01-02,,79265,874493,2
1363035,2019-12-12,2020-01-02,,79348,844993,2
1363036,2019-12-12,2020-01-02,,79406,413885,2
1363037,2019-12-12,2020-01-02,,79443,422374,2
1363038,2019-12-12,2020-01-02,,79449,685321,2
1363039,2019-12-12,2020-01-02,,79654,814223,2
1363040,2019-12-12,2020-01-02,,79760,495421,2
1363041,2019-12-12,2020-01-02,2019-12-26,79760,599537,1
1363042,2019-12-12,2020-01-02,,79799,44649,2
1363043,2019-12-12,2020-01-02,2019-12-28,79951,900302,1
1363044,2019-12-12,2020-01-02,,79952,533964,2
1363045,2019-12-12,2020-01-02,,80040,258232,2
1363046,2019-12-12,2020-01-02,,80053,929674,2
1363047,2019-12-12,2020-01-02,2019-12-25,80070,824820,1
1363048,2019-12-12,2020-01-02,,80187,918497,2
1363049,2019-12-12,2020-01-02,,80282,476121,2
1363050,2019-12-12,2020-01-02,,80341,630226,2
1363051,2019-12-12,2020-01-02,,80424,93072,2
1363052,2019-12-12,2020-01-02,,80763,603158,2
1363053,2019-12-12,2020-01-02,,80788,903463,2
1363054,2019-12-12,2020-01-02,2019-12-26,80826,158226,1
1363055,2019-12-12,2020-01-02,,80826,788267,2
1363056,2019-12-12,2020-01-02,,80845,696985,2
1363057,2019-12-12,2020-01-02,2019-12-29,81000,228673,1
1363058,2019-12-12,2020-01-02,,81136,394608,2
1363059,2019-12-12,2020-01-02,,81244,775714,2
1363060,2019-12-12,2020-01-02,,81395,801666,2
1363061,2019-12-12,2020-01-02,,81430,685344,2
1363062,2019-12-12,2020-01-02,2019-12-31,81465,391487,1
1363063,2019-12-12,2020-01-02,,81477,500725,2
1363064,2019-12-12,2020-01-02,,81559,530383,2
1363065,2019-12-12,2020-01-02,,81688,394066,2
1363066,2019-12-12,2020-01-02,,81768,536541,2
1363067,2019-12-12,2020-01-02,2019-12-26,81819,275787,1
1363068,2019-12-12,2020-01-02,,81841,518340,2
1363069,2019-12-12,2020-01-02,,82009,104210,2
1363070,2019-12-12,2020-01-02,,82057,136416,2
1363071,2019-12-12,2020-01-02,,82082,414881,2
1363072,2019-12-12,2020-01-02,,82345,226755,2
1363073,2019-12-12,2020-01-02,,82345,658423,2
1363074,2019-12-12,2020-01-02,,82368,71924,2
1363075,2019-12-12,2020-01-02,,82585,704594,2
1363076,2019-12-12,2020-01-02,,82612,635593,2
1363077,2019-12-12,2020-01-02,,82633,253497,2
1363078,2019-12-12,2020-01-02,2019-12-31,82905,401047,1
1363079,2019-12-12,2020-01-02,,82999,154319,2
1363080,2019-12-12,2020-01-02,2019-12-30,82999,945644,1
1363081,2019-12-12,2020-01-02,,83135,395242,2
1363082,2019-12-12,2020-01-02,,83135,539336,2
1363083,2019-12-12,2020-01-02,,83135,541477,2
1363084,2019-12-12,2020-01-02,,83135,713632,2
1363085,2019-12-12,2020-01-02,,83188,135731,2
1363086,2019-12-12,2020-01-02,,83248,266954,2
1363087,2019-12-12,2020-01-02,,83248,791221,2
1363088,2019-12-12,2020-01-02,,83324,91188,2
1363089,2019-12-12,2020-01-02,,83341,632740,2
1363090,2019-12-12,2020-01-02,,83403,722169,2
1363091,2019-12-12,2020-01-02,2019-12-23,83451,671216,1
1363092,2019-12-12,2020-01-02,,83693,35347,2
1363093,2019-12-12,2020-01-02,2019-12-26,83693,225676,1
1363094,2019-12-12,2020-01-02,,83780,233944,2
1363095,2019-12-12,2020-01-02,,84022,824958,2
1363096,2019-12-12,2020-01-02,,84081,584488,2
1363097,2019-12-12,2020-01-02,,84081,833361,2
1363098,2019-12-12,2020-01-02,2019-12-22,84119,902697,1
1363099,2019-12-12,2020-01-02,,84201,105040,2
1363100,2019-12-12,2020-01-02,,84214,455375,2
1363101,2019-12-12,2020-01-02,,84413,184104,2
1363102,2019-12-12,2020-01-02,,84414,840473,2
1363103,2019-12-12,2020-01-02,,84501,585797,2
1363104,2019-12-12,2020-01-02,,84609,270471,2
1363105,2019-12-12,2020-01-02,,84677,149267,2
1363106,2019-12-12,2020-01-02,,84677,242337,2
1363107,2019-12-12,2020-01-02,,84677,513880,2
1363108,2019-12-12,2020-01-02,,84784,646528,2
1363109,2019-12-12,2020-01-02,,84803,544528,2
1363110,2019-12-12,2020-01-02,,84821,203728,2
1363111,2019-12-12,2020-01-02,,84914,621145,2
1363112,2019-12-12,2020-01-02,,84914,688789,2
1363113,2019-12-12,2020-01-02,,84914,715118,2
1363114,2019-12-12,2020-01-02,2019-12-30,84977,660351,1
1363115,2019-12-12,2020-01-02,,85211,439017,2
1363116,2019-12-12,2020-01-02,2019-12-29,85273,332677,1
1363117,2019-12-12,2020-01-02,2019-12-27,85283,92953,1
1363118,2019-12-12,2020-01-02,,85283,240576,2
1363119,2019-12-12,2020-01-02,,85283,303904,2
1363120,2019-12-12,2020-01-02,,85293,400075,2
1363121,2019-12-12,2020-01-02,,85356,756968,2
1363122,2019-12-12,2020-01-02,,85357,9805,2
1363123,2019-12-12,2020-01-02,,85417,821544,2
1363124,2019-12-12,2020-01-02,,85473,16702,2
1363125,2019-12-12,2020-01-02,,85550,576622,2
1363126,2019-12-12,2020-01-02,,85643,366823,2
1363127,2019-12-12,2020-01-02,,85651,394869,2
1363128,2019-12-12,2020-01-02,,85718,3082,2
1363129,2019-12-12,2020-01-02,,85885,423844,2
1363130,2019-12-12,2020-01-02,,85921,597015,2
1363131,2019-12-12,2020-01-02,,85958,672948,2
1363132,2019-12-12,2020-01-02,2019-12-31,85958,903636,1
1363133,2019-12-12,2020-01-02,2019-12-27,86026,64033,1
1363134,2019-12-12,2020-01-02,,86026,937790,2
1363135,2019-12-12,2020-01-02,2019-12-29,86301,483311,1
1363136,2019-12-12,2020-01-02,,86301,823787,2
1363137,2019-12-12,2020-01-02,2019-12-31,86374,75988,1
1363138,2019-12-12,2020-01-02,,86374,364195,2
1363139,2019-12-12,2020-01-02,,86441,861731,2
1363140,2019-12-12,2020-01-02,,86467,454931,2
1363141,2019-12-12,2020-01-02,2019-12-29,86510,203299,1
1363142,2019-12-12,2020-01-02,,86628,12739,2
1363143,2019-12-12,2020-01-02,,86628,587929,2
1363144,2019-12-12,2020-01-02,,86628,680485,2
1363145,2019-12-12,2020-01-02,,86780,148118,2
1363146,2019-12-12,2020-01-02,2019-12-26,86813,240532,1
1363147,2019-12-12,2020-01-02,,87278,15760,2
1363148,2019-12-12,2020-01-02,,87637,599947,2
1363149,2019-12-12,2020-01-02,,87667,379699,2
1363150,2019-12-12,2020-01-02,,87826,517068,2
1363151,2019-12-12,2020-01-02,2019-12-24,88026,437065,1
1363152,2019-12-12,2020-01-02,,88062,686005,2
1363153,2019-12-12,2020-01-02,,88183,765494,2
1363154,2019-12-12,2020-01-02,,88206,312515,2
1363155,2019-12-12,2020-01-02,,88226,303443,2
1363156,2019-12-12,2020-01-02,,88226,474183,2
1363157,2019-12-12,2020-01-02,,88226,912293,2
1363158,2019-12-12,2020-01-02,,88276,29720,2
1363159,2019-12-12,2020-01-02,,88499,168760,2
1363160,2019-12-12,2020-01-02,2019-12-22,88499,645763,1
1363161,2019-12-12,2020-01-02,,88499,830217,2
1363162,2019-12-12,2020-01-02,,88499,844833,2
1363163,2019-12-12,2020-01-02,,88508,249008,2
1363164,2019-12-12,2020-01-02,,88514,913827,2
1363165,2019-12-12,2020-01-02,,88657,565456,2
1363166,2019-12-12,2020-01-02,,88761,540397,2
1363167,2019-12-12,2020-01-02,2019-12-26,89015,607626,1
1363168,2019-12-12,2020-01-02,2019-12-31,89027,904227,1
1363169,2019-12-12,2020-01-02,,89120,717839,2
1363170,2019-12-12,2020-01-02,2019-12-29,89125,245096,1
1363171,2019-12-12,2020-01-02,,89332,691523,2
1363172,2019-12-12,2020-01-02,2019-12-24,89360,731151,1
1363173,2019-12-12,2020-01-02,,89402,360345,2
1363174,2019-12-12,2020-01-02,,89590,236677,2
1363175,2019-12-12,2020-01-02,,89749,558969,2
1363176,2019-12-12,2020-01-02,2019-12-31,89805,184854,1
1363177,2019-12-12,2020-01-02,,90069,64853,2
1363178,2019-12-12,2020-01-02,,90117,749064,2
1363179,2019-12-12,2020-01-02,,90141,414488,2
1363180,2019-12-12,2020-01-02,,90350,584890,2
1363181,2019-12-12,2020-01-02,,90404,689182,2
1363182,2019-12-12,2020-01-02,,90607,896471,2
1363183,2019-12-12,2020-01-02,,90697,145080,2
1363184,2019-12-12,2020-01-02,,90791,387588,2
1363185,2019-12-12,2020-01-02,,91039,680482,2
1363186,2019-12-12,2020-01-02,,91133,91817,2
1363187,2019-12-12,2020-01-02,,91173,841715,2
1363188,2019-12-12,2020-01-02,,91209,689677,2
1363189,2019-12-12,2020-01-02,,91384,570663,2
1363190,2019-12-12,2020-01-02,,91492,772274,2
1363191,2019-12-12,2020-01-02,,91517,797358,2
1363192,2019-12-12,2020-01-02,2019-12-25,91583,480670,1
1363193,2019-12-12,2020-01-02,,91794,829125,2
1363194,2019-12-12,2020-01-02,,91892,246469,2
1363195,2019-12-12,2020-01-02,,91969,317367,2
1363196,2019-12-12,2020-01-02,,92385,651969,2
1363197,2019-12-12,2020-01-02,,92425,707203,2
1363198,2019-12-12,2020-01-02,,92621,14520,2
1363199,2019-12-12,2020-01-02,2019-12-26,92629,52296,1
1363200,2019-12-12,2020-01-02,,92667,297486,2
1363201,2019-12-12,2020-01-02,2019-12-24,92667,818097,1
1363202,2019-12-12,2020-01-02,,92672,465848,2
1363203,2019-12-12,2020-01-02,2019-12-28,93259,718617,1
1363204,2019-12-12,2020-01-02,,93275,801221,2
1363205,2019-12-12,2020-01-02,,93509,68658,2
1363206,2019-12-12,2020-01-02,,93614,489738,2
1363207,2019-12-12,2020-01-02,,93656,87414,2
1363208,2019-12-12,2020-01-02,,93679,170680,2
1363209,2019-12-12,2020-01-02,,93760,376953,2
1363210,2019-12-12,2020-01-02,,93762,126966,2
1363211,2019-12-12,2020-01-02,,93809,2868,2
1363212,2019-12-12,2020-01-02,,94091,354722,2
1363213,2019-12-12,2020-01-02,2019-12-31,94136,849309,1
1363214,2019-12-12,2020-01-02,,94160,113635,2
1363215,2019-12-12,2020-01-02,,94284,72656,2
1363216,2019-12-12,2020-01-02,,94352,3994,2
1363217,2019-12-12,2020-01-02,,94568,181392,2
1363218,2019-12-12,2020-01-02,,94742,32012,2
1363219,2019-12-12,2020-01-02,,95208,360743,2
1363220,2019-12-12,2020-01-02,,95249,215952,2
1363221,2019-12-12,2020-01-02,,95332,71838,2
1363222,2019-12-12,2020-01-02,,95404,750463,2
1363223,2019-12-12,2020-01-02,,95503,465490,2
1363224,2019-12-12,2020-01-02,,95510,666969,2
1363225,2019-12-12,2020-01-02,,95794,131052,2
1363226,2019-12-12,2020-01-02,2019-12-31,95858,283286,1
1363227,2019-12-12,2020-01-02,,95909,148486,2
1363228,2019-12-12,2020-01-02,,96040,652125,2
1363229,2019-12-12,2020-01-02,,96202,875163,2
1363230,2019-12-12,2020-01-02,,96291,92341,2
1363231,2019-12-12,2020-01-02,,96291,455346,2
1363232,2019-12-12,2020-01-02,,96291,496639,2
1363233,2019-12-12,2020-01-02,,96291,728529,2
1363234,2019-12-12,2020-01-02,,96291,766740,2
1363235,2019-12-12,2020-01-02,,96353,183822,2
1363236,2019-12-12,2020-01-02,,96552,197204,2
1363237,2019-12-12,2020-01-02,,96552,322132,2
1363238,2019-12-12,2020-01-02,,96636,138534,2
1363239,2019-12-12,2020-01-02,2019-12-30,96737,229176,1
1363240,2019-12-12,2020-01-02,,96857,343254,2
1363241,2019-12-12,2020-01-02,2019-12-30,96857,460277,1
1363242,2019-12-12,2020-01-02,,96868,185766,2
1363243,2019-12-12,2020-01-02,,96868,364314,2
1363244,2019-12-12,2020-01-02,,96907,639210,2
1363245,2019-12-12,2020-01-02,,96963,31086,2
1363246,2019-12-12,2020-01-02,,96970,74751,2
1363247,2019-12-12,2020-01-02,,97021,450351,2
1363248,2019-12-12,2020-01-02,2019-12-31,97037,97949,1
1363249,2019-12-12,2020-01-02,,97065,146508,2
1363250,2019-12-12,2020-01-02,,97077,130181,2
1363251,2019-12-12,2020-01-02,,97117,599237,2
1363252,2019-12-12,2020-01-02,2019-12-31,97131,333060,1
1363253,2019-12-12,2020-01-02,,97131,401161,2
1363254,2019-12-12,2020-01-02,,97131,460938,2
1363255,2019-12-12,2020-01-02,,97131,482155,2
1363256,2019-12-12,2020-01-02,,97131,503051,2
1363257,2019-12-12,2020-01-02,,97131,532839,2
1363258,2019-12-12,2020-01-02,,97131,719956,2
1363259,2019-12-12,2020-01-02,,97156,65462,2
1363260,2019-12-12,2020-01-02,,97156,784686,2
1363261,2019-12-12,2020-01-02,,97184,816097,2
1363262,2019-12-12,2020-01-02,,97231,466005,2
1363263,2019-12-12,2020-01-02,,97318,698700,2
1363264,2019-12-12,2020-01-02,,97548,26420,2
1363265,2019-12-12,2020-01-02,,97719,771401,2
1363266,2019-12-12,2020-01-02,,97855,200906,2
1363267,2019-12-12,2020-01-02,,98021,39237,2
1363268,2019-12-12,2020-01-02,,98296,108176,2
1363269,2019-12-12,2020-01-02,,98430,364805,2
1363270,2019-12-12,2020-01-02,,98470,238434,2
1363271,2019-12-12,2020-01-02,,98481,860700,2
1363272,2019-12-12,2020-01-02,,98689,890171,2
1363273,2019-12-12,2020-01-02,,98758,873910,2
1363274,2019-12-12,2020-01-02,2019-12-27,98794,238172,1
1363275,2019-12-12,2020-01-02,,98844,258017,2
1363276,2019-12-12,2020-01-02,,98858,821902,2
1363277,2019-12-12,2020-01-02,2019-12-23,98868,700714,1
1363278,2019-12-12,2020-01-02,,98870,53275,2
1363279,2019-12-12,2020-01-02,,98928,677671,2
1363280,2019-12-12,2020-01-02,,99042,257186,2
1363281,2019-12-12,2020-01-02,,99100,173418,2
1363282,2019-12-12,2020-01-02,,99171,439217,2
1363283,2019-12-12,2020-01-02,,99274,565188,2
1363284,2019-12-12,2020-01-02,,99345,607935,2
1363285,2019-12-12,2020-01-02,,99355,899178,2
1363286,2019-12-12,2020-01-02,2019-12-23,99549,789546,1
1363287,2019-12-12,2020-01-02,,99655,772831,2
1363288,2019-12-12,2020-01-02,,99906,104443,2
1363289,2019-12-12,2020-01-02,,99931,245906,2
1363290,2019-12-12,2020-01-02,,100165,653216,2
1363291,2019-12-12,2020-01-02,,100213,916930,2
1363292,2019-12-12,2020-01-02,2019-12-30,100354,329633,1
1363293,2019-12-12,2020-01-02,,100354,895436,2
1363294,2019-12-12,2020-01-02,,100410,150764,2
1363295,2019-12-12,2020-01-02,,100437,246472,2
1363296,2019-12-12,2020-01-02,,100501,751597,2
1363297,2019-12-12,2020-01-02,2019-12-29,100608,865799,1
1363298,2019-12-12,2020-01-02,,100786,599880,2
1363299,2019-12-12,2020-01-02,,100791,176041,2
1363300,2019-12-12,2020-01-02,2019-12-31,100922,896322,1
1363301,2019-12-12,2020-01-02,,101095,165547,2
1363302,2019-12-12,2020-01-02,,101095,267900,2
1363303,2019-12-12,2020-01-02,,101095,866493,2
1363304,2019-12-12,2020-01-02,2019-12-31,101217,548685,1
1363305,2019-12-12,2020-01-02,,101217,815298,2
1363306,2019-12-12,2020-01-02,,101495,829908,2
1363307,2019-12-12,2020-01-02,2019-12-30,101565,649838,1
1363308,2019-12-12,2020-01-02,,101575,341226,2
1363309,2019-12-12,2020-01-02,,101606,56364,2
1363310,2019-12-12,2020-01-02,,101649,614080,2
1363311,2019-12-12,2020-01-02,,101709,669242,2
1363312,2019-12-12,2020-01-02,,101713,74622,2
1363313,2019-12-12,2020-01-02,,101793,613584,2
1363314,2019-12-12,2020-01-02,,101802,844550,2
1363315,2019-12-12,2020-01-02,,101811,563840,2
1363316,2019-12-12,2020-01-02,,101857,937054,2
1363317,2019-12-12,2020-01-02,,102156,3026,2
1363318,2019-12-12,2020-01-02,,102202,611142,2
1363319,2019-12-12,2020-01-02,,102227,90514,2
1363320,2019-12-12,2020-01-02,2019-12-27,102279,66752,1
1363321,2019-12-12,2020-01-02,,102279,494768,2
1363322,2019-12-12,2020-01-02,,102330,528985,2
1363323,2019-12-12,2020-01-02,,102364,491119,2
1363324,2019-12-12,2020-01-02,2019-12-24,102364,670463,1
1363325,2019-12-12,2020-01-02,,102468,863931,2
1363326,2019-12-12,2020-01-02,,102535,630525,2
1363327,2019-12-12,2020-01-02,2019-12-27,102635,330011,1
1363328,2019-12-12,2020-01-02,2019-12-27,102645,48306,1
1363329,2019-12-12,2020-01-02,,102666,513551,2
1363330,2019-12-12,2020-01-02,,102896,504893,2
1363331,2019-12-12,2020-01-02,,102985,428836,2
1363332,2019-12-12,2020-01-02,2019-12-24,102985,497257,1
1363333,2019-12-12,2020-01-02,,102985,574984,2
1363334,2019-12-12,2020-01-02,,103133,561684,2
1363335,2019-12-12,2020-01-02,,103154,72489,2
1363336,2019-12-12,2020-01-02,,103154,126653,2
1363337,2019-12-12,2020-01-02,,103154,250137,2
1363338,2019-12-12,2020-01-02,,103154,603015,2
1363339,2019-12-12,2020-01-02,,103166,560177,2
1363340,2019-12-12,2020-01-02,,103226,134405,2
1363341,2019-12-12,2020-01-02,2019-12-26,103245,104016,1
1363342,2019-12-12,2020-01-02,,103312,454048,2
1363343,2019-12-12,2020-01-02,,103392,106694,2
1363344,2019-12-12,2020-01-02,,103417,364945,2
1363345,2019-12-12,2020-01-02,,103505,229966,2
1363346,2019-12-12,2020-01-02,,103882,474428,2
1363347,2019-12-12,2020-01-02,,104018,851444,2
1363348,2019-12-12,2020-01-02,,104084,104444,2
1363349,2019-12-12,2020-01-02,,104174,390834,2
1363350,2019-12-12,2020-01-02,,104202,311456,2
1363351,2019-12-12,2020-01-02,2019-12-29,104385,394685,1
1363352,2019-12-12,2020-01-02,,104549,177687,2
1363353,2019-12-12,2020-01-02,,104549,181420,2
1363354,2019-12-12,2020-01-02,,104549,208092,2
1363355,2019-12-12,2020-01-02,,104549,349249,2
1363356,2019-12-12,2020-01-02,,104549,351518,2
1363357,2019-12-12,2020-01-02,2019-12-27,104549,362944,1
1363358,2019-12-12,2020-01-02,,104549,415092,2
1363359,2019-12-12,2020-01-02,2019-12-30,104549,517379,1
1363360,2019-12-12,2020-01-02,,104549,528770,2
1363361,2019-12-12,2020-01-02,,104549,574450,2
1363362,2019-12-12,2020-01-02,,104549,597360,2
1363363,2019-12-12,2020-01-02,,104549,617579,2
1363364,2019-12-12,2020-01-02,,104549,682510,2
1363365,2019-12-12,2020-01-02,,104549,898262,2
1363366,2019-12-12,2020-01-02,,104549,952483,2
1363367,2019-12-12,2020-01-02,,104613,471566,2
1363368,2019-12-12,2020-01-02,,104613,489943,2
1363369,2019-12-12,2020-01-02,,104613,758410,2
1363370,2019-12-12,2020-01-02,,104806,129500,2
1363371,2019-12-12,2020-01-02,2019-12-30,104806,469820,1
1363372,2019-12-12,2020-01-02,2019-12-25,104829,697307,1
1363373,2019-12-12,2020-01-02,2019-12-30,105175,43161,1
1363374,2019-12-12,2020-01-02,,105310,315005,2
1363375,2019-12-12,2020-01-02,,105366,910544,2
1363376,2019-12-12,2020-01-02,,105394,504907,2
1363377,2019-12-12,2020-01-02,,105421,89587,2
1363378,2019-12-12,2020-01-02,,105583,936212,2
1363379,2019-12-12,2020-01-02,2019-12-26,105605,820401,1
1363380,2019-12-12,2020-01-02,,105711,686723,2
1363381,2019-12-12,2020-01-02,,105793,705793,2
1363382,2019-12-12,2020-01-02,,105860,192304,2
1363383,2019-12-12,2020-01-02,,105893,422491,2
1363384,2019-12-12,2020-01-02,,105902,910610,2
1363385,2019-12-12,2020-01-02,,105936,498283,2
1363386,2019-12-12,2020-01-02,,105961,82705,2
1363387,2019-12-12,2020-01-02,,106103,66744,2
1363388,2019-12-12,2020-01-02,,106162,610297,2
1363389,2019-12-12,2020-01-02,,106183,322339,2
1363390,2019-12-12,2020-01-02,,106221,718906,2
1363391,2019-12-12,2020-01-02,,106221,951674,2
1363392,2019-12-12,2020-01-02,,106237,68685,2
1363393,2019-12-12,2020-01-02,,106237,178124,2
1363394,2019-12-12,2020-01-02,,106242,141029,2
1363395,2019-12-12,2020-01-02,,106242,455349,2
1363396,2019-12-12,2020-01-02,2019-12-23,106356,4527,1
1363397,2019-12-12,2020-01-02,2019-12-25,106356,93586,1
1363398,2019-12-12,2020-01-02,2019-12-30,106356,105245,1
1363399,2019-12-12,2020-01-02,,106364,455362,2
1363400,2019-12-12,2020-01-02,,106433,641612,2
1363401,2019-12-12,2020-01-02,,106460,574416,2
1363402,2019-12-12,2020-01-02,,106467,322046,2
1363403,2019-12-12,2020-01-02,,106479,687504,2
1363404,2019-12-12,2020-01-02,,107006,469459,2
1363405,2019-12-12,2020-01-02,,107123,482802,2
1363406,2019-12-12,2020-01-02,2019-12-30,107569,424713,1
1363407,2019-12-12,2020-01-02,,107579,240764,2
1363408,2019-12-12,2020-01-02,,107604,516131,2
1363409,2019-12-12,2020-01-02,2019-12-29,107667,469404,1
1363410,2019-12-12,2020-01-02,,107721,104211,2
1363411,2019-12-12,2020-01-02,,107721,245397,2
1363412,2019-12-12,2020-01-02,,107807,916921,2
1363413,2019-12-12,2020-01-02,2019-12-27,107907,647378,1
1363414,2019-12-12,2020-01-02,,108107,417584,2
1363415,2019-12-12,2020-01-02,,108150,443196,2
1363416,2019-12-12,2020-01-02,,108160,421453,2
1363417,2019-12-12,2020-01-02,,108233,222860,2
1363418,2019-12-12,2020-01-02,,108243,659600,2
1363419,2019-12-12,2020-01-02,,108308,195209,2
1363420,2019-12-12,2020-01-02,,108454,687118,2
1363421,2019-12-12,2020-01-02,,108503,37515,2
1363422,2019-12-12,2020-01-02,,108506,662981,2
1363423,2019-12-12,2020-01-02,2019-12-27,108570,109701,1
1363424,2019-12-12,2020-01-02,,108570,524365,2
1363425,2019-12-12,2020-01-02,,108621,866664,2
1363426,2019-12-12,2020-01-02,,108874,780777,2
1363427,2019-12-12,2020-01-02,2019-12-27,108951,765915,1
1363428,2019-12-12,2020-01-02,,109146,502436,2
1363429,2019-12-12,2020-01-02,,109595,321743,2
1363430,2019-12-12,2020-01-02,,109705,913117,2
1363431,2019-12-12,2020-01-02,,109767,759911,2
1363432,2019-12-12,2020-01-02,,110060,27366,2
1363433,2019-12-12,2020-01-02,2019-12-27,110288,185663,1
1363434,2019-12-12,2020-01-02,,110461,35399,2
1363435,2019-12-12,2020-01-02,,110461,790182,2
1363436,2019-12-12,2020-01-02,,110461,871619,2
1363437,2019-12-12,2020-01-02,,110522,418362,2
1363438,2019-12-12,2020-01-02,,110759,153555,2
1363439,2019-12-12,2020-01-02,2019-12-29,110790,620859,1
1363440,2019-12-12,2020-01-02,,110790,741840,2
1363441,2019-12-12,2020-01-02,,111125,867402,2
1363442,2019-12-12,2020-01-02,,111130,312551,2
1363443,2019-12-12,2020-01-02,2019-12-29,111272,49483,1
1363444,2019-12-12,2020-01-02,2019-12-25,111272,331756,1
1363445,2019-12-12,2020-01-02,2019-12-26,111272,501197,1
1363446,2019-12-12,2020-01-02,,111272,601301,2
1363447,2019-12-12,2020-01-02,,111272,671150,2
1363448,2019-12-12,2020-01-02,2019-12-31,111272,809429,1
1363449,2019-12-12,2020-01-02,,111590,254788,2
1363450,2019-12-12,2020-01-02,2019-12-29,111747,822618,1
1363451,2019-12-12,2020-01-02,,112026,729714,2
1363452,2019-12-12,2020-01-02,,112056,752274,2
1363453,2019-12-12,2020-01-02,,112100,899284,2
1363454,2019-12-12,2020-01-02,,112148,211712,2
1363455,2019-12-12,2020-01-02,,112250,200365,2
1363456,2019-12-12,2020-01-02,,112250,950609,2
1363457,2019-12-12,2020-01-02,,112450,607473,2
1363458,2019-12-12,2020-01-02,2019-12-25,112493,105470,1
1363459,2019-12-12,2020-01-02,,112493,177165,2
1363460,2019-12-12,2020-01-02,,112495,349540,2
1363461,2019-12-12,2020-01-02,,112943,198787,2
1363462,2019-12-12,2020-01-02,,113023,249520,2
1363463,2019-12-12,2020-01-02,2019-12-27,113053,35625,1
1363464,2019-12-12,2020-01-02,,113078,545300,2
1363465,2019-12-12,2020-01-02,,113256,180619,2
1363466,2019-12-12,2020-01-02,,113256,228388,2
1363467,2019-12-12,2020-01-02,,113290,220559,2
1363468,2019-12-12,2020-01-02,,113356,130271,2
1363469,2019-12-12,2020-01-02,,113356,209298,2
1363470,2019-12-12,2020-01-02,,113356,318691,2
1363471,2019-12-12,2020-01-02,,113356,931325,2
1363472,2019-12-12,2020-01-02,,113412,533876,2
1363473,2019-12-12,2020-01-02,,113589,926657,2
1363474,2019-12-12,2020-01-02,2019-12-26,113615,496250,1
1363475,2019-12-12,2020-01-02,,113619,875823,2
1363476,2019-12-12,2020-01-02,,113695,58080,2
1363477,2019-12-12,2020-01-02,2019-12-28,113695,64217,1
1363478,2019-12-12,2020-01-02,,113785,522690,2
1363479,2019-12-12,2020-01-02,,113785,792771,2
1363480,2019-12-12,2020-01-02,,113832,201532,2
1363481,2019-12-12,2020-01-02,,113832,349735,2
1363482,2019-12-12,2020-01-02,,113832,628085,2
1363483,2019-12-12,2020-01-02,2019-12-31,113897,145020,1
1363484,2019-12-12,2020-01-02,,113915,873194,2
1363485,2019-12-12,2020-01-02,,113931,455554,2
1363486,2019-12-12,2020-01-02,,114291,695553,2
1363487,2019-12-12,2020-01-02,,114502,585262,2
1363488,2019-12-12,2020-01-02,2019-12-26,114572,297599,1
1363489,2019-12-12,2020-01-02,,114603,534220,2
1363490,2019-12-12,2020-01-02,,114762,372543,2
1363491,2019-12-12,2020-01-02,,114820,17668,2
1363492,2019-12-12,2020-01-02,,115106,164237,2
1363493,2019-12-12,2020-01-02,2019-12-26,115106,242754,1
1363494,2019-12-12,2020-01-02,,115273,259548,2
1363495,2019-12-12,2020-01-02,,115355,885801,2
1363496,2019-12-12,2020-01-02,2019-12-25,115453,923976,1
1363497,2019-12-12,2020-01-02,,115529,158062,2
1363498,2019-12-12,2020-01-02,,115529,688062,2
1363499,2019-12-12,2020-01-02,,115572,123720,2
1363500,2019-12-12,2020-01-02,,115583,354809,2
1363501,2019-12-12,2020-01-02,,115604,179804,2
1363502,2019-12-12,2020-01-02,,115714,844994,2
1363503,2019-12-12,2020-01-02,,115746,380346,2
1363504,2019-12-12,2020-01-02,,115864,600807,2
1363505,2019-12-12,2020-01-02,,115942,699008,2
1363506,2019-12-12,2020-01-02,,115980,213305,2
1363507,2019-12-12,2020-01-02,2019-12-27,116242,221287,1
1363508,2019-12-12,2020-01-02,2019-12-31,116244,434012,1
1363509,2019-12-12,2020-01-02,,116416,322536,2
1363510,2019-12-12,2020-01-02,,116416,407783,2
1363511,2019-12-12,2020-01-02,,116431,185688,2
1363512,2019-12-12,2020-01-02,,116582,151401,2
1363513,2019-12-12,2020-01-02,,116789,364910,2
1363514,2019-12-12,2020-01-02,2019-12-25,116842,139289,1
1363515,2019-12-12,2020-01-02,,116944,359526,2
1363516,2019-12-12,2020-01-02,,117208,551181,2
1363517,2019-12-12,2020-01-02,,117514,575698,2
1363518,2019-12-12,2020-01-02,,117575,103460,2
1363519,2019-12-12,2020-01-02,,117623,326221,2
1363520,2019-12-12,2020-01-02,,117623,689150,2
1363521,2019-12-12,2020-01-02,2019-12-24,117844,319517,1
1363522,2019-12-12,2020-01-02,,117896,13159,2
1363523,2019-12-12,2020-01-02,,117896,180003,2
1363524,2019-12-12,2020-01-02,,117896,253571,2
1363525,2019-12-12,2020-01-02,,117896,423290,2
1363526,2019-12-12,2020-01-02,,117923,312171,2
1363527,2019-12-12,2020-01-02,,117923,349207,2
1363528,2019-12-12,2020-01-02,,117923,397570,2
1363529,2019-12-12,2020-01-02,,117923,481932,2
1363530,2019-12-12,2020-01-02,,117923,494787,2
1363531,2019-12-12,2020-01-02,,117923,791979,2
1363532,2019-12-12,2020-01-02,,118172,759821,2
1363533,2019-12-12,2020-01-02,,118282,328248,2
1363534,2019-12-12,2020-01-02,,118322,689183,2
1363535,2019-12-12,2020-01-02,,118355,791118,2
1363536,2019-12-12,2020-01-02,2019-12-31,118568,179880,1
1363537,2019-12-12,2020-01-02,,118648,422060,2
1363538,2019-12-12,2020-01-02,,118698,898263,2
1363539,2019-12-12,2020-01-02,,118884,778426,2
1363540,2019-12-12,2020-01-02,,118884,796380,2
1363541,2019-12-12,2020-01-02,2019-12-30,119013,640658,1
1363542,2019-12-12,2020-01-02,,119293,655835,2
1363543,2019-12-12,2020-01-02,2019-12-26,119450,587590,1
1363544,2019-12-12,2020-01-02,,119453,148125,2
1363545,2019-12-12,2020-01-02,2019-12-29,119485,80697,1
1363546,2019-12-12,2020-01-02,,119486,401547,2
1363547,2019-12-12,2020-01-02,,119881,4482,2
1363548,2019-12-12,2020-01-02,,119918,274691,2
1363549,2019-12-12,2020-01-02,,120040,667184,2
1363550,2019-12-12,2020-01-02,,120131,114904,2
1363551,2019-12-12,2020-01-02,,120189,905850,2
1363552,2019-12-12,2020-01-02,,120631,700948,2
1363553,2019-12-12,2020-01-02,,120631,793882,2
1363554,2019-12-12,2020-01-02,,120724,944884,2
1363555,2019-12-12,2020-01-02,,120784,332571,2
1363556,2019-12-12,2020-01-02,,120882,67895,2
1363557,2019-12-12,2020-01-02,,120899,884728,2
1363558,2019-12-12,2020-01-02,,120982,230097,2
1363559,2019-12-12,2020-01-02,,121383,361413,2
1363560,2019-12-12,2020-01-02,,121396,797339,2
1363561,2019-12-12,2020-01-02,,121413,586525,2
1363562,2019-12-12,2020-01-02,,121683,810275,2
1363563,2019-12-12,2020-01-02,,121718,615884,2
1363564,2019-12-12,2020-01-02,,121740,244331,2
1363565,2019-12-12,2020-01-02,,121740,933506,2
1363566,2019-12-12,2020-01-02,,121798,846709,2
1363567,2019-12-12,2020-01-02,,121946,149263,2
1363568,2019-12-12,2020-01-02,,121964,429653,2
1363569,2019-12-12,2020-01-02,2019-12-28,121964,542781,1
1363570,2019-12-12,2020-01-02,,121964,917286,2
1363571,2019-12-12,2020-01-02,2019-12-30,122062,116692,1
1363572,2019-12-12,2020-01-02,,122140,923218,2
1363573,2019-12-12,2020-01-02,,122144,474109,2
1363574,2019-12-12,2020-01-02,,122185,629648,2
1363575,2019-12-12,2020-01-02,,122228,553895,2
1363576,2019-12-12,2020-01-02,2019-12-27,122475,792214,1
1363577,2019-12-12,2020-01-02,,122666,31033,2
1363578,2019-12-12,2020-01-02,,122666,32501,2
1363579,2019-12-12,2020-01-02,2019-12-27,122799,698029,1
1363580,2019-12-12,2020-01-02,,122997,108177,2
1363581,2019-12-12,2020-01-02,2019-12-28,122997,517247,1
1363582,2019-12-12,2020-01-02,,122997,689406,2
1363583,2019-12-12,2020-01-02,2019-12-30,123265,88512,1
1363584,2019-12-12,2020-01-02,2019-12-29,123359,310007,1
1363585,2019-12-12,2020-01-02,,123728,199710,2
1363586,2019-12-12,2020-01-02,,123970,617829,2
1363587,2019-12-12,2020-01-02,,123982,630140,2
1363588,2019-12-12,2020-01-02,,124015,394831,2
1363589,2019-12-12,2020-01-02,,124151,893900,2
1363590,2019-12-12,2020-01-02,,124152,620941,2
1363591,2019-12-12,2020-01-02,,124219,193035,2
1363592,2019-12-12,2020-01-02,,124321,191865,2
1363593,2019-12-12,2020-01-02,2019-12-31,124344,731715,1
1363594,2019-12-12,2020-01-02,,124375,525310,2
1363595,2019-12-12,2020-01-02,,124424,435127,2
1363596,2019-12-12,2020-01-02,,124505,689206,2
1363597,2019-12-12,2020-01-02,,124589,530316,2
1363598,2019-12-12,2020-01-02,,124686,480934,2
1363599,2019-12-12,2020-01-02,,124902,453896,2
1363600,2019-12-12,2020-01-02,2019-12-27,125052,844828,1
1363601,2019-12-12,2020-01-02,,125161,697030,2
1363602,2019-12-12,2020-01-02,,125264,310803,2
1363603,2019-12-12,2020-01-02,2019-12-31,125273,566242,1
1363604,2019-12-12,2020-01-02,2019-12-29,125355,882725,1
1363605,2019-12-12,2020-01-02,,125405,591224,2
1363606,2019-12-12,2020-01-02,,125405,600950,2
1363607,2019-12-12,2020-01-02,2019-12-25,125424,218156,1
1363608,2019-12-12,2020-01-02,,125429,832143,2
1363609,2019-12-12,2020-01-02,,125545,569717,2
1363610,2019-12-12,2020-01-02,,125549,310246,2
1363611,2019-12-12,2020-01-02,,125606,756866,2
1363612,2019-12-12,2020-01-02,,125652,87962,2
1363613,2019-12-12,2020-01-02,,125652,215157,2
1363614,2019-12-12,2020-01-02,,125652,271654,2
1363615,2019-12-12,2020-01-02,,125652,575056,2
1363616,2019-12-12,2020-01-02,2019-12-29,125652,764018,1
1363617,2019-12-12,2020-01-02,,125652,836368,2
1363618,2019-12-12,2020-01-02,,125793,417342,2
1363619,2019-12-12,2020-01-02,,125932,709499,2
1363620,2019-12-12,2020-01-02,,126051,535504,2
1363621,2019-12-12,2020-01-02,2019-12-30,126192,259648,1
1363622,2019-12-12,2020-01-02,,126375,365547,2
1363623,2019-12-12,2020-01-02,,126402,829102,2
1363624,2019-12-12,2020-01-02,2019-12-25,126423,668422,1
1363625,2019-12-12,2020-01-02,,126559,841883,2
1363626,2019-12-12,2020-01-02,,126699,231172,2
1363627,2019-12-12,2020-01-02,,126842,42337,2
1363628,2019-12-12,2020-01-02,,126842,424699,2
1363629,2019-12-12,2020-01-02,,126903,104212,2
1363630,2019-12-12,2020-01-02,2019-12-31,127073,31662,1
1363631,2019-12-12,2020-01-02,,127073,706957,2
1363632,2019-12-12,2020-01-02,,127073,709582,2
1363633,2019-12-12,2020-01-02,,127073,893167,2
1363634,2019-12-12,2020-01-02,,127073,934153,2
1363635,2019-12-12,2020-01-02,,127198,14959,2
1363636,2019-12-12,2020-01-02,,127360,262336,2
1363637,2019-12-12,2020-01-02,,127366,471916,2
1363638,2019-12-12,2020-01-02,,127485,485076,2
1363639,2019-12-12,2020-01-02,,127680,566117,2
1363640,2019-12-12,2020-01-02,2019-12-25,127685,80062,1
1363641,2019-12-12,2020-01-02,,127685,275795,2
1363642,2019-12-12,2020-01-02,,127685,392034,2
1363643,2019-12-12,2020-01-02,2019-12-26,127766,348958,1
1363644,2019-12-12,2020-01-02,2019-12-25,127868,179967,1
1363645,2019-12-12,2020-01-02,,128046,244827,2
1363646,2019-12-12,2020-01-02,,128090,679115,2
1363647,2019-12-12,2020-01-02,,128255,561043,2
1363648,2019-12-12,2020-01-02,,128260,488274,2
1363649,2019-12-12,2020-01-02,,128371,544065,2
1363650,2019-12-12,2020-01-02,,128575,672442,2
1363651,2019-12-12,2020-01-02,2019-12-26,128582,42134,1
1363652,2019-12-12,2020-01-02,,128582,741832,2
1363653,2019-12-12,2020-01-02,,128643,895257,2
1363654,2019-12-12,2020-01-02,,128707,621758,2
1363655,2019-12-12,2020-01-02,,128785,756004,2
1363656,2019-12-12,2020-01-02,,128796,445847,2
1363657,2019-12-12,2020-01-02,2019-12-28,128847,363069,1
1363658,2019-12-12,2020-01-02,2019-12-27,128851,288465,1
1363659,2019-12-12,2020-01-02,,129226,713339,2
1363660,2019-12-12,2020-01-02,,129483,412940,2
1363661,2019-12-12,2020-01-02,,129493,493036,2
1363662,2019-12-12,2020-01-02,2019-12-27,129534,619661,1
1363663,2019-12-12,2020-01-02,,129639,255334,2
1363664,2019-12-12,2020-01-02,,129744,27750,2
1363665,2019-12-12,2020-01-02,,129753,954764,2
1363666,2019-12-12,2020-01-02,,129896,5063,2
1363667,2019-12-12,2020-01-02,,129900,41782,2
1363668,2019-12-12,2020-01-02,,130024,71376,2
1363669,2019-12-12,2020-01-02,,130024,78330,2
1363670,2019-12-12,2020-01-02,,130024,142875,2
1363671,2019-12-12,2020-01-02,,130024,681589,2
1363672,2019-12-12,2020-01-02,,130122,207663,2
1363673,2019-12-12,2020-01-02,,130122,933358,2
1363674,2019-12-12,2020-01-02,,130372,672857,2
1363675,2019-12-12,2020-01-02,2019-12-30,130430,261233,1
1363676,2019-12-12,2020-01-02,2019-12-26,130430,872849,1
1363677,2019-12-12,2020-01-02,,130515,933264,2
1363678,2019-12-12,2020-01-02,,130606,489786,2
1363679,2019-12-12,2020-01-02,,130606,879801,2
1363680,2019-12-12,2020-01-02,,130689,867946,2
1363681,2019-12-12,2020-01-02,,131056,515357,2
1363682,2019-12-12,2020-01-02,,131087,599419,2
1363683,2019-12-12,2020-01-02,,131114,563751,2
1363684,2019-12-12,2020-01-02,,131176,646877,2
1363685,2019-12-12,2020-01-02,,131220,542306,2
1363686,2019-12-12,2020-01-02,2019-12-30,131272,720175,1
1363687,2019-12-12,2020-01-02,2019-12-30,131438,904526,1
1363688,2019-12-12,2020-01-02,2019-12-30,131502,844995,1
1363689,2019-12-12,2020-01-02,,131510,66889,2
1363690,2019-12-12,2020-01-02,,131510,160746,2
1363691,2019-12-12,2020-01-02,2019-12-27,131510,248973,1
1363692,2019-12-12,2020-01-02,2019-12-22,131510,340133,1
1363693,2019-12-12,2020-01-02,,131510,480560,2
1363694,2019-12-12,2020-01-02,,131510,485117,2
1363695,2019-12-12,2020-01-02,,131510,496919,2
1363696,2019-12-12,2020-01-02,,131510,753826,2
1363697,2019-12-12,2020-01-02,,131510,838219,2
1363698,2019-12-12,2020-01-02,,131510,893492,2
1363699,2019-12-12,2020-01-02,,131784,198071,2
1363700,2019-12-12,2020-01-02,,131894,240550,2
1363701,2019-12-12,2020-01-02,,131918,773610,2
1363702,2019-12-12,2020-01-02,,132064,184043,2
1363703,2019-12-12,2020-01-02,,132090,286005,2
1363704,2019-12-12,2020-01-02,,132105,806566,2
1363705,2019-12-12,2020-01-02,,132133,953238,2
1363706,2019-12-12,2020-01-02,,132144,332781,2
1363707,2019-12-12,2020-01-02,,132144,421239,2
1363708,2019-12-12,2020-01-02,,132144,503275,2
1363709,2019-12-12,2020-01-02,,132144,898035,2
1363710,2019-12-12,2020-01-02,,132156,822960,2
1363711,2019-12-12,2020-01-02,,132362,779688,2
1363712,2019-12-12,2020-01-02,,132537,575876,2
1363713,2019-12-12,2020-01-02,,132940,94645,2
1363714,2019-12-12,2020-01-02,,133065,39460,2
1363715,2019-12-12,2020-01-02,,133146,228728,2
1363716,2019-12-12,2020-01-02,,133253,825017,2
1363717,2019-12-12,2020-01-02,,133371,116671,2
1363718,2019-12-12,2020-01-02,,133371,174553,2
1363719,2019-12-12,2020-01-02,,133459,777335,2
1363720,2019-12-12,2020-01-02,,133547,110561,2
1363721,2019-12-12,2020-01-02,,133676,762841,2
1363722,2019-12-12,2020-01-02,,133907,16643,2
1363723,2019-12-12,2020-01-02,,134084,290269,2
1363724,2019-12-12,2020-01-02,,134271,793098,2
1363725,2019-12-12,2020-01-02,,134271,937059,2
1363726,2019-12-12,2020-01-02,,134367,421436,2
1363727,2019-12-12,2020-01-02,,134481,574632,2
1363728,2019-12-12,2020-01-02,,134594,564915,2
1363729,2019-12-12,2020-01-02,,134671,844749,2
1363730,2019-12-12,2020-01-02,,134853,127204,2
1363731,2019-12-12,2020-01-02,,134946,616875,2
1363732,2019-12-12,2020-01-02,,134979,347176,2
1363733,2019-12-12,2020-01-02,2019-12-28,135018,691465,1
1363734,2019-12-12,2020-01-02,,135111,806412,2
1363735,2019-12-12,2020-01-02,,135501,802353,2
1363736,2019-12-12,2020-01-02,,135674,104359,2
1363737,2019-12-12,2020-01-02,,135703,625086,2
1363738,2019-12-12,2020-01-02,,135812,819377,2
1363739,2019-12-12,2020-01-02,,135853,832974,2
1363740,2019-12-12,2020-01-02,,135957,369250,2
1363741,2019-12-12,2020-01-02,,135957,815578,2
1363742,2019-12-12,2020-01-02,,136045,477956,2
1363743,2019-12-12,2020-01-02,,136197,847085,2
1363744,2019-12-12,2020-01-02,2019-12-26,136226,479728,1
1363745,2019-12-12,2020-01-02,,136339,585535,2
1363746,2019-12-12,2020-01-02,,136353,33070,2
1363747,2019-12-12,2020-01-02,,136353,476199,2
1363748,2019-12-12,2020-01-02,2019-12-30,136353,613401,1
1363749,2019-12-12,2020-01-02,,136536,341308,2
1363750,2019-12-12,2020-01-02,,136656,32796,2
1363751,2019-12-12,2020-01-02,,136940,795446,2
1363752,2019-12-12,2020-01-02,,136954,899877,2
1363753,2019-12-12,2020-01-02,,136965,73996,2
1363754,2019-12-12,2020-01-02,,137291,358544,2
1363755,2019-12-12,2020-01-02,,137296,512543,2
1363756,2019-12-12,2020-01-02,,137409,797743,2
1363757,2019-12-12,2020-01-02,,137541,87350,2
1363758,2019-12-12,2020-01-02,2019-12-31,137564,74677,1
1363759,2019-12-12,2020-01-02,,137582,282194,2
1363760,2019-12-12,2020-01-02,,137582,837237,2
1363761,2019-12-12,2020-01-02,,137619,654723,2
1363762,2019-12-12,2020-01-02,2019-12-25,137791,161706,1
1363763,2019-12-12,2020-01-02,,137844,267619,2
1363764,2019-12-12,2020-01-02,,137844,824180,2
1363765,2019-12-12,2020-01-02,,137846,418936,2
1363766,2019-12-12,2020-01-02,,137953,316547,2
1363767,2019-12-12,2020-01-02,,137987,228104,2
1363768,2019-12-12,2020-01-02,2019-12-27,138223,444225,1
1363769,2019-12-12,2020-01-02,,138235,350698,2
1363770,2019-12-12,2020-01-02,,138534,434191,2
1363771,2019-12-12,2020-01-02,2019-12-24,138646,48280,1
1363772,2019-12-12,2020-01-02,,138731,541218,2
1363773,2019-12-12,2020-01-02,,138731,683209,2
1363774,2019-12-12,2020-01-02,,138796,44435,2
1363775,2019-12-12,2020-01-02,2019-12-30,138823,87976,1
1363776,2019-12-12,2020-01-02,,138823,215185,2
1363777,2019-12-12,2020-01-02,2019-12-24,138823,271674,1
1363778,2019-12-12,2020-01-02,,138899,591030,2
1363779,2019-12-12,2020-01-02,,138899,889110,2
1363780,2019-12-12,2020-01-02,,138939,861748,2
1363781,2019-12-12,2020-01-02,,139031,562406,2
1363782,2019-12-12,2020-01-02,,139046,338432,2
1363783,2019-12-12,2020-01-02,,139141,772295,2
1363784,2019-12-12,2020-01-02,,139141,864857,2
1363785,2019-12-12,2020-01-02,,139224,271207,2
1363786,2019-12-12,2020-01-02,,139351,615867,2
1363787,2019-12-12,2020-01-02,,139362,364759,2
1363788,2019-12-12,2020-01-02,,139610,285992,2
1363789,2019-12-12,2020-01-02,2019-12-29,139610,680554,1
1363790,2019-12-12,2020-01-02,,139691,241219,2
1363791,2019-12-12,2020-01-02,,139703,699058,2
1363792,2019-12-12,2020-01-02,,139802,638058,2
1363793,2019-12-12,2020-01-02,,139832,634503,2
1363794,2019-12-12,2020-01-02,,139838,557154,2
1363795,2019-12-12,2020-01-02,,139955,484089,2
1363796,2019-12-12,2020-01-02,,140117,698701,2
1363797,2019-12-12,2020-01-02,,140340,652175,2
1363798,2019-12-12,2020-01-02,,140387,686698,2
1363799,2019-12-12,2020-01-02,,140387,751280,2
1363800,2019-12-12,2020-01-02,2019-12-24,140402,480062,1
1363801,2019-12-12,2020-01-02,,140433,661693,2
1363802,2019-12-12,2020-01-02,,140435,45759,2
1363803,2019-12-12,2020-01-02,,140688,806874,2
1363804,2019-12-12,2020-01-02,2019-12-27,140709,157078,1
1363805,2019-12-12,2020-01-02,,140801,670179,2
1363806,2019-12-12,2020-01-02,,140813,144632,2
1363807,2019-12-12,2020-01-02,2019-12-25,140870,26662,1
1363808,2019-12-12,2020-01-02,,140875,635852,2
1363809,2019-12-12,2020-01-02,,140928,718334,2
1363810,2019-12-12,2020-01-02,,140957,565858,2
1363811,2019-12-12,2020-01-02,,140974,326455,2
1363812,2019-12-12,2020-01-02,,141276,312812,2
1363813,2019-12-12,2020-01-02,,141371,368755,2
1363814,2019-12-12,2020-01-02,2019-12-26,141428,114193,1
1363815,2019-12-12,2020-01-02,,141428,147938,2
1363816,2019-12-12,2020-01-02,,141428,305187,2
1363817,2019-12-12,2020-01-02,,141428,442928,2
1363818,2019-12-12,2020-01-02,2019-12-30,141428,723004,1
1363819,2019-12-12,2020-01-02,,141434,748289,2
1363820,2019-12-12,2020-01-02,,141437,153632,2
1363821,2019-12-12,2020-01-02,2019-12-28,141437,786829,1
1363822,2019-12-12,2020-01-02,,141613,158598,2
1363823,2019-12-12,2020-01-02,,141653,897276,2
1363824,2019-12-12,2020-01-02,,141988,234623,2
1363825,2019-12-12,2020-01-02,,142074,579673,2
1363826,2019-12-12,2020-01-02,,142081,521365,2
1363827,2019-12-12,2020-01-02,,142186,49094,2
1363828,2019-12-12,2020-01-02,,142186,152682,2
1363829,2019-12-12,2020-01-02,,142186,486966,2
1363830,2019-12-12,2020-01-02,,142230,76258,2
1363831,2019-12-12,2020-01-02,,142230,280731,2
1363832,2019-12-12,2020-01-02,,142230,877437,2
1363833,2019-12-12,2020-01-02,,142465,492491,2
1363834,2019-12-12,2020-01-02,,142518,159132,2
1363835,2019-12-12,2020-01-02,,143132,930290,2
1363836,2019-12-12,2020-01-02,,143335,436933,2
1363837,2019-12-12,2020-01-02,,143338,214812,2
1363838,2019-12-12,2020-01-02,,143554,678519,2
1363839,2019-12-12,2020-01-02,,143558,136875,2
1363840,2019-12-12,2020-01-02,2019-12-31,143558,635896,1
1363841,2019-12-12,2020-01-02,2019-12-30,143713,365929,1
1363842,2019-12-12,2020-01-02,,143713,433240,2
1363843,2019-12-12,2020-01-02,,143944,700455,2
1363844,2019-12-12,2020-01-02,,143974,849432,2
1363845,2019-12-12,2020-01-02,,143979,754653,2
1363846,2019-12-12,2020-01-02,,144065,810483,2
1363847,2019-12-12,2020-01-02,,144135,678776,2
1363848,2019-12-12,2020-01-02,,144228,717526,2
1363849,2019-12-12,2020-01-02,,144228,757960,2
1363850,2019-12-12,2020-01-02,,144336,201373,2
1363851,2019-12-12,2020-01-02,,144336,900314,2
1363852,2019-12-12,2020-01-02,,144511,272420,2
1363853,2019-12-12,2020-01-02,,144529,365065,2
1363854,2019-12-12,2020-01-02,,144541,260094,2
1363855,2019-12-12,2020-01-02,,144555,355229,2
1363856,2019-12-12,2020-01-02,2019-12-28,144563,607502,1
1363857,2019-12-12,2020-01-02,,144564,851251,2
1363858,2019-12-12,2020-01-02,,144715,52154,2
1363859,2019-12-12,2020-01-02,,144773,622369,2
1363860,2019-12-12,2020-01-02,,144831,441966,2
1363861,2019-12-12,2020-01-02,,144855,541770,2
1363862,2019-12-12,2020-01-02,,144917,280617,2
1363863,2019-12-12,2020-01-02,,145169,92919,2
1363864,2019-12-12,2020-01-02,,145534,614846,2
1363865,2019-12-12,2020-01-02,,145681,319639,2
1363866,2019-12-12,2020-01-02,,146038,681234,2
1363867,2019-12-12,2020-01-02,,146078,653128,2
1363868,2019-12-12,2020-01-02,,146186,664568,2
1363869,2019-12-12,2020-01-02,,146379,596062,2
1363870,2019-12-12,2020-01-02,,146637,3187,2
1363871,2019-12-12,2020-01-02,,146863,201375,2
1363872,2019-12-12,2020-01-02,,146899,502708,2
1363873,2019-12-12,2020-01-02,,146920,761936,2
1363874,2019-12-12,2020-01-02,,147018,912277,2
1363875,2019-12-12,2020-01-02,2019-12-24,147180,682166,1
1363876,2019-12-12,2020-01-02,,147197,705528,2
1363877,2019-12-12,2020-01-02,,147317,920892,2
1363878,2019-12-12,2020-01-02,,147414,847656,2
1363879,2019-12-12,2020-01-02,,148503,303428,2
1363880,2019-12-12,2020-01-02,,148514,313519,2
1363881,2019-12-12,2020-01-02,,148681,425474,2
1363882,2019-12-12,2020-01-02,,148748,168803,2
1363883,2019-12-12,2020-01-02,,148868,41787,2
1363884,2019-12-12,2020-01-02,,149124,59041,2
1363885,2019-12-12,2020-01-02,,149224,635627,2
1363886,2019-12-12,2020-01-02,,149532,928336,2
1363887,2019-12-12,2020-01-02,,149535,150295,2
1363888,2019-12-12,2020-01-02,,149718,111363,2
1363889,2019-12-12,2020-01-02,,149822,864005,2
1363890,2019-12-12,2020-01-02,,149869,357537,2
1363891,2019-12-12,2020-01-02,,149954,164442,2
1363892,2019-12-12,2020-01-02,2019-12-26,150170,435560,1
1363893,2019-12-12,2020-01-02,2019-12-25,150201,291355,1
1363894,2019-12-12,2020-01-02,,150245,80173,2
1363895,2019-12-12,2020-01-02,,150266,54210,2
1363896,2019-12-12,2020-01-02,2019-12-30,150665,45671,1
1363897,2019-12-12,2020-01-02,,150671,807453,2
1363898,2019-12-12,2020-01-02,2019-12-29,150756,782799,1
1363899,2019-12-12,2020-01-02,,150880,219224,2
1363900,2019-12-12,2020-01-02,,151224,776955,2
1363901,2019-12-12,2020-01-02,,151234,612665,2
1363902,2019-12-12,2020-01-02,,151353,93124,2
1363903,2019-12-12,2020-01-02,,151353,340931,2
1363904,2019-12-12,2020-01-02,,151367,76124,2
1363905,2019-12-12,2020-01-02,,151899,457025,2
1363906,2019-12-12,2020-01-02,,152075,177,2
1363907,2019-12-12,2020-01-02,,152158,198386,2
1363908,2019-12-12,2020-01-02,2019-12-31,152240,74955,1
1363909,2019-12-12,2020-01-02,,152260,952887,2
1363910,2019-12-12,2020-01-02,2019-12-26,152341,770214,1
1363911,2019-12-12,2020-01-02,2019-12-24,152510,631398,1
1363912,2019-12-12,2020-01-02,,152532,445525,2
1363913,2019-12-12,2020-01-02,,152572,434375,2
1363914,2019-12-12,2020-01-02,,153626,653439,2
1363915,2019-12-12,2020-01-02,,153701,821267,2
1363916,2019-12-12,2020-01-02,,153877,104477,2
1363917,2019-12-12,2020-01-02,,153909,471546,2
1363918,2019-12-12,2020-01-02,2019-12-22,154067,343949,1
1363919,2019-12-12,2020-01-02,,154117,104360,2
1363920,2019-12-12,2020-01-02,,154328,804852,2
1363921,2019-12-12,2020-01-02,,154359,219131,2
1363922,2019-12-12,2020-01-02,,154391,124437,2
1363923,2019-12-12,2020-01-02,,154480,772015,2
1363924,2019-12-12,2020-01-02,,154488,893820,2
1363925,2019-12-12,2020-01-02,2019-12-26,154563,556814,1
1363926,2019-12-12,2020-01-02,,154619,418383,2
1363927,2019-12-12,2020-01-02,,154657,309076,2
1363928,2019-12-12,2020-01-02,,154708,480792,2
1363929,2019-12-12,2020-01-02,,154757,309533,2
1363930,2019-12-12,2020-01-02,,154757,434572,2
1363931,2019-12-12,2020-01-02,,154955,620319,2
1363932,2019-12-12,2020-01-02,,155208,228472,2
1363933,2019-12-12,2020-01-02,,155226,48472,2
1363934,2019-12-12,2020-01-02,,155330,729427,2
1363935,2019-12-12,2020-01-02,2019-12-24,155354,430185,1
1363936,2019-12-12,2020-01-02,2019-12-29,155398,412628,1
1363937,2019-12-12,2020-01-02,,155865,379520,2
1363938,2019-12-12,2020-01-02,,155865,845523,2
1363939,2019-12-12,2020-01-02,2019-12-27,156011,99445,1
1363940,2019-12-12,2020-01-02,2019-12-26,156011,150386,1
1363941,2019-12-12,2020-01-02,,156011,215821,2
1363942,2019-12-12,2020-01-02,2019-12-30,156011,237404,1
1363943,2019-12-12,2020-01-02,2019-12-29,156011,288113,1
1363944,2019-12-12,2020-01-02,2019-12-30,156011,308256,1
1363945,2019-12-12,2020-01-02,,156011,310561,2
1363946,2019-12-12,2020-01-02,,156011,378424,2
1363947,2019-12-12,2020-01-02,,156011,398189,2
1363948,2019-12-12,2020-01-02,2019-12-26,156011,456302,1
1363949,2019-12-12,2020-01-02,,156011,514547,2
1363950,2019-12-12,2020-01-02,,156011,646620,2
1363951,2019-12-12,2020-01-02,2019-12-27,156011,792765,1
1363952,2019-12-12,2020-01-02,,156011,795497,2
1363953,2019-12-12,2020-01-02,,156011,819547,2
1363954,2019-12-12,2020-01-02,,156011,870063,2
1363955,2019-12-12,2020-01-02,2019-12-30,156011,915601,1
1363956,2019-12-12,2020-01-02,,156011,917606,2
1363957,2019-12-12,2020-01-02,,156400,636179,2
1363958,2019-12-12,2020-01-02,,156413,619717,2
1363959,2019-12-12,2020-01-02,2019-12-26,156422,558400,1
1363960,2019-12-12,2020-01-02,,157106,909207,2
1363961,2019-12-12,2020-01-02,,157145,217476,2
1363962,2019-12-12,2020-01-02,,157233,24710,2
1363963,2019-12-12,2020-01-02,,157272,709963,2
1363964,2019-12-12,2020-01-02,2019-12-31,157275,812531,1
1363965,2019-12-12,2020-01-02,,157332,245015,2
1363966,2019-12-12,2020-01-02,,157336,391899,2
1363967,2019-12-12,2020-01-02,,157367,908309,2
1363968,2019-12-12,2020-01-02,,157498,348099,2
1363969,2019-12-12,2020-01-02,,157690,799978,2
1363970,2019-12-12,2020-01-02,,157715,343820,2
1363971,2019-12-12,2020-01-02,,157738,321710,2
1363972,2019-12-12,2020-01-02,,157789,343638,2
1363973,2019-12-12,2020-01-02,,157860,607947,2
1363974,2019-12-12,2020-01-02,,158008,856807,2
1363975,2019-12-12,2020-01-02,,158036,557190,2
1363976,2019-12-12,2020-01-02,,158315,830427,2
1363977,2019-12-12,2020-01-02,2019-12-25,158666,183401,1
1363978,2019-12-12,2020-01-02,,159168,436809,2
1363979,2019-12-12,2020-01-02,,159168,630153,2
1363980,2019-12-12,2020-01-02,,159168,750235,2
1363981,2019-12-12,2020-01-02,,159168,851807,2
1363982,2019-12-12,2020-01-02,,159223,547866,2
1363983,2019-12-12,2020-01-02,,159330,131747,2
1363984,2019-12-12,2020-01-02,,159369,568228,2
1363985,2019-12-12,2020-01-02,,159376,74136,2
1363986,2019-12-12,2020-01-02,,159522,514829,2
1363987,2019-12-13,2020-01-03,2019-12-28,21,491546,1
1363988,2019-12-13,2020-01-03,,77,104361,2
1363989,2019-12-13,2020-01-03,,77,698850,2
1363990,2019-12-13,2020-01-03,,156,715237,2
1363991,2019-12-13,2020-01-03,,184,347923,2
1363992,2019-12-13,2020-01-03,,340,564429,2
1363993,2019-12-13,2020-01-03,,437,415551,2
1363994,2019-12-13,2020-01-03,,523,557347,2
1363995,2019-12-13,2020-01-03,2019-12-30,605,219401,1
1363996,2019-12-13,2020-01-03,,713,836096,2
1363997,2019-12-13,2020-01-03,,798,170102,2
1363998,2019-12-13,2020-01-03,,1042,347647,2
1363999,2019-12-13,2020-01-03,2019-12-30,1081,26874,1
1364000,2019-12-13,2020-01-03,,1493,357594,2
1364001,2019-12-13,2020-01-03,,1531,119201,2
1364002,2019-12-13,2020-01-03,,1539,532531,2
1364003,2019-12-13,2020-01-03,,1708,170957,2
1364004,2019-12-13,2020-01-03,2019-12-30,1737,808044,1
1364005,2019-12-13,2020-01-03,,1739,754656,2
1364006,2019-12-13,2020-01-03,,1817,457692,2
1364007,2019-12-13,2020-01-03,,1824,478769,2
1364008,2019-12-13,2020-01-03,,1832,216030,2
1364009,2019-12-13,2020-01-03,,1854,123380,2
1364010,2019-12-13,2020-01-03,,1907,877490,2
1364011,2019-12-13,2020-01-03,,2177,827338,2
1364012,2019-12-13,2020-01-03,,2260,717243,2
1364013,2019-12-13,2020-01-03,,2307,222925,2
1364014,2019-12-13,2020-01-03,,2307,253498,2
1364015,2019-12-13,2020-01-03,,2311,118077,2
1364016,2019-12-13,2020-01-03,,2329,779281,2
1364017,2019-12-13,2020-01-03,,2447,593475,2
1364018,2019-12-13,2020-01-03,,2535,168944,2
1364019,2019-12-13,2020-01-03,,2596,27606,2
1364020,2019-12-13,2020-01-03,,2597,18241,2
1364021,2019-12-13,2020-01-03,2019-12-27,2597,47004,1
1364022,2019-12-13,2020-01-03,,2644,553363,2
1364023,2019-12-13,2020-01-03,,2773,257838,2
1364024,2019-12-13,2020-01-03,,2799,352307,2
1364025,2019-12-13,2020-01-03,,2850,847711,2
1364026,2019-12-13,2020-01-03,,2874,12841,2
1364027,2019-12-13,2020-01-03,,3022,455954,2
1364028,2019-12-13,2020-01-03,,3032,11575,2
1364029,2019-12-13,2020-01-03,,3095,408464,2
1364030,2019-12-13,2020-01-03,,3231,754584,2
1364031,2019-12-13,2020-01-03,,3491,262483,2
1364032,2019-12-13,2020-01-03,,3500,635806,2
1364033,2019-12-13,2020-01-03,,3662,738997,2
1364034,2019-12-13,2020-01-03,,3696,896168,2
1364035,2019-12-13,2020-01-03,2019-12-28,3738,861213,1
1364036,2019-12-13,2020-01-03,,3784,811042,2
1364037,2019-12-13,2020-01-03,,3831,32773,2
1364038,2019-12-13,2020-01-03,,3990,132011,2
1364039,2019-12-13,2020-01-03,2019-12-30,3991,481884,1
1364040,2019-12-13,2020-01-03,,4003,745939,2
1364041,2019-12-13,2020-01-03,2019-12-25,4104,926811,1
1364042,2019-12-13,2020-01-03,,4216,419735,2
1364043,2019-12-13,2020-01-03,,4231,166649,2
1364044,2019-12-13,2020-01-03,,4506,630383,2
1364045,2019-12-13,2020-01-03,2019-12-29,4508,10436,1
1364046,2019-12-13,2020-01-03,,4761,227975,2
1364047,2019-12-13,2020-01-03,,4858,89625,2
1364048,2019-12-13,2020-01-03,,4858,557183,2
1364049,2019-12-13,2020-01-03,,4986,35314,2
1364050,2019-12-13,2020-01-03,,5046,454875,2
1364051,2019-12-13,2020-01-03,,5090,176562,2
1364052,2019-12-13,2020-01-03,,5533,198129,2
1364053,2019-12-13,2020-01-03,,5611,324888,2
1364054,2019-12-13,2020-01-03,,5611,863443,2
1364055,2019-12-13,2020-01-03,2019-12-27,5707,160042,1
1364056,2019-12-13,2020-01-03,,5756,464260,2
1364057,2019-12-13,2020-01-03,,5756,832537,2
1364058,2019-12-13,2020-01-03,,5758,87609,2
1364059,2019-12-13,2020-01-03,,5763,81009,2
1364060,2019-12-13,2020-01-03,,5831,617840,2
1364061,2019-12-13,2020-01-03,2019-12-31,5995,25605,1
1364062,2019-12-13,2020-01-03,,5995,382618,2
1364063,2019-12-13,2020-01-03,,6006,440460,2
1364064,2019-12-13,2020-01-03,,6006,680860,2
1364065,2019-12-13,2020-01-03,,6034,574507,2
1364066,2019-12-13,2020-01-03,,6097,923285,2
1364067,2019-12-13,2020-01-03,2019-12-29,6214,675637,1
1364068,2019-12-13,2020-01-03,,6308,72086,2
1364069,2019-12-13,2020-01-03,,6420,385814,2
1364070,2019-12-13,2020-01-03,,6534,326949,2
1364071,2019-12-13,2020-01-03,,6645,253979,2
1364072,2019-12-13,2020-01-03,,6662,150037,2
1364073,2019-12-13,2020-01-03,2019-12-24,6662,569077,1
1364074,2019-12-13,2020-01-03,,6662,780814,2
1364075,2019-12-13,2020-01-03,,6696,446084,2
1364076,2019-12-13,2020-01-03,2019-12-31,6725,65008,1
1364077,2019-12-13,2020-01-03,,6725,514362,2
1364078,2019-12-13,2020-01-03,,6874,636168,2
1364079,2019-12-13,2020-01-03,,6886,339515,2
1364080,2019-12-13,2020-01-03,,6947,545942,2
1364081,2019-12-13,2020-01-03,,7020,316596,2
1364082,2019-12-13,2020-01-03,,7371,877054,2
1364083,2019-12-13,2020-01-03,,7538,721673,2
1364084,2019-12-13,2020-01-03,,7549,698702,2
1364085,2019-12-13,2020-01-03,,7622,667928,2
1364086,2019-12-13,2020-01-03,,7625,681964,2
1364087,2019-12-13,2020-01-03,,7702,869567,2
1364088,2019-12-13,2020-01-03,,7738,648269,2
1364089,2019-12-13,2020-01-03,2019-12-27,7773,844945,1
1364090,2019-12-13,2020-01-03,,7957,508391,2
1364091,2019-12-13,2020-01-03,,7988,710390,2
1364092,2019-12-13,2020-01-03,,7998,115153,2
1364093,2019-12-13,2020-01-03,,8002,528725,2
1364094,2019-12-13,2020-01-03,,8084,83615,2
1364095,2019-12-13,2020-01-03,,8116,640526,2
1364096,2019-12-13,2020-01-03,,8225,119704,2
1364097,2019-12-13,2020-01-03,,8240,259336,2
1364098,2019-12-13,2020-01-03,,8325,288738,2
1364099,2019-12-13,2020-01-03,,8330,695511,2
1364100,2019-12-13,2020-01-03,,8499,140729,2
1364101,2019-12-13,2020-01-03,,8638,6087,2
1364102,2019-12-13,2020-01-03,,8729,418872,2
1364103,2019-12-13,2020-01-03,,8964,104501,2
1364104,2019-12-13,2020-01-03,,9090,644929,2
1364105,2019-12-13,2020-01-03,,9119,21749,2
1364106,2019-12-13,2020-01-03,,9198,613270,2
1364107,2019-12-13,2020-01-03,,9303,342260,2
1364108,2019-12-13,2020-01-03,2019-12-28,9378,856147,1
1364109,2019-12-13,2020-01-03,,9380,275283,2
1364110,2019-12-13,2020-01-03,,9647,191462,2
1364111,2019-12-13,2020-01-03,,9735,310504,2
1364112,2019-12-13,2020-01-03,2019-12-29,9735,766450,1
1364113,2019-12-13,2020-01-03,,9735,770054,2
1364114,2019-12-13,2020-01-03,,9743,439371,2
1364115,2019-12-13,2020-01-03,,9814,342580,2
1364116,2019-12-13,2020-01-03,,9855,664366,2
1364117,2019-12-13,2020-01-03,,9885,397999,2
1364118,2019-12-13,2020-01-03,,10028,19778,2
1364119,2019-12-13,2020-01-03,,10028,152468,2
1364120,2019-12-13,2020-01-03,,10081,517364,2
1364121,2019-12-13,2020-01-03,2019-12-28,10103,871650,1
1364122,2019-12-13,2020-01-03,2019-12-31,10321,235910,1
1364123,2019-12-13,2020-01-03,,10362,614626,2
1364124,2019-12-13,2020-01-03,,10530,682429,2
1364125,2019-12-13,2020-01-03,,10537,886309,2
1364126,2019-12-13,2020-01-03,2019-12-30,10602,696795,1
1364127,2019-12-13,2020-01-03,,10622,27312,2
1364128,2019-12-13,2020-01-03,,10861,166379,2
1364129,2019-12-13,2020-01-03,,10866,289453,2
1364130,2019-12-13,2020-01-03,,10965,570005,2
1364131,2019-12-13,2020-01-03,,11134,5214,2
1364132,2019-12-13,2020-01-03,,11217,791610,2
1364133,2019-12-13,2020-01-03,,11226,38625,2
1364134,2019-12-13,2020-01-03,,11230,147834,2
1364135,2019-12-13,2020-01-03,,11352,333061,2
1364136,2019-12-13,2020-01-03,,11437,563632,2
1364137,2019-12-13,2020-01-03,2019-12-29,11458,258490,1
1364138,2019-12-13,2020-01-03,,11636,666878,2
1364139,2019-12-13,2020-01-03,,11854,697696,2
1364140,2019-12-13,2020-01-03,,11989,5045,2
1364141,2019-12-13,2020-01-03,,12148,643377,2
1364142,2019-12-13,2020-01-03,2019-12-30,12319,392124,1
1364143,2019-12-13,2020-01-03,,12720,549560,2
1364144,2019-12-13,2020-01-03,2019-12-28,12846,144399,1
1364145,2019-12-13,2020-01-03,2019-12-31,12846,375765,1
1364146,2019-12-13,2020-01-03,,12846,460024,2
1364147,2019-12-13,2020-01-03,,12846,460300,2
1364148,2019-12-13,2020-01-03,,12846,481300,2
1364149,2019-12-13,2020-01-03,2019-12-29,12846,496665,1
1364150,2019-12-13,2020-01-03,,12846,617155,2
1364151,2019-12-13,2020-01-03,,12846,748488,2
1364152,2019-12-13,2020-01-03,2019-12-30,12846,927974,1
1364153,2019-12-13,2020-01-03,,12881,584276,2
1364154,2019-12-13,2020-01-03,2019-12-23,12931,201737,1
1364155,2019-12-13,2020-01-03,,12931,700068,2
1364156,2019-12-13,2020-01-03,,13176,150787,2
1364157,2019-12-13,2020-01-03,,13292,280236,2
1364158,2019-12-13,2020-01-03,2019-12-26,13384,47198,1
1364159,2019-12-13,2020-01-03,,13428,944689,2
1364160,2019-12-13,2020-01-03,,13755,109989,2
1364161,2019-12-13,2020-01-03,,13784,205034,2
1364162,2019-12-13,2020-01-03,,13796,26258,2
1364163,2019-12-13,2020-01-03,,13944,916466,2
1364164,2019-12-13,2020-01-03,,14110,382962,2
1364165,2019-12-13,2020-01-03,,14369,170913,2
1364166,2019-12-13,2020-01-03,2019-12-27,14369,425966,1
1364167,2019-12-13,2020-01-03,,14660,896626,2
1364168,2019-12-13,2020-01-03,,14766,655106,2
1364169,2019-12-13,2020-01-03,,14864,290100,2
1364170,2019-12-13,2020-01-03,,14867,456520,2
1364171,2019-12-13,2020-01-03,,14876,664898,2
1364172,2019-12-13,2020-01-03,,15032,66166,2
1364173,2019-12-13,2020-01-03,2019-12-26,15034,260905,1
1364174,2019-12-13,2020-01-03,2019-12-23,15096,63678,1
1364175,2019-12-13,2020-01-03,,15096,157272,2
1364176,2019-12-13,2020-01-03,2019-12-29,15096,248178,1
1364177,2019-12-13,2020-01-03,,15096,804736,2
1364178,2019-12-13,2020-01-03,,15264,705430,2
1364179,2019-12-13,2020-01-03,,15366,603247,2
1364180,2019-12-13,2020-01-03,,15452,749938,2
1364181,2019-12-13,2020-01-03,,15470,193483,2
1364182,2019-12-13,2020-01-03,,15478,873016,2
1364183,2019-12-13,2020-01-03,,15506,48281,2
1364184,2019-12-13,2020-01-03,,15590,849968,2
1364185,2019-12-13,2020-01-03,,15685,761010,2
1364186,2019-12-13,2020-01-03,,15745,660761,2
1364187,2019-12-13,2020-01-03,2019-12-27,15771,885523,1
1364188,2019-12-13,2020-01-03,,15930,769671,2
1364189,2019-12-13,2020-01-03,,15943,778684,2
1364190,2019-12-13,2020-01-03,,15973,835514,2
1364191,2019-12-13,2020-01-03,,15992,726677,2
1364192,2019-12-13,2020-01-03,,16071,892005,2
1364193,2019-12-13,2020-01-03,,16106,699095,2
1364194,2019-12-13,2020-01-03,2019-12-24,16219,330019,1
1364195,2019-12-13,2020-01-03,2019-12-31,16405,24374,1
1364196,2019-12-13,2020-01-03,,16405,714713,2
1364197,2019-12-13,2020-01-03,,16408,610368,2
1364198,2019-12-13,2020-01-03,,16417,308402,2
1364199,2019-12-13,2020-01-03,,16634,705751,2
1364200,2019-12-13,2020-01-03,,16684,530317,2
1364201,2019-12-13,2020-01-03,,16684,650798,2
1364202,2019-12-13,2020-01-03,,16824,109794,2
1364203,2019-12-13,2020-01-03,,16898,745439,2
1364204,2019-12-13,2020-01-03,,16970,682308,2
1364205,2019-12-13,2020-01-03,,17004,647331,2
1364206,2019-12-13,2020-01-03,,17075,55346,2
1364207,2019-12-13,2020-01-03,,17277,189206,2
1364208,2019-12-13,2020-01-03,,17277,421238,2
1364209,2019-12-13,2020-01-03,,17277,483738,2
1364210,2019-12-13,2020-01-03,,17313,261761,2
1364211,2019-12-13,2020-01-03,,17327,877888,2
1364212,2019-12-13,2020-01-03,,17534,571295,2
1364213,2019-12-13,2020-01-03,2019-12-29,17597,375891,1
1364214,2019-12-13,2020-01-03,,17619,303973,2
1364215,2019-12-13,2020-01-03,2019-12-25,17619,316336,1
1364216,2019-12-13,2020-01-03,,17732,352765,2
1364217,2019-12-13,2020-01-03,,17895,164856,2
1364218,2019-12-13,2020-01-03,,17946,228150,2
1364219,2019-12-13,2020-01-03,2019-12-27,18161,729789,1
1364220,2019-12-13,2020-01-03,,18360,282139,2
1364221,2019-12-13,2020-01-03,,18564,340555,2
1364222,2019-12-13,2020-01-03,,18728,827070,2
1364223,2019-12-13,2020-01-03,,18817,550316,2
1364224,2019-12-13,2020-01-03,,18857,738278,2
1364225,2019-12-13,2020-01-03,,18860,90532,2
1364226,2019-12-13,2020-01-03,,18860,311457,2
1364227,2019-12-13,2020-01-03,2019-12-28,18860,741016,1
1364228,2019-12-13,2020-01-03,,18874,284241,2
1364229,2019-12-13,2020-01-03,,18978,628510,2
1364230,2019-12-13,2020-01-03,,18983,250240,2
1364231,2019-12-13,2020-01-03,,18983,518509,2
1364232,2019-12-13,2020-01-03,,18983,798797,2
1364233,2019-12-13,2020-01-03,,19193,517417,2
1364234,2019-12-13,2020-01-03,,19201,27001,2
1364235,2019-12-13,2020-01-03,,19420,503087,2
1364236,2019-12-13,2020-01-03,,19560,220727,2
1364237,2019-12-13,2020-01-03,,19587,419747,2
1364238,2019-12-13,2020-01-03,,19618,339122,2
1364239,2019-12-13,2020-01-03,,19618,944085,2
1364240,2019-12-13,2020-01-03,,19808,378208,2
1364241,2019-12-13,2020-01-03,,20073,410127,2
1364242,2019-12-13,2020-01-03,,20209,242706,2
1364243,2019-12-13,2020-01-03,,20209,646139,2
1364244,2019-12-13,2020-01-03,,20212,524315,2
1364245,2019-12-13,2020-01-03,,20249,601829,2
1364246,2019-12-13,2020-01-03,,20280,581771,2
1364247,2019-12-13,2020-01-03,,20367,575940,2
1364248,2019-12-13,2020-01-03,,20404,115971,2
1364249,2019-12-13,2020-01-03,,20466,756427,2
1364250,2019-12-13,2020-01-03,,20614,601795,2
1364251,2019-12-13,2020-01-03,,20644,37207,2
1364252,2019-12-13,2020-01-03,,20710,642002,2
1364253,2019-12-13,2020-01-03,,20741,454401,2
1364254,2019-12-13,2020-01-03,,20753,719730,2
1364255,2019-12-13,2020-01-03,,20805,702971,2
1364256,2019-12-13,2020-01-03,,20879,645397,2
1364257,2019-12-13,2020-01-03,,20940,410079,2
1364258,2019-12-13,2020-01-03,,21010,537610,2
1364259,2019-12-13,2020-01-03,,21340,99921,2
1364260,2019-12-13,2020-01-03,,21364,729119,2
1364261,2019-12-13,2020-01-03,,21410,753973,2
1364262,2019-12-13,2020-01-03,,21503,171681,2
1364263,2019-12-13,2020-01-03,,21517,188874,2
1364264,2019-12-13,2020-01-03,,21967,771065,2
1364265,2019-12-13,2020-01-03,,21989,392280,2
1364266,2019-12-13,2020-01-03,,22008,272767,2
1364267,2019-12-13,2020-01-03,,22152,133508,2
1364268,2019-12-13,2020-01-03,,22336,824346,2
1364269,2019-12-13,2020-01-03,,22348,437298,2
1364270,2019-12-13,2020-01-03,,22573,136219,2
1364271,2019-12-13,2020-01-03,,22630,114243,2
1364272,2019-12-13,2020-01-03,,22828,83124,2
1364273,2019-12-13,2020-01-03,,22913,152212,2
1364274,2019-12-13,2020-01-03,,23221,403988,2
1364275,2019-12-13,2020-01-03,,23277,412452,2
1364276,2019-12-13,2020-01-03,,23302,528710,2
1364277,2019-12-13,2020-01-03,,23313,110262,2
1364278,2019-12-13,2020-01-03,,23711,144225,2
1364279,2019-12-13,2020-01-03,,23812,89770,2
1364280,2019-12-13,2020-01-03,,23908,882277,2
1364281,2019-12-13,2020-01-03,,23913,68528,2
1364282,2019-12-13,2020-01-03,,23998,347260,2
1364283,2019-12-13,2020-01-03,,24182,329991,2
1364284,2019-12-13,2020-01-03,,24446,144178,2
1364285,2019-12-13,2020-01-03,,24454,13174,2
1364286,2019-12-13,2020-01-03,,24760,40588,2
1364287,2019-12-13,2020-01-03,,24766,99844,2
1364288,2019-12-13,2020-01-03,2019-12-27,24868,74530,1
1364289,2019-12-13,2020-01-03,,24914,840551,2
1364290,2019-12-13,2020-01-03,,24959,793099,2
1364291,2019-12-13,2020-01-03,,24967,265679,2
1364292,2019-12-13,2020-01-03,,25014,864858,2
1364293,2019-12-13,2020-01-03,2019-12-29,25046,417206,1
1364294,2019-12-13,2020-01-03,,25079,104502,2
1364295,2019-12-13,2020-01-03,,25095,112256,2
1364296,2019-12-13,2020-01-03,,25095,801903,2
1364297,2019-12-13,2020-01-03,,25203,615688,2
1364298,2019-12-13,2020-01-03,,25382,433291,2
1364299,2019-12-13,2020-01-03,,25390,36250,2
1364300,2019-12-13,2020-01-03,,25638,368881,2
1364301,2019-12-13,2020-01-03,,25779,166745,2
1364302,2019-12-13,2020-01-03,,26025,471732,2
1364303,2019-12-13,2020-01-03,,26126,895253,2
1364304,2019-12-13,2020-01-03,,26143,801801,2
1364305,2019-12-13,2020-01-03,,26200,276458,2
1364306,2019-12-13,2020-01-03,,26245,885566,2
1364307,2019-12-13,2020-01-03,,26369,875500,2
1364308,2019-12-13,2020-01-03,,26371,245051,2
1364309,2019-12-13,2020-01-03,,26389,459740,2
1364310,2019-12-13,2020-01-03,,26405,445011,2
1364311,2019-12-13,2020-01-03,,26495,361043,2
1364312,2019-12-13,2020-01-03,,26522,6798,2
1364313,2019-12-13,2020-01-03,,26522,49128,2
1364314,2019-12-13,2020-01-03,,26522,74883,2
1364315,2019-12-13,2020-01-03,,26522,82827,2
1364316,2019-12-13,2020-01-03,,26522,121932,2
1364317,2019-12-13,2020-01-03,,26522,146366,2
1364318,2019-12-13,2020-01-03,2019-12-29,26522,195083,1
1364319,2019-12-13,2020-01-03,2019-12-27,26522,231383,1
1364320,2019-12-13,2020-01-03,,26522,340819,2
1364321,2019-12-13,2020-01-03,,26522,356155,2
1364322,2019-12-13,2020-01-03,,26522,378582,2
1364323,2019-12-13,2020-01-03,,26522,394040,2
1364324,2019-12-13,2020-01-03,,26522,400899,2
1364325,2019-12-13,2020-01-03,,26522,544002,2
1364326,2019-12-13,2020-01-03,2019-12-30,26522,629635,1
1364327,2019-12-13,2020-01-03,,26522,642455,2
1364328,2019-12-13,2020-01-03,,26522,756530,2
1364329,2019-12-13,2020-01-03,,26522,764358,2
1364330,2019-12-13,2020-01-03,,26522,789125,2
1364331,2019-12-13,2020-01-03,,26522,865218,2
1364332,2019-12-13,2020-01-03,,26522,897974,2
1364333,2019-12-13,2020-01-03,,26596,898620,2
1364334,2019-12-13,2020-01-03,,26799,579943,2
1364335,2019-12-13,2020-01-03,,26953,333398,2
1364336,2019-12-13,2020-01-03,2019-12-29,27078,481685,1
1364337,2019-12-13,2020-01-03,,27099,67016,2
1364338,2019-12-13,2020-01-03,,27162,504197,2
1364339,2019-12-13,2020-01-03,,27290,366249,2
1364340,2019-12-13,2020-01-03,,27326,318477,2
1364341,2019-12-13,2020-01-03,,27326,567738,2
1364342,2019-12-13,2020-01-03,,27500,815309,2
1364343,2019-12-13,2020-01-03,,27511,896052,2
1364344,2019-12-13,2020-01-03,2019-12-26,27684,155282,1
1364345,2019-12-13,2020-01-03,,27684,809434,2
1364346,2019-12-13,2020-01-03,,27704,39751,2
1364347,2019-12-13,2020-01-03,,28009,465940,2
1364348,2019-12-13,2020-01-03,,28069,14041,2
1364349,2019-12-13,2020-01-03,,28287,459442,2
1364350,2019-12-13,2020-01-03,,28287,567711,2
1364351,2019-12-13,2020-01-03,,28313,609181,2
1364352,2019-12-13,2020-01-03,2019-12-30,28462,611581,1
1364353,2019-12-13,2020-01-03,,28559,422671,2
1364354,2019-12-13,2020-01-03,2019-12-28,28723,420841,1
1364355,2019-12-13,2020-01-03,2019-12-27,28723,822973,1
1364356,2019-12-13,2020-01-03,,28847,228665,2
1364357,2019-12-13,2020-01-03,,28931,190742,2
1364358,2019-12-13,2020-01-03,,28962,747014,2
1364359,2019-12-13,2020-01-03,,29011,766662,2
1364360,2019-12-13,2020-01-03,2019-12-24,29152,99173,1
1364361,2019-12-13,2020-01-03,,29167,176879,2
1364362,2019-12-13,2020-01-03,,29172,551719,2
1364363,2019-12-13,2020-01-03,,29316,587643,2
1364364,2019-12-13,2020-01-03,,29450,123388,2
1364365,2019-12-13,2020-01-03,,29454,87435,2
1364366,2019-12-13,2020-01-03,2019-12-28,29726,666235,1
1364367,2019-12-13,2020-01-03,,29756,163342,2
1364368,2019-12-13,2020-01-03,,29762,190309,2
1364369,2019-12-13,2020-01-03,,30100,681828,2
1364370,2019-12-13,2020-01-03,,30136,551462,2
1364371,2019-12-13,2020-01-03,,30408,437669,2
1364372,2019-12-13,2020-01-03,,30452,505586,2
1364373,2019-12-13,2020-01-03,2019-12-31,30467,754790,1
1364374,2019-12-13,2020-01-03,,30476,394714,2
1364375,2019-12-13,2020-01-03,2019-12-24,30783,576700,1
1364376,2019-12-13,2020-01-03,,30835,496435,2
1364377,2019-12-13,2020-01-03,2019-12-30,30858,39835,1
1364378,2019-12-13,2020-01-03,,30970,947043,2
1364379,2019-12-13,2020-01-03,,30987,86726,2
1364380,2019-12-13,2020-01-03,,31228,902931,2
1364381,2019-12-13,2020-01-03,,31257,895829,2
1364382,2019-12-13,2020-01-03,,31371,99004,2
1364383,2019-12-13,2020-01-03,,31371,171323,2
1364384,2019-12-13,2020-01-03,,31371,301210,2
1364385,2019-12-13,2020-01-03,,31371,527986,2
1364386,2019-12-13,2020-01-03,,31371,673360,2
1364387,2019-12-13,2020-01-03,,31371,868293,2
1364388,2019-12-13,2020-01-03,,31417,754674,2
1364389,2019-12-13,2020-01-03,,31518,629732,2
1364390,2019-12-13,2020-01-03,,31644,7601,2
1364391,2019-12-13,2020-01-03,,31882,88513,2
1364392,2019-12-13,2020-01-03,,31882,527408,2
1364393,2019-12-13,2020-01-03,2019-12-26,31882,852322,1
1364394,2019-12-13,2020-01-03,,31931,936101,2
1364395,2019-12-13,2020-01-03,2019-12-26,32002,209789,1
1364396,2019-12-13,2020-01-03,,32033,679409,2
1364397,2019-12-13,2020-01-03,,32158,101279,2
1364398,2019-12-13,2020-01-03,,32478,613569,2
1364399,2019-12-13,2020-01-03,,32478,846925,2
1364400,2019-12-13,2020-01-03,,32485,797783,2
1364401,2019-12-13,2020-01-03,,32527,834061,2
1364402,2019-12-13,2020-01-03,2019-12-26,32616,950459,1
1364403,2019-12-13,2020-01-03,2019-12-26,32783,235631,1
1364404,2019-12-13,2020-01-03,,32804,698851,2
1364405,2019-12-13,2020-01-03,,32856,952162,2
1364406,2019-12-13,2020-01-03,,32858,23668,2
1364407,2019-12-13,2020-01-03,2019-12-25,33008,336093,1
1364408,2019-12-13,2020-01-03,,33015,907694,2
1364409,2019-12-13,2020-01-03,,33036,698703,2
1364410,2019-12-13,2020-01-03,,33104,258694,2
1364411,2019-12-13,2020-01-03,,33140,121609,2
1364412,2019-12-13,2020-01-03,,33143,415612,2
1364413,2019-12-13,2020-01-03,,33187,546413,2
1364414,2019-12-13,2020-01-03,,33195,861335,2
1364415,2019-12-13,2020-01-03,,33299,828635,2
1364416,2019-12-13,2020-01-03,,33456,581413,2
1364417,2019-12-13,2020-01-03,,33593,385574,2
1364418,2019-12-13,2020-01-03,,33712,12640,2
1364419,2019-12-13,2020-01-03,,33724,220349,2
1364420,2019-12-13,2020-01-03,,33751,112566,2
1364421,2019-12-13,2020-01-03,,33767,676331,2
1364422,2019-12-13,2020-01-03,,33821,820312,2
1364423,2019-12-13,2020-01-03,,33958,565437,2
1364424,2019-12-13,2020-01-03,,34048,819146,2
1364425,2019-12-13,2020-01-03,2019-12-29,34386,497310,1
1364426,2019-12-13,2020-01-03,,34434,208341,2
1364427,2019-12-13,2020-01-03,,34483,541845,2
1364428,2019-12-13,2020-01-03,,34515,891271,2
1364429,2019-12-13,2020-01-03,2019-12-29,34542,542736,1
1364430,2019-12-13,2020-01-03,,34608,498155,2
1364431,2019-12-13,2020-01-03,,34639,433879,2
1364432,2019-12-13,2020-01-03,,34737,639853,2
1364433,2019-12-13,2020-01-03,2019-12-25,34767,153146,1
1364434,2019-12-13,2020-01-03,2019-12-29,34767,682147,1
1364435,2019-12-13,2020-01-03,,34835,115961,2
1364436,2019-12-13,2020-01-03,,34983,194592,2
1364437,2019-12-13,2020-01-03,,35006,345257,2
1364438,2019-12-13,2020-01-03,,35031,755402,2
1364439,2019-12-13,2020-01-03,,35035,171697,2
1364440,2019-12-13,2020-01-03,2019-12-27,35110,909675,1
1364441,2019-12-13,2020-01-03,,35217,405314,2
1364442,2019-12-13,2020-01-03,,35277,97324,2
1364443,2019-12-13,2020-01-03,,35326,486767,2
1364444,2019-12-13,2020-01-03,,35431,82900,2
1364445,2019-12-13,2020-01-03,,35462,395232,2
1364446,2019-12-13,2020-01-03,,35642,209225,2
1364447,2019-12-13,2020-01-03,,35642,282101,2
1364448,2019-12-13,2020-01-03,2019-12-29,35779,665468,1
1364449,2019-12-13,2020-01-03,2019-12-31,35792,226202,1
1364450,2019-12-13,2020-01-03,,35797,786294,2
1364451,2019-12-13,2020-01-03,,35836,275764,2
1364452,2019-12-13,2020-01-03,,35878,342556,2
1364453,2019-12-13,2020-01-03,,36044,100948,2
1364454,2019-12-13,2020-01-03,,36044,798535,2
1364455,2019-12-13,2020-01-03,,36044,828764,2
1364456,2019-12-13,2020-01-03,,36314,208204,2
1364457,2019-12-13,2020-01-03,,36349,591003,2
1364458,2019-12-13,2020-01-03,,36362,664037,2
1364459,2019-12-13,2020-01-03,,36375,642508,2
1364460,2019-12-13,2020-01-03,,36817,80322,2
1364461,2019-12-13,2020-01-03,,37060,99636,2
1364462,2019-12-13,2020-01-03,,37175,861749,2
1364463,2019-12-13,2020-01-03,,37198,576172,2
1364464,2019-12-13,2020-01-03,,37595,771929,2
1364465,2019-12-13,2020-01-03,,38016,270769,2
1364466,2019-12-13,2020-01-03,,38066,696732,2
1364467,2019-12-13,2020-01-03,,38081,418773,2
1364468,2019-12-13,2020-01-03,,38100,252237,2
1364469,2019-12-13,2020-01-03,2019-12-29,38276,886648,1
1364470,2019-12-13,2020-01-03,,38283,813287,2
1364471,2019-12-13,2020-01-03,,38301,621686,2
1364472,2019-12-13,2020-01-03,,38666,599680,2
1364473,2019-12-13,2020-01-03,,38728,365884,2
1364474,2019-12-13,2020-01-03,,38754,561867,2
1364475,2019-12-13,2020-01-03,,38770,730958,2
1364476,2019-12-13,2020-01-03,,38837,176945,2
1364477,2019-12-13,2020-01-03,,38875,713869,2
1364478,2019-12-13,2020-01-03,,38931,828854,2
1364479,2019-12-13,2020-01-03,2019-12-25,38954,463411,1
1364480,2019-12-13,2020-01-03,,38992,127996,2
1364481,2019-12-13,2020-01-03,,39146,878424,2
1364482,2019-12-13,2020-01-03,,39219,24139,2
1364483,2019-12-13,2020-01-03,,39426,59866,2
1364484,2019-12-13,2020-01-03,,39564,341109,2
1364485,2019-12-13,2020-01-03,,39623,171206,2
1364486,2019-12-13,2020-01-03,,39786,37357,2
1364487,2019-12-13,2020-01-03,2019-12-25,40048,635639,1
1364488,2019-12-13,2020-01-03,,40201,830260,2
1364489,2019-12-13,2020-01-03,,40215,737679,2
1364490,2019-12-13,2020-01-03,2019-12-30,40240,26456,1
1364491,2019-12-13,2020-01-03,,40373,905666,2
1364492,2019-12-13,2020-01-03,,40393,773313,2
1364493,2019-12-13,2020-01-03,,40591,468336,2
1364494,2019-12-13,2020-01-03,,40710,680171,2
1364495,2019-12-13,2020-01-03,,40889,672823,2
1364496,2019-12-13,2020-01-03,,40951,598569,2
1364497,2019-12-13,2020-01-03,,40975,25641,2
1364498,2019-12-13,2020-01-03,,40975,147640,2
1364499,2019-12-13,2020-01-03,,40991,9796,2
1364500,2019-12-13,2020-01-03,,40991,26716,2
1364501,2019-12-13,2020-01-03,,41115,124101,2
1364502,2019-12-13,2020-01-03,,41272,152993,2
1364503,2019-12-13,2020-01-03,,41355,381406,2
1364504,2019-12-13,2020-01-03,,41663,740027,2
1364505,2019-12-13,2020-01-03,,41827,421437,2
1364506,2019-12-13,2020-01-03,2019-12-26,42675,847899,1
1364507,2019-12-13,2020-01-03,,42740,114217,2
1364508,2019-12-13,2020-01-03,,42966,745679,2
1364509,2019-12-13,2020-01-03,,43298,322785,2
1364510,2019-12-13,2020-01-03,2019-12-28,43364,792390,1
1364511,2019-12-13,2020-01-03,,43580,538502,2
1364512,2019-12-13,2020-01-03,,43615,142160,2
1364513,2019-12-13,2020-01-03,,43615,334607,2
1364514,2019-12-13,2020-01-03,,43615,461172,2
1364515,2019-12-13,2020-01-03,,43615,677788,2
1364516,2019-12-13,2020-01-03,,43617,246311,2
1364517,2019-12-13,2020-01-03,,43642,200874,2
1364518,2019-12-13,2020-01-03,,43657,558279,2
1364519,2019-12-13,2020-01-03,,43748,756416,2
1364520,2019-12-13,2020-01-03,,43789,47503,2
1364521,2019-12-13,2020-01-03,,43821,305237,2
1364522,2019-12-13,2020-01-03,,43825,121339,2
1364523,2019-12-13,2020-01-03,2019-12-29,43851,41923,1
1364524,2019-12-13,2020-01-03,,43851,191430,2
1364525,2019-12-13,2020-01-03,2019-12-28,43851,661140,1
1364526,2019-12-13,2020-01-03,,43851,693733,2
1364527,2019-12-13,2020-01-03,,43851,720505,2
1364528,2019-12-13,2020-01-03,2019-12-25,43930,741848,1
1364529,2019-12-13,2020-01-03,,43976,584468,2
1364530,2019-12-13,2020-01-03,,44014,610196,2
1364531,2019-12-13,2020-01-03,2019-12-31,44073,880043,1
1364532,2019-12-13,2020-01-03,,44147,176064,2
1364533,2019-12-13,2020-01-03,,44148,802428,2
1364534,2019-12-13,2020-01-03,,44337,164109,2
1364535,2019-12-13,2020-01-03,,44440,620986,2
1364536,2019-12-13,2020-01-03,,44519,920537,2
1364537,2019-12-13,2020-01-03,,44643,441836,2
1364538,2019-12-13,2020-01-03,,44758,773484,2
1364539,2019-12-13,2020-01-03,,44780,917785,2
1364540,2019-12-13,2020-01-03,,44834,626095,2
1364541,2019-12-13,2020-01-03,2019-12-26,45091,223693,1
1364542,2019-12-13,2020-01-03,,45093,341639,2
1364543,2019-12-13,2020-01-03,,45093,474805,2
1364544,2019-12-13,2020-01-03,,45093,719024,2
1364545,2019-12-13,2020-01-03,,45132,468066,2
1364546,2019-12-13,2020-01-03,,45263,565451,2
1364547,2019-12-13,2020-01-03,2019-12-26,45378,524060,1
1364548,2019-12-13,2020-01-03,,45455,364582,2
1364549,2019-12-13,2020-01-03,2019-12-25,45559,426097,1
1364550,2019-12-13,2020-01-03,,45564,741851,2
1364551,2019-12-13,2020-01-03,,45642,903588,2
1364552,2019-12-13,2020-01-03,,45646,251141,2
1364553,2019-12-13,2020-01-03,,45651,933159,2
1364554,2019-12-13,2020-01-03,,45767,104445,2
1364555,2019-12-13,2020-01-03,,45982,521811,2
1364556,2019-12-13,2020-01-03,,46032,437084,2
1364557,2019-12-13,2020-01-03,,46125,172825,2
1364558,2019-12-13,2020-01-03,,46140,48650,2
1364559,2019-12-13,2020-01-03,,46293,581029,2
1364560,2019-12-13,2020-01-03,,46530,580084,2
1364561,2019-12-13,2020-01-03,,46921,609172,2
1364562,2019-12-13,2020-01-03,2019-12-27,46964,33631,1
1364563,2019-12-13,2020-01-03,,47229,366506,2
1364564,2019-12-13,2020-01-03,,47340,28926,2
1364565,2019-12-13,2020-01-03,,47340,100758,2
1364566,2019-12-13,2020-01-03,,47340,495632,2
1364567,2019-12-13,2020-01-03,,47340,642422,2
1364568,2019-12-13,2020-01-03,,47363,74192,2
1364569,2019-12-13,2020-01-03,2019-12-29,47363,114833,1
1364570,2019-12-13,2020-01-03,,47363,219831,2
1364571,2019-12-13,2020-01-03,2019-12-28,47363,305385,1
1364572,2019-12-13,2020-01-03,,47363,320031,2
1364573,2019-12-13,2020-01-03,,47363,741248,2
1364574,2019-12-13,2020-01-03,,47363,828993,2
1364575,2019-12-13,2020-01-03,,47407,821614,2
1364576,2019-12-13,2020-01-03,2019-12-28,47565,247131,1
1364577,2019-12-13,2020-01-03,,47659,730807,2
1364578,2019-12-13,2020-01-03,,47659,762193,2
1364579,2019-12-13,2020-01-03,2019-12-25,47758,89125,1
1364580,2019-12-13,2020-01-03,,47765,80935,2
1364581,2019-12-13,2020-01-03,2019-12-27,47795,666027,1
1364582,2019-12-13,2020-01-03,,47972,703758,2
1364583,2019-12-13,2020-01-03,,47993,835879,2
1364584,2019-12-13,2020-01-03,,48117,467283,2
1364585,2019-12-13,2020-01-03,2019-12-30,48190,419606,1
1364586,2019-12-13,2020-01-03,,48718,679530,2
1364587,2019-12-13,2020-01-03,,48881,741833,2
1364588,2019-12-13,2020-01-03,,48918,33009,2
1364589,2019-12-13,2020-01-03,,49015,90296,2
1364590,2019-12-13,2020-01-03,,49376,752573,2
1364591,2019-12-13,2020-01-03,,49396,653176,2
1364592,2019-12-13,2020-01-03,,49715,760584,2
1364593,2019-12-13,2020-01-03,2019-12-24,49717,923233,1
1364594,2019-12-13,2020-01-03,,49833,410621,2
1364595,2019-12-13,2020-01-03,,49833,903820,2
1364596,2019-12-13,2020-01-03,,49833,924727,2
1364597,2019-12-13,2020-01-03,2019-12-26,49901,611116,1
1364598,2019-12-13,2020-01-03,,49920,886344,2
1364599,2019-12-13,2020-01-03,,49928,719603,2
1364600,2019-12-13,2020-01-03,,49969,132028,2
1364601,2019-12-13,2020-01-03,2019-12-29,49970,60026,1
1364602,2019-12-13,2020-01-03,,49971,195318,2
1364603,2019-12-13,2020-01-03,,50045,918597,2
1364604,2019-12-13,2020-01-03,,50159,310420,2
1364605,2019-12-13,2020-01-03,,50353,667445,2
1364606,2019-12-13,2020-01-03,,50407,567255,2
1364607,2019-12-13,2020-01-03,,50408,856257,2
1364608,2019-12-13,2020-01-03,,50437,422645,2
1364609,2019-12-13,2020-01-03,,50490,38425,2
1364610,2019-12-13,2020-01-03,,50713,156892,2
1364611,2019-12-13,2020-01-03,,50811,154117,2
1364612,2019-12-13,2020-01-03,,50825,326747,2
1364613,2019-12-13,2020-01-03,2019-12-31,50904,117385,1
1364614,2019-12-13,2020-01-03,,50928,687802,2
1364615,2019-12-13,2020-01-03,,50971,136473,2
1364616,2019-12-13,2020-01-03,,51024,919952,2
1364617,2019-12-13,2020-01-03,,51136,696221,2
1364618,2019-12-13,2020-01-03,,51147,237787,2
1364619,2019-12-13,2020-01-03,,51182,692832,2
1364620,2019-12-13,2020-01-03,,51373,611056,2
1364621,2019-12-13,2020-01-03,,51402,82556,2
1364622,2019-12-13,2020-01-03,,51446,664104,2
1364623,2019-12-13,2020-01-03,,51514,489695,2
1364624,2019-12-13,2020-01-03,,51549,167667,2
1364625,2019-12-13,2020-01-03,,51890,187893,2
1364626,2019-12-13,2020-01-03,,51892,406599,2
1364627,2019-12-13,2020-01-03,,51925,698282,2
1364628,2019-12-13,2020-01-03,,51942,684155,2
1364629,2019-12-13,2020-01-03,,52013,268544,2
1364630,2019-12-13,2020-01-03,,52029,801389,2
1364631,2019-12-13,2020-01-03,,52036,244200,2
1364632,2019-12-13,2020-01-03,2019-12-25,52036,601080,1
1364633,2019-12-13,2020-01-03,,52036,669569,2
1364634,2019-12-13,2020-01-03,,52139,356390,2
1364635,2019-12-13,2020-01-03,,52139,903080,2
1364636,2019-12-13,2020-01-03,,52249,722831,2
1364637,2019-12-13,2020-01-03,,52411,524285,2
1364638,2019-12-13,2020-01-03,,52490,381442,2
1364639,2019-12-13,2020-01-03,2019-12-29,52537,158533,1
1364640,2019-12-13,2020-01-03,,52591,827097,2
1364641,2019-12-13,2020-01-03,,52629,709147,2
1364642,2019-12-13,2020-01-03,,52872,214274,2
1364643,2019-12-13,2020-01-03,,52922,831412,2
1364644,2019-12-13,2020-01-03,,53034,639608,2
1364645,2019-12-13,2020-01-03,,53195,151379,2
1364646,2019-12-13,2020-01-03,,53195,465849,2
1364647,2019-12-13,2020-01-03,,53195,661120,2
1364648,2019-12-13,2020-01-03,,53212,889674,2
1364649,2019-12-13,2020-01-03,,53327,167668,2
1364650,2019-12-13,2020-01-03,,53327,587361,2
1364651,2019-12-13,2020-01-03,,53342,889571,2
1364652,2019-12-13,2020-01-03,,53367,377439,2
1364653,2019-12-13,2020-01-03,,53408,766478,2
1364654,2019-12-13,2020-01-03,,53471,625573,2
1364655,2019-12-13,2020-01-03,,53540,870179,2
1364656,2019-12-13,2020-01-03,2019-12-24,53552,639388,1
1364657,2019-12-13,2020-01-03,,53576,491057,2
1364658,2019-12-13,2020-01-03,,53655,11139,2
1364659,2019-12-13,2020-01-03,,53667,279803,2
1364660,2019-12-13,2020-01-03,,53760,503503,2
1364661,2019-12-13,2020-01-03,,54013,758199,2
1364662,2019-12-13,2020-01-03,,54209,861613,2
1364663,2019-12-13,2020-01-03,2019-12-27,54338,387489,1
1364664,2019-12-13,2020-01-03,,54468,588585,2
1364665,2019-12-13,2020-01-03,2019-12-31,54495,447573,1
1364666,2019-12-13,2020-01-03,2019-12-26,54540,301108,1
1364667,2019-12-13,2020-01-03,,54717,498078,2
1364668,2019-12-13,2020-01-03,,54786,25814,2
1364669,2019-12-13,2020-01-03,,54954,672125,2
1364670,2019-12-13,2020-01-03,,54954,756721,2
1364671,2019-12-13,2020-01-03,,55241,429693,2
1364672,2019-12-13,2020-01-03,,55241,624492,2
1364673,2019-12-13,2020-01-03,,55241,665172,2
1364674,2019-12-13,2020-01-03,,55280,161666,2
1364675,2019-12-13,2020-01-03,,55319,141828,2
1364676,2019-12-13,2020-01-03,2019-12-27,55368,941802,1
1364677,2019-12-13,2020-01-03,,55445,367042,2
1364678,2019-12-13,2020-01-03,,55598,394582,2
1364679,2019-12-13,2020-01-03,,55874,697183,2
1364680,2019-12-13,2020-01-03,,55893,477744,2
1364681,2019-12-13,2020-01-03,,55968,612663,2
1364682,2019-12-13,2020-01-03,,56098,797473,2
1364683,2019-12-13,2020-01-03,2019-12-31,56143,432596,1
1364684,2019-12-13,2020-01-03,,56255,145133,2
1364685,2019-12-13,2020-01-03,,56558,115906,2
1364686,2019-12-13,2020-01-03,2019-12-30,56630,699885,1
1364687,2019-12-13,2020-01-03,,56655,370573,2
1364688,2019-12-13,2020-01-03,,56759,48411,2
1364689,2019-12-13,2020-01-03,,56895,674063,2
1364690,2019-12-13,2020-01-03,,57021,4863,2
1364691,2019-12-13,2020-01-03,,57021,17916,2
1364692,2019-12-13,2020-01-03,,57021,45939,2
1364693,2019-12-13,2020-01-03,,57021,184048,2
1364694,2019-12-13,2020-01-03,2019-12-27,57021,215926,1
1364695,2019-12-13,2020-01-03,,57021,238120,2
1364696,2019-12-13,2020-01-03,,57021,244954,2
1364697,2019-12-13,2020-01-03,,57021,339332,2
1364698,2019-12-13,2020-01-03,,57021,433913,2
1364699,2019-12-13,2020-01-03,,57021,464754,2
1364700,2019-12-13,2020-01-03,,57021,470916,2
1364701,2019-12-13,2020-01-03,,57021,475654,2
1364702,2019-12-13,2020-01-03,,57021,477938,2
1364703,2019-12-13,2020-01-03,,57021,482821,2
1364704,2019-12-13,2020-01-03,,57021,560853,2
1364705,2019-12-13,2020-01-03,,57021,565732,2
1364706,2019-12-13,2020-01-03,,57021,590968,2
1364707,2019-12-13,2020-01-03,2019-12-29,57021,663718,1
1364708,2019-12-13,2020-01-03,,57021,828504,2
1364709,2019-12-13,2020-01-03,2019-12-29,57021,840592,1
1364710,2019-12-13,2020-01-03,2019-12-26,57060,858907,1
1364711,2019-12-13,2020-01-03,,57203,856014,2
1364712,2019-12-13,2020-01-03,,57300,262086,2
1364713,2019-12-13,2020-01-03,,57369,848614,2
1364714,2019-12-13,2020-01-03,2019-12-30,57405,439280,1
1364715,2019-12-13,2020-01-03,,57582,26631,2
1364716,2019-12-13,2020-01-03,,57680,220821,2
1364717,2019-12-13,2020-01-03,,57686,577545,2
1364718,2019-12-13,2020-01-03,,57870,501711,2
1364719,2019-12-13,2020-01-03,,57948,79542,2
1364720,2019-12-13,2020-01-03,,58228,235165,2
1364721,2019-12-13,2020-01-03,,58272,677957,2
1364722,2019-12-13,2020-01-03,,58593,686699,2
1364723,2019-12-13,2020-01-03,,58631,543909,2
1364724,2019-12-13,2020-01-03,,58657,837454,2
1364725,2019-12-13,2020-01-03,,59096,950426,2
1364726,2019-12-13,2020-01-03,,59236,271693,2
1364727,2019-12-13,2020-01-03,2019-12-31,59251,291289,1
1364728,2019-12-13,2020-01-03,,59340,63746,2
1364729,2019-12-13,2020-01-03,,59472,744278,2
1364730,2019-12-13,2020-01-03,2019-12-31,59720,514372,1
1364731,2019-12-13,2020-01-03,2019-12-31,59742,341325,1
1364732,2019-12-13,2020-01-03,,59742,364806,2
1364733,2019-12-13,2020-01-03,,59742,595553,2
1364734,2019-12-13,2020-01-03,,59742,613575,2
1364735,2019-12-13,2020-01-03,,59742,671409,2
1364736,2019-12-13,2020-01-03,,59793,395536,2
1364737,2019-12-13,2020-01-03,,59838,858955,2
1364738,2019-12-13,2020-01-03,,60033,54990,2
1364739,2019-12-13,2020-01-03,2019-12-31,60062,524855,1
1364740,2019-12-13,2020-01-03,,60106,169866,2
1364741,2019-12-13,2020-01-03,,60106,525100,2
1364742,2019-12-13,2020-01-03,,60395,49484,2
1364743,2019-12-13,2020-01-03,,60500,542981,2
1364744,2019-12-13,2020-01-03,,60523,728599,2
1364745,2019-12-13,2020-01-03,2019-12-25,61221,517193,1
1364746,2019-12-13,2020-01-03,,61228,2466,2
1364747,2019-12-13,2020-01-03,,61353,525225,2
1364748,2019-12-13,2020-01-03,,61353,897226,2
1364749,2019-12-13,2020-01-03,,61394,453758,2
1364750,2019-12-13,2020-01-03,,61632,542013,2
1364751,2019-12-13,2020-01-03,,61711,19747,2
1364752,2019-12-13,2020-01-03,2019-12-28,61711,849561,1
1364753,2019-12-13,2020-01-03,,61813,464603,2
1364754,2019-12-13,2020-01-03,,61830,358703,2
1364755,2019-12-13,2020-01-03,,61887,107579,2
1364756,2019-12-13,2020-01-03,,61899,872977,2
1364757,2019-12-13,2020-01-03,,61990,759806,2
1364758,2019-12-13,2020-01-03,2019-12-30,62007,780952,1
1364759,2019-12-13,2020-01-03,,62021,913055,2
1364760,2019-12-13,2020-01-03,2019-12-30,62097,795942,1
1364761,2019-12-13,2020-01-03,,62149,828869,2
1364762,2019-12-13,2020-01-03,,62183,732488,2
1364763,2019-12-13,2020-01-03,,62215,542002,2
1364764,2019-12-13,2020-01-03,2019-12-30,62238,140956,1
1364765,2019-12-13,2020-01-03,,62249,526963,2
1364766,2019-12-13,2020-01-03,,62265,14929,2
1364767,2019-12-13,2020-01-03,2019-12-27,62341,14509,1
1364768,2019-12-13,2020-01-03,,62624,603640,2
1364769,2019-12-13,2020-01-03,,62719,348986,2
1364770,2019-12-13,2020-01-03,,62759,207464,2
1364771,2019-12-13,2020-01-03,,63108,348400,2
1364772,2019-12-13,2020-01-03,,63254,348312,2
1364773,2019-12-13,2020-01-03,,63276,26354,2
1364774,2019-12-13,2020-01-03,,63284,398273,2
1364775,2019-12-13,2020-01-03,2019-12-30,63290,501704,1
1364776,2019-12-13,2020-01-03,,63363,824888,2
1364777,2019-12-13,2020-01-03,,63456,806211,2
1364778,2019-12-13,2020-01-03,,63617,707178,2
1364779,2019-12-13,2020-01-03,2019-12-28,63810,686759,1
1364780,2019-12-13,2020-01-03,,63811,922267,2
1364781,2019-12-13,2020-01-03,,63908,129875,2
1364782,2019-12-13,2020-01-03,,63933,173627,2
1364783,2019-12-13,2020-01-03,,63970,548717,2
1364784,2019-12-13,2020-01-03,,64054,376043,2
1364785,2019-12-13,2020-01-03,2019-12-28,64082,601302,1
1364786,2019-12-13,2020-01-03,,64082,671045,2
1364787,2019-12-13,2020-01-03,,64285,50731,2
1364788,2019-12-13,2020-01-03,,64387,481639,2
1364789,2019-12-13,2020-01-03,2019-12-27,64533,99227,1
1364790,2019-12-13,2020-01-03,,64533,500506,2
1364791,2019-12-13,2020-01-03,,64533,655030,2
1364792,2019-12-13,2020-01-03,,64533,761196,2
1364793,2019-12-13,2020-01-03,2019-12-30,64533,772393,1
1364794,2019-12-13,2020-01-03,,64652,525374,2
1364795,2019-12-13,2020-01-03,,64984,217624,2
1364796,2019-12-13,2020-01-03,,65050,549265,2
1364797,2019-12-13,2020-01-03,,65077,324771,2
1364798,2019-12-13,2020-01-03,,65422,528183,2
1364799,2019-12-13,2020-01-03,,65465,545760,2
1364800,2019-12-13,2020-01-03,,65496,492902,2
1364801,2019-12-13,2020-01-03,,65504,347493,2
1364802,2019-12-13,2020-01-03,,65633,454822,2
1364803,2019-12-13,2020-01-03,,65689,776595,2
1364804,2019-12-13,2020-01-03,,65737,34189,2
1364805,2019-12-13,2020-01-03,,65769,271677,2
1364806,2019-12-13,2020-01-03,,65802,187354,2
1364807,2019-12-13,2020-01-03,,65802,245411,2
1364808,2019-12-13,2020-01-03,,65878,868414,2
1364809,2019-12-13,2020-01-03,,65899,175374,2
1364810,2019-12-13,2020-01-03,,65954,603375,2
1364811,2019-12-13,2020-01-03,,65988,668844,2
1364812,2019-12-13,2020-01-03,,66023,500595,2
1364813,2019-12-13,2020-01-03,,66129,259883,2
1364814,2019-12-13,2020-01-03,,66150,326052,2
1364815,2019-12-13,2020-01-03,2019-12-24,66385,366033,1
1364816,2019-12-13,2020-01-03,,66492,942865,2
1364817,2019-12-13,2020-01-03,,66691,417204,2
1364818,2019-12-13,2020-01-03,,66691,511294,2
1364819,2019-12-13,2020-01-03,,66740,855912,2
1364820,2019-12-13,2020-01-03,,66757,602809,2
1364821,2019-12-13,2020-01-03,,66810,34669,2
1364822,2019-12-13,2020-01-03,,67025,4737,2
1364823,2019-12-13,2020-01-03,,67025,494735,2
1364824,2019-12-13,2020-01-03,,67025,698056,2
1364825,2019-12-13,2020-01-03,2019-12-28,67025,706490,1
1364826,2019-12-13,2020-01-03,,67052,160915,2
1364827,2019-12-13,2020-01-03,,67289,676437,2
1364828,2019-12-13,2020-01-03,,67308,172331,2
1364829,2019-12-13,2020-01-03,,67308,569174,2
1364830,2019-12-13,2020-01-03,,67308,933127,2
1364831,2019-12-13,2020-01-03,,67331,238071,2
1364832,2019-12-13,2020-01-03,,67338,482808,2
1364833,2019-12-13,2020-01-03,2019-12-26,67571,478031,1
1364834,2019-12-13,2020-01-03,2019-12-28,67571,775481,1
1364835,2019-12-13,2020-01-03,,67626,231227,2
1364836,2019-12-13,2020-01-03,,67641,78331,2
1364837,2019-12-13,2020-01-03,,67819,682493,2
1364838,2019-12-13,2020-01-03,2019-12-30,68078,276355,1
1364839,2019-12-13,2020-01-03,,68143,111983,2
1364840,2019-12-13,2020-01-03,,68464,59508,2
1364841,2019-12-13,2020-01-03,,68464,380993,2
1364842,2019-12-13,2020-01-03,2019-12-31,68464,430581,1
1364843,2019-12-13,2020-01-03,,68470,231890,2
1364844,2019-12-13,2020-01-03,,68624,281250,2
1364845,2019-12-13,2020-01-03,,68624,745869,2
1364846,2019-12-13,2020-01-03,2019-12-28,68624,768537,1
1364847,2019-12-13,2020-01-03,2019-12-26,68624,796700,1
1364848,2019-12-13,2020-01-03,,68732,927828,2
1364849,2019-12-13,2020-01-03,,68741,476075,2
1364850,2019-12-13,2020-01-03,,69016,601374,2
1364851,2019-12-13,2020-01-03,,69050,143043,2
1364852,2019-12-13,2020-01-03,,69075,439539,2
1364853,2019-12-13,2020-01-03,,69537,278030,2
1364854,2019-12-13,2020-01-03,,69586,706220,2
1364855,2019-12-13,2020-01-03,,69594,860417,2
1364856,2019-12-13,2020-01-03,,69610,445288,2
1364857,2019-12-13,2020-01-03,,69612,847950,2
1364858,2019-12-13,2020-01-03,,69939,894719,2
1364859,2019-12-13,2020-01-03,,70183,16063,2
1364860,2019-12-13,2020-01-03,,70214,555669,2
1364861,2019-12-13,2020-01-03,,70424,538290,2
1364862,2019-12-13,2020-01-03,,70434,923925,2
1364863,2019-12-13,2020-01-03,,70521,152445,2
1364864,2019-12-13,2020-01-03,,70525,339048,2
1364865,2019-12-13,2020-01-03,,70580,345964,2
1364866,2019-12-13,2020-01-03,,70646,451535,2
1364867,2019-12-13,2020-01-03,,70885,138186,2
1364868,2019-12-13,2020-01-03,,70885,374388,2
1364869,2019-12-13,2020-01-03,,70885,421625,2
1364870,2019-12-13,2020-01-03,2019-12-25,70885,631967,1
1364871,2019-12-13,2020-01-03,,70885,796360,2
1364872,2019-12-13,2020-01-03,,71112,146122,2
1364873,2019-12-13,2020-01-03,2019-12-24,71144,250761,1
1364874,2019-12-13,2020-01-03,,71171,934350,2
1364875,2019-12-13,2020-01-03,,71260,151386,2
1364876,2019-12-13,2020-01-03,,71260,333062,2
1364877,2019-12-13,2020-01-03,,71260,453912,2
1364878,2019-12-13,2020-01-03,,71260,620716,2
1364879,2019-12-13,2020-01-03,,71260,923177,2
1364880,2019-12-13,2020-01-03,2019-12-29,71382,77247,1
1364881,2019-12-13,2020-01-03,,71422,207048,2
1364882,2019-12-13,2020-01-03,,71619,875501,2
1364883,2019-12-13,2020-01-03,2019-12-26,71701,772364,1
1364884,2019-12-13,2020-01-03,2019-12-26,71728,248595,1
1364885,2019-12-13,2020-01-03,,71728,327029,2
1364886,2019-12-13,2020-01-03,2019-12-30,71728,336926,1
1364887,2019-12-13,2020-01-03,,71728,796367,2
1364888,2019-12-13,2020-01-03,,71749,518585,2
1364889,2019-12-13,2020-01-03,,71778,476385,2
1364890,2019-12-13,2020-01-03,,71906,726663,2
1364891,2019-12-13,2020-01-03,,71906,802660,2
1364892,2019-12-13,2020-01-03,,71918,397566,2
1364893,2019-12-13,2020-01-03,,71918,863147,2
1364894,2019-12-13,2020-01-03,,71927,309631,2
1364895,2019-12-13,2020-01-03,,71927,916983,2
1364896,2019-12-13,2020-01-03,,72037,387821,2
1364897,2019-12-13,2020-01-03,,72201,335907,2
1364898,2019-12-13,2020-01-03,2019-12-31,72205,290775,1
1364899,2019-12-13,2020-01-03,,72326,159274,2
1364900,2019-12-13,2020-01-03,,72326,382715,2
1364901,2019-12-13,2020-01-03,,72458,773028,2
1364902,2019-12-13,2020-01-03,,72499,484783,2
1364903,2019-12-13,2020-01-03,,72579,841338,2
1364904,2019-12-13,2020-01-03,,72985,179377,2
1364905,2019-12-13,2020-01-03,,73126,616888,2
1364906,2019-12-13,2020-01-03,,73462,64889,2
1364907,2019-12-13,2020-01-03,,73512,416229,2
1364908,2019-12-13,2020-01-03,2019-12-27,73512,867916,1
1364909,2019-12-13,2020-01-03,2019-12-25,73512,942871,1
1364910,2019-12-13,2020-01-03,,73616,693682,2
1364911,2019-12-13,2020-01-03,,73722,493643,2
1364912,2019-12-13,2020-01-03,2019-12-29,73723,421425,1
1364913,2019-12-13,2020-01-03,,73732,756900,2
1364914,2019-12-13,2020-01-03,,73735,459858,2
1364915,2019-12-13,2020-01-03,,73795,79467,2
1364916,2019-12-13,2020-01-03,,73872,711577,2
1364917,2019-12-13,2020-01-03,,73959,5986,2
1364918,2019-12-13,2020-01-03,2019-12-30,73959,445515,1
1364919,2019-12-13,2020-01-03,,73959,598761,2
1364920,2019-12-13,2020-01-03,,74017,624295,2
1364921,2019-12-13,2020-01-03,,74031,738508,2
1364922,2019-12-13,2020-01-03,2019-12-27,74146,245363,1
1364923,2019-12-13,2020-01-03,,74304,498321,2
1364924,2019-12-13,2020-01-03,2019-12-31,74735,163530,1
1364925,2019-12-13,2020-01-03,,74762,874315,2
1364926,2019-12-13,2020-01-03,,74918,337895,2
1364927,2019-12-13,2020-01-03,,75123,344536,2
1364928,2019-12-13,2020-01-03,,75148,243971,2
1364929,2019-12-13,2020-01-03,,75220,452133,2
1364930,2019-12-13,2020-01-03,,75509,241009,2
1364931,2019-12-13,2020-01-03,,75764,679694,2
1364932,2019-12-13,2020-01-03,,75917,112151,2
1364933,2019-12-13,2020-01-03,,75921,630278,2
1364934,2019-12-13,2020-01-03,,75974,389591,2
1364935,2019-12-13,2020-01-03,,76107,564741,2
1364936,2019-12-13,2020-01-03,2019-12-27,76174,797508,1
1364937,2019-12-13,2020-01-03,,76186,443211,2
1364938,2019-12-13,2020-01-03,,76221,634611,2
1364939,2019-12-13,2020-01-03,2019-12-29,76401,312887,1
1364940,2019-12-13,2020-01-03,,76609,610794,2
1364941,2019-12-13,2020-01-03,,76822,734257,2
1364942,2019-12-13,2020-01-03,,77046,800228,2
1364943,2019-12-13,2020-01-03,,77083,784153,2
1364944,2019-12-13,2020-01-03,,77154,833492,2
1364945,2019-12-13,2020-01-03,,77238,147230,2
1364946,2019-12-13,2020-01-03,,77288,734884,2
1364947,2019-12-13,2020-01-03,,77319,682129,2
1364948,2019-12-13,2020-01-03,,77349,474908,2
1364949,2019-12-13,2020-01-03,2019-12-30,77397,191907,1
1364950,2019-12-13,2020-01-03,,77397,356365,2
1364951,2019-12-13,2020-01-03,,77430,699735,2
1364952,2019-12-13,2020-01-03,,77550,77332,2
1364953,2019-12-13,2020-01-03,,77706,799558,2
1364954,2019-12-13,2020-01-03,,77757,121790,2
1364955,2019-12-13,2020-01-03,,77757,413192,2
1364956,2019-12-13,2020-01-03,,77777,305910,2
1364957,2019-12-13,2020-01-03,,77828,365320,2
1364958,2019-12-13,2020-01-03,,77838,207367,2
1364959,2019-12-13,2020-01-03,,77853,341688,2
1364960,2019-12-13,2020-01-03,,77884,254643,2
1364961,2019-12-13,2020-01-03,,77931,530113,2
1364962,2019-12-13,2020-01-03,,78136,62180,2
1364963,2019-12-13,2020-01-03,,78223,262915,2
1364964,2019-12-13,2020-01-03,,78278,537785,2
1364965,2019-12-13,2020-01-03,,78789,648826,2
1364966,2019-12-13,2020-01-03,,78789,910621,2
1364967,2019-12-13,2020-01-03,,78860,545981,2
1364968,2019-12-13,2020-01-03,,78885,836492,2
1364969,2019-12-13,2020-01-03,,78914,650083,2
1364970,2019-12-13,2020-01-03,,78934,745422,2
1364971,2019-12-13,2020-01-03,,79100,603966,2
1364972,2019-12-13,2020-01-03,,79147,56833,2
1364973,2019-12-13,2020-01-03,,79147,401683,2
1364974,2019-12-13,2020-01-03,,79475,423289,2
1364975,2019-12-13,2020-01-03,,79475,816606,2
1364976,2019-12-13,2020-01-03,,79604,573323,2
1364977,2019-12-13,2020-01-03,,79764,478778,2
1364978,2019-12-13,2020-01-03,2019-12-29,79951,355064,1
1364979,2019-12-13,2020-01-03,2019-12-30,80036,666577,1
1364980,2019-12-13,2020-01-03,,80070,619593,2
1364981,2019-12-13,2020-01-03,,80097,64405,2
1364982,2019-12-13,2020-01-03,,80131,410733,2
1364983,2019-12-13,2020-01-03,,80131,483465,2
1364984,2019-12-13,2020-01-03,,80170,637357,2
1364985,2019-12-13,2020-01-03,2019-12-25,80186,530986,1
1364986,2019-12-13,2020-01-03,,80303,366693,2
1364987,2019-12-13,2020-01-03,2019-12-26,80415,243697,1
1364988,2019-12-13,2020-01-03,,80684,225235,2
1364989,2019-12-13,2020-01-03,,80707,519428,2
1364990,2019-12-13,2020-01-03,2019-12-29,80845,785515,1
1364991,2019-12-13,2020-01-03,2019-12-30,80890,4540,1
1364992,2019-12-13,2020-01-03,,81003,565621,2
1364993,2019-12-13,2020-01-03,,81009,395000,2
1364994,2019-12-13,2020-01-03,,81234,859499,2
1364995,2019-12-13,2020-01-03,,81685,548190,2
1364996,2019-12-13,2020-01-03,,81688,454200,2
1364997,2019-12-13,2020-01-03,,81823,573338,2
1364998,2019-12-13,2020-01-03,,81915,143116,2
1364999,2019-12-13,2020-01-03,,82258,492052,2
1365000,2019-12-13,2020-01-03,,82368,697675,2
1365001,2019-12-13,2020-01-03,,82372,72568,2
1365002,2019-12-13,2020-01-03,,82372,349736,2
1365003,2019-12-13,2020-01-03,2019-12-28,82372,588154,1
1365004,2019-12-13,2020-01-03,,82372,606680,2
1365005,2019-12-13,2020-01-03,,82830,97212,2
1365006,2019-12-13,2020-01-03,,82986,26717,2
1365007,2019-12-13,2020-01-03,,83062,788264,2
1365008,2019-12-13,2020-01-03,,83063,841231,2
1365009,2019-12-13,2020-01-03,,83267,791802,2
1365010,2019-12-13,2020-01-03,2019-12-27,83324,34850,1
1365011,2019-12-13,2020-01-03,,83386,20518,2
1365012,2019-12-13,2020-01-03,,83427,157068,2
1365013,2019-12-13,2020-01-03,,83451,176186,2
1365014,2019-12-13,2020-01-03,,83503,150693,2
1365015,2019-12-13,2020-01-03,,83503,343863,2
1365016,2019-12-13,2020-01-03,,83503,631772,2
1365017,2019-12-13,2020-01-03,,83838,699901,2
1365018,2019-12-13,2020-01-03,,83871,341330,2
1365019,2019-12-13,2020-01-03,,83971,692307,2
1365020,2019-12-13,2020-01-03,,84035,311452,2
1365021,2019-12-13,2020-01-03,,84183,208155,2
1365022,2019-12-13,2020-01-03,,84416,374485,2
1365023,2019-12-13,2020-01-03,,84461,477094,2
1365024,2019-12-13,2020-01-03,,84677,259681,2
1365025,2019-12-13,2020-01-03,,84735,22637,2
1365026,2019-12-13,2020-01-03,,84885,518737,2
1365027,2019-12-13,2020-01-03,2019-12-29,84914,447462,1
1365028,2019-12-13,2020-01-03,,84928,666665,2
1365029,2019-12-13,2020-01-03,,84944,140261,2
1365030,2019-12-13,2020-01-03,,85232,581362,2
1365031,2019-12-13,2020-01-03,,85248,76235,2
1365032,2019-12-13,2020-01-03,,85270,934573,2
1365033,2019-12-13,2020-01-03,,85457,201359,2
1365034,2019-12-13,2020-01-03,,85457,226424,2
1365035,2019-12-13,2020-01-03,,85457,355066,2
1365036,2019-12-13,2020-01-03,,85457,398851,2
1365037,2019-12-13,2020-01-03,,85457,898036,2
1365038,2019-12-13,2020-01-03,2019-12-25,85457,900303,1
1365039,2019-12-13,2020-01-03,,85470,808436,2
1365040,2019-12-13,2020-01-03,,85893,669365,2
1365041,2019-12-13,2020-01-03,,85895,923863,2
1365042,2019-12-13,2020-01-03,,85903,366477,2
1365043,2019-12-13,2020-01-03,,85911,19035,2
1365044,2019-12-13,2020-01-03,,85915,397184,2
1365045,2019-12-13,2020-01-03,,85958,397354,2
1365046,2019-12-13,2020-01-03,,85958,477455,2
1365047,2019-12-13,2020-01-03,,85958,494005,2
1365048,2019-12-13,2020-01-03,,85958,797613,2
1365049,2019-12-13,2020-01-03,2019-12-30,85971,189294,1
1365050,2019-12-13,2020-01-03,2019-12-30,86026,369583,1
1365051,2019-12-13,2020-01-03,2019-12-26,86096,844946,1
1365052,2019-12-13,2020-01-03,,86121,470148,2
1365053,2019-12-13,2020-01-03,2019-12-26,86301,518263,1
1365054,2019-12-13,2020-01-03,,86301,741834,2
1365055,2019-12-13,2020-01-03,,86379,265298,2
1365056,2019-12-13,2020-01-03,2019-12-26,86430,372793,1
1365057,2019-12-13,2020-01-03,,86510,142239,2
1365058,2019-12-13,2020-01-03,,86523,538136,2
1365059,2019-12-13,2020-01-03,,86570,833034,2
1365060,2019-12-13,2020-01-03,,86814,609970,2
1365061,2019-12-13,2020-01-03,,86852,640839,2
1365062,2019-12-13,2020-01-03,,86893,916100,2
1365063,2019-12-13,2020-01-03,,87311,131981,2
1365064,2019-12-13,2020-01-03,,87415,173478,2
1365065,2019-12-13,2020-01-03,,87419,25450,2
1365066,2019-12-13,2020-01-03,,87419,412396,2
1365067,2019-12-13,2020-01-03,2019-12-25,87460,587179,1
1365068,2019-12-13,2020-01-03,,87464,107651,2
1365069,2019-12-13,2020-01-03,2019-12-26,87484,394853,1
1365070,2019-12-13,2020-01-03,,87763,834102,2
1365071,2019-12-13,2020-01-03,,87836,331768,2
1365072,2019-12-13,2020-01-03,,87845,268324,2
1365073,2019-12-13,2020-01-03,,87852,206491,2
1365074,2019-12-13,2020-01-03,2019-12-31,87948,842702,1
1365075,2019-12-13,2020-01-03,,88276,597695,2
1365076,2019-12-13,2020-01-03,,88276,878714,2
1365077,2019-12-13,2020-01-03,2019-12-28,88499,360440,1
1365078,2019-12-13,2020-01-03,,88499,642696,2
1365079,2019-12-13,2020-01-03,2019-12-29,88550,916939,1
1365080,2019-12-13,2020-01-03,2019-12-29,88651,146632,1
1365081,2019-12-13,2020-01-03,,88651,238893,2
1365082,2019-12-13,2020-01-03,,88651,526393,2
1365083,2019-12-13,2020-01-03,,88795,709152,2
1365084,2019-12-13,2020-01-03,,88925,472750,2
1365085,2019-12-13,2020-01-03,,89114,802345,2
1365086,2019-12-13,2020-01-03,,89139,791812,2
1365087,2019-12-13,2020-01-03,,89323,232835,2
1365088,2019-12-13,2020-01-03,,89323,699902,2
1365089,2019-12-13,2020-01-03,,89323,927283,2
1365090,2019-12-13,2020-01-03,,89336,100613,2
1365091,2019-12-13,2020-01-03,,89336,135244,2
1365092,2019-12-13,2020-01-03,,89336,267740,2
1365093,2019-12-13,2020-01-03,,89336,360411,2
1365094,2019-12-13,2020-01-03,,89507,358652,2
1365095,2019-12-13,2020-01-03,,89554,149150,2
1365096,2019-12-13,2020-01-03,,89726,158174,2
1365097,2019-12-13,2020-01-03,,89842,164250,2
1365098,2019-12-13,2020-01-03,,89971,89314,2
1365099,2019-12-13,2020-01-03,,90354,300191,2
1365100,2019-12-13,2020-01-03,,90356,534967,2
1365101,2019-12-13,2020-01-03,,90399,815388,2
1365102,2019-12-13,2020-01-03,2019-12-25,90541,305977,1
1365103,2019-12-13,2020-01-03,2019-12-30,90559,895208,1
1365104,2019-12-13,2020-01-03,2019-12-28,90578,9975,1
1365105,2019-12-13,2020-01-03,,90642,416438,2
1365106,2019-12-13,2020-01-03,,90777,808702,2
1365107,2019-12-13,2020-01-03,,91076,515666,2
1365108,2019-12-13,2020-01-03,,91150,361562,2
1365109,2019-12-13,2020-01-03,,91689,174745,2
1365110,2019-12-13,2020-01-03,,91856,487000,2
1365111,2019-12-13,2020-01-03,,91884,150047,2
1365112,2019-12-13,2020-01-03,2019-12-30,92297,819782,1
1365113,2019-12-13,2020-01-03,,92312,455536,2
1365114,2019-12-13,2020-01-03,,92337,942490,2
1365115,2019-12-13,2020-01-03,2019-12-30,92446,206151,1
1365116,2019-12-13,2020-01-03,,92529,487057,2
1365117,2019-12-13,2020-01-03,,92621,671476,2
1365118,2019-12-13,2020-01-03,,92630,188017,2
1365119,2019-12-13,2020-01-03,,92667,305854,2
1365120,2019-12-13,2020-01-03,,92684,83317,2
1365121,2019-12-13,2020-01-03,,92797,698704,2
1365122,2019-12-13,2020-01-03,,92826,250431,2
1365123,2019-12-13,2020-01-03,,92973,671498,2
1365124,2019-12-13,2020-01-03,,92997,894871,2
1365125,2019-12-13,2020-01-03,,93002,452339,2
1365126,2019-12-13,2020-01-03,,93071,899924,2
1365127,2019-12-13,2020-01-03,,93174,475173,2
1365128,2019-12-13,2020-01-03,,93317,676024,2
1365129,2019-12-13,2020-01-03,,93339,284605,2
1365130,2019-12-13,2020-01-03,,93355,72255,2
1365131,2019-12-13,2020-01-03,,93440,327088,2
1365132,2019-12-13,2020-01-03,,93459,112262,2
1365133,2019-12-13,2020-01-03,,93654,241307,2
1365134,2019-12-13,2020-01-03,,93740,577889,2
1365135,2019-12-13,2020-01-03,,93973,856275,2
1365136,2019-12-13,2020-01-03,,94020,24712,2
1365137,2019-12-13,2020-01-03,,94037,32005,2
1365138,2019-12-13,2020-01-03,,94041,420525,2
1365139,2019-12-13,2020-01-03,,94084,490906,2
1365140,2019-12-13,2020-01-03,2019-12-30,94464,181139,1
1365141,2019-12-13,2020-01-03,,94611,416485,2
1365142,2019-12-13,2020-01-03,,94623,766399,2
1365143,2019-12-13,2020-01-03,,94709,713173,2
1365144,2019-12-13,2020-01-03,,94786,684682,2
1365145,2019-12-13,2020-01-03,,94867,241932,2
1365146,2019-12-13,2020-01-03,,94924,506673,2
1365147,2019-12-13,2020-01-03,,95066,196280,2
1365148,2019-12-13,2020-01-03,,95080,364513,2
1365149,2019-12-13,2020-01-03,,95080,612756,2
1365150,2019-12-13,2020-01-03,2019-12-31,95102,612985,1
1365151,2019-12-13,2020-01-03,,95141,495031,2
1365152,2019-12-13,2020-01-03,,95222,343139,2
1365153,2019-12-13,2020-01-03,,95304,759169,2
1365154,2019-12-13,2020-01-03,,95485,306257,2
1365155,2019-12-13,2020-01-03,,95581,133600,2
1365156,2019-12-13,2020-01-03,,95600,857086,2
1365157,2019-12-13,2020-01-03,,95816,59046,2
1365158,2019-12-13,2020-01-03,,95816,587305,2
1365159,2019-12-13,2020-01-03,,95816,675260,2
1365160,2019-12-13,2020-01-03,,95891,131334,2
1365161,2019-12-13,2020-01-03,,95933,725778,2
1365162,2019-12-13,2020-01-03,,95952,265477,2
1365163,2019-12-13,2020-01-03,,95993,270149,2
1365164,2019-12-13,2020-01-03,2019-12-30,96202,401014,1
1365165,2019-12-13,2020-01-03,,96495,29264,2
1365166,2019-12-13,2020-01-03,,96588,693896,2
1365167,2019-12-13,2020-01-03,,96652,3885,2
1365168,2019-12-13,2020-01-03,2019-12-31,96676,223447,1
1365169,2019-12-13,2020-01-03,,96676,330014,2
1365170,2019-12-13,2020-01-03,,96857,206033,2
1365171,2019-12-13,2020-01-03,,96975,433894,2
1365172,2019-12-13,2020-01-03,,97131,302437,2
1365173,2019-12-13,2020-01-03,,97131,450792,2
1365174,2019-12-13,2020-01-03,,97131,738668,2
1365175,2019-12-13,2020-01-03,,97220,863739,2
1365176,2019-12-13,2020-01-03,,97248,423539,2
1365177,2019-12-13,2020-01-03,,97272,750146,2
1365178,2019-12-13,2020-01-03,,97327,88629,2
1365179,2019-12-13,2020-01-03,,97356,585229,2
1365180,2019-12-13,2020-01-03,,97453,193797,2
1365181,2019-12-13,2020-01-03,,97678,408286,2
1365182,2019-12-13,2020-01-03,,97900,888520,2
1365183,2019-12-13,2020-01-03,,98231,402325,2
1365184,2019-12-13,2020-01-03,,98293,429079,2
1365185,2019-12-13,2020-01-03,,98416,386438,2
1365186,2019-12-13,2020-01-03,2019-12-31,98587,362400,1
1365187,2019-12-13,2020-01-03,,98730,581580,2
1365188,2019-12-13,2020-01-03,,98730,743085,2
1365189,2019-12-13,2020-01-03,,98820,43446,2
1365190,2019-12-13,2020-01-03,,98930,364560,2
1365191,2019-12-13,2020-01-03,,99016,26718,2
1365192,2019-12-13,2020-01-03,,99170,669438,2
1365193,2019-12-13,2020-01-03,,99268,62895,2
1365194,2019-12-13,2020-01-03,,99355,737583,2
1365195,2019-12-13,2020-01-03,,99431,650769,2
1365196,2019-12-13,2020-01-03,2019-12-29,99470,16800,1
1365197,2019-12-13,2020-01-03,,99472,169761,2
1365198,2019-12-13,2020-01-03,,99568,744086,2
1365199,2019-12-13,2020-01-03,,99591,429737,2
1365200,2019-12-13,2020-01-03,2019-12-25,99894,156342,1
1365201,2019-12-13,2020-01-03,,100209,892191,2
1365202,2019-12-13,2020-01-03,,100276,185977,2
1365203,2019-12-13,2020-01-03,,100354,262587,2
1365204,2019-12-13,2020-01-03,,100354,285275,2
1365205,2019-12-13,2020-01-03,,100354,335262,2
1365206,2019-12-13,2020-01-03,,100354,552366,2
1365207,2019-12-13,2020-01-03,,100354,575957,2
1365208,2019-12-13,2020-01-03,,100354,589567,2
1365209,2019-12-13,2020-01-03,,100354,955997,2
1365210,2019-12-13,2020-01-03,,100500,614081,2
1365211,2019-12-13,2020-01-03,,100605,223695,2
1365212,2019-12-13,2020-01-03,,100605,235466,2
1365213,2019-12-13,2020-01-03,,100605,756634,2
1365214,2019-12-13,2020-01-03,2019-12-29,100628,477539,1
1365215,2019-12-13,2020-01-03,,100669,546574,2
1365216,2019-12-13,2020-01-03,,100727,805342,2
1365217,2019-12-13,2020-01-03,,100744,774170,2
1365218,2019-12-13,2020-01-03,2019-12-31,100811,798603,1
1365219,2019-12-13,2020-01-03,,101095,699405,2
1365220,2019-12-13,2020-01-03,,101095,793122,2
1365221,2019-12-13,2020-01-03,,101217,376123,2
1365222,2019-12-13,2020-01-03,,101227,212931,2
1365223,2019-12-13,2020-01-03,,101236,661557,2
1365224,2019-12-13,2020-01-03,,101344,443744,2
1365225,2019-12-13,2020-01-03,2019-12-24,101344,567712,1
1365226,2019-12-13,2020-01-03,,101504,717287,2
1365227,2019-12-13,2020-01-03,,101534,664998,2
1365228,2019-12-13,2020-01-03,,101543,151391,2
1365229,2019-12-13,2020-01-03,,101793,534146,2
1365230,2019-12-13,2020-01-03,,101871,437862,2
1365231,2019-12-13,2020-01-03,,101884,954474,2
1365232,2019-12-13,2020-01-03,,101923,118535,2
1365233,2019-12-13,2020-01-03,,101972,653558,2
1365234,2019-12-13,2020-01-03,2019-12-26,102078,771914,1
1365235,2019-12-13,2020-01-03,,102139,635888,2
1365236,2019-12-13,2020-01-03,,102333,586754,2
1365237,2019-12-13,2020-01-03,,102346,65077,2
1365238,2019-12-13,2020-01-03,,102522,595314,2
1365239,2019-12-13,2020-01-03,,102666,504502,2
1365240,2019-12-13,2020-01-03,,102666,878678,2
1365241,2019-12-13,2020-01-03,,102816,144549,2
1365242,2019-12-13,2020-01-03,,102843,234920,2
1365243,2019-12-13,2020-01-03,,102886,648697,2
1365244,2019-12-13,2020-01-03,,102889,488297,2
1365245,2019-12-13,2020-01-03,,103178,585232,2
1365246,2019-12-13,2020-01-03,,103246,914813,2
1365247,2019-12-13,2020-01-03,,103464,65520,2
1365248,2019-12-13,2020-01-03,,103583,103941,2
1365249,2019-12-13,2020-01-03,,103858,555413,2
1365250,2019-12-13,2020-01-03,2019-12-30,103882,215594,1
1365251,2019-12-13,2020-01-03,,103928,895781,2
1365252,2019-12-13,2020-01-03,,104083,156786,2
1365253,2019-12-13,2020-01-03,,104138,469047,2
1365254,2019-12-13,2020-01-03,,104460,698705,2
1365255,2019-12-13,2020-01-03,,104469,562656,2
1365256,2019-12-13,2020-01-03,,104521,739347,2
1365257,2019-12-13,2020-01-03,,104753,99595,2
1365258,2019-12-13,2020-01-03,,104836,371372,2
1365259,2019-12-13,2020-01-03,,104869,5941,2
1365260,2019-12-13,2020-01-03,,104869,486910,2
1365261,2019-12-13,2020-01-03,,104869,793146,2
1365262,2019-12-13,2020-01-03,,105024,821698,2
1365263,2019-12-13,2020-01-03,,105086,31671,2
1365264,2019-12-13,2020-01-03,,105204,840231,2
1365265,2019-12-13,2020-01-03,,105208,884704,2
1365266,2019-12-13,2020-01-03,,105221,517689,2
1365267,2019-12-13,2020-01-03,,105249,194836,2
1365268,2019-12-13,2020-01-03,,105388,378460,2
1365269,2019-12-13,2020-01-03,,105454,557781,2
1365270,2019-12-13,2020-01-03,2019-12-30,105605,312120,1
1365271,2019-12-13,2020-01-03,,105698,111565,2
1365272,2019-12-13,2020-01-03,2019-12-29,105860,178210,1
1365273,2019-12-13,2020-01-03,,105860,675175,2
1365274,2019-12-13,2020-01-03,,105885,382716,2
1365275,2019-12-13,2020-01-03,,105887,595933,2
1365276,2019-12-13,2020-01-03,,106162,455982,2
1365277,2019-12-13,2020-01-03,2019-12-29,106237,186830,1
1365278,2019-12-13,2020-01-03,,106237,270033,2
1365279,2019-12-13,2020-01-03,,106356,161217,2
1365280,2019-12-13,2020-01-03,,106433,70749,2
1365281,2019-12-13,2020-01-03,,106433,212694,2
1365282,2019-12-13,2020-01-03,,106433,264125,2
1365283,2019-12-13,2020-01-03,,106433,742257,2
1365284,2019-12-13,2020-01-03,,106433,842794,2
1365285,2019-12-13,2020-01-03,2019-12-31,106482,101179,1
1365286,2019-12-13,2020-01-03,,106482,212339,2
1365287,2019-12-13,2020-01-03,,106544,17685,2
1365288,2019-12-13,2020-01-03,,106755,684657,2
1365289,2019-12-13,2020-01-03,2019-12-29,106834,794623,1
1365290,2019-12-13,2020-01-03,,106910,348766,2
1365291,2019-12-13,2020-01-03,,107107,25134,2
1365292,2019-12-13,2020-01-03,,107148,121392,2
1365293,2019-12-13,2020-01-03,,107148,246232,2
1365294,2019-12-13,2020-01-03,,107148,493153,2
1365295,2019-12-13,2020-01-03,,107188,317321,2
1365296,2019-12-13,2020-01-03,,107487,518547,2
1365297,2019-12-13,2020-01-03,,107674,820823,2
1365298,2019-12-13,2020-01-03,,107938,167764,2
1365299,2019-12-13,2020-01-03,,107938,256601,2
1365300,2019-12-13,2020-01-03,,107938,709258,2
1365301,2019-12-13,2020-01-03,2019-12-31,107963,142499,1
1365302,2019-12-13,2020-01-03,,107963,148972,2
1365303,2019-12-13,2020-01-03,,107992,160120,2
1365304,2019-12-13,2020-01-03,,108160,316900,2
1365305,2019-12-13,2020-01-03,,108381,589430,2
1365306,2019-12-13,2020-01-03,,108483,833592,2
1365307,2019-12-13,2020-01-03,,108621,49593,2
1365308,2019-12-13,2020-01-03,,108621,685328,2
1365309,2019-12-13,2020-01-03,,108687,371462,2
1365310,2019-12-13,2020-01-03,2019-12-26,108798,705974,1
1365311,2019-12-13,2020-01-03,,108864,267597,2
1365312,2019-12-13,2020-01-03,,108864,732559,2
1365313,2019-12-13,2020-01-03,,109087,766509,2
1365314,2019-12-13,2020-01-03,,109093,648955,2
1365315,2019-12-13,2020-01-03,,109155,575554,2
1365316,2019-12-13,2020-01-03,2019-12-28,109274,726475,1
1365317,2019-12-13,2020-01-03,,109360,49441,2
1365318,2019-12-13,2020-01-03,,109410,403904,2
1365319,2019-12-13,2020-01-03,,109727,543083,2
1365320,2019-12-13,2020-01-03,,109728,711285,2
1365321,2019-12-13,2020-01-03,,109751,808127,2
1365322,2019-12-13,2020-01-03,,109758,732625,2
1365323,2019-12-13,2020-01-03,2019-12-29,109853,226431,1
1365324,2019-12-13,2020-01-03,2019-12-30,109853,765619,1
1365325,2019-12-13,2020-01-03,,109853,777677,2
1365326,2019-12-13,2020-01-03,,109853,898037,2
1365327,2019-12-13,2020-01-03,,109917,368156,2
1365328,2019-12-13,2020-01-03,,109982,160512,2
1365329,2019-12-13,2020-01-03,,110070,789321,2
1365330,2019-12-13,2020-01-03,,110181,768051,2
1365331,2019-12-13,2020-01-03,,110212,301211,2
1365332,2019-12-13,2020-01-03,,110232,361260,2
1365333,2019-12-13,2020-01-03,,110249,422464,2
1365334,2019-12-13,2020-01-03,2019-12-29,110288,417917,1
1365335,2019-12-13,2020-01-03,,110304,243178,2
1365336,2019-12-13,2020-01-03,,110395,171883,2
1365337,2019-12-13,2020-01-03,,110427,899462,2
1365338,2019-12-13,2020-01-03,,110461,18331,2
1365339,2019-12-13,2020-01-03,,110461,127306,2
1365340,2019-12-13,2020-01-03,,110461,476016,2
1365341,2019-12-13,2020-01-03,,110496,679477,2
1365342,2019-12-13,2020-01-03,,110518,138116,2
1365343,2019-12-13,2020-01-03,,110518,382218,2
1365344,2019-12-13,2020-01-03,,110629,103942,2
1365345,2019-12-13,2020-01-03,2019-12-30,110790,92954,1
1365346,2019-12-13,2020-01-03,,110860,92852,2
1365347,2019-12-13,2020-01-03,,110890,821956,2
1365348,2019-12-13,2020-01-03,,111066,844962,2
1365349,2019-12-13,2020-01-03,,111178,850589,2
1365350,2019-12-13,2020-01-03,,111209,329134,2
1365351,2019-12-13,2020-01-03,,111265,452691,2
1365352,2019-12-13,2020-01-03,,111451,309214,2
1365353,2019-12-13,2020-01-03,,111625,140629,2
1365354,2019-12-13,2020-01-03,,111668,811740,2
1365355,2019-12-13,2020-01-03,,111741,160902,2
1365356,2019-12-13,2020-01-03,,111747,692914,2
1365357,2019-12-13,2020-01-03,,111847,456910,2
1365358,2019-12-13,2020-01-03,,111858,579768,2
1365359,2019-12-13,2020-01-03,,111866,75038,2
1365360,2019-12-13,2020-01-03,,111875,221741,2
1365361,2019-12-13,2020-01-03,,111901,553502,2
1365362,2019-12-13,2020-01-03,,111945,734508,2
1365363,2019-12-13,2020-01-03,,112049,542390,2
1365364,2019-12-13,2020-01-03,2019-12-28,112148,197808,1
1365365,2019-12-13,2020-01-03,,112230,757430,2
1365366,2019-12-13,2020-01-03,,112449,228954,2
1365367,2019-12-13,2020-01-03,2019-12-24,112493,926760,1
1365368,2019-12-13,2020-01-03,,112622,676955,2
1365369,2019-12-13,2020-01-03,,112830,334739,2
1365370,2019-12-13,2020-01-03,,113023,224778,2
1365371,2019-12-13,2020-01-03,,113058,262952,2
1365372,2019-12-13,2020-01-03,,113103,309855,2
1365373,2019-12-13,2020-01-03,,113166,844243,2
1365374,2019-12-13,2020-01-03,,113278,845605,2
1365375,2019-12-13,2020-01-03,,113507,29342,2
1365376,2019-12-13,2020-01-03,,113591,859195,2
1365377,2019-12-13,2020-01-03,,113606,393766,2
1365378,2019-12-13,2020-01-03,,113713,95517,2
1365379,2019-12-13,2020-01-03,,113772,544253,2
1365380,2019-12-13,2020-01-03,2019-12-30,113785,308269,1
1365381,2019-12-13,2020-01-03,,114169,127856,2
1365382,2019-12-13,2020-01-03,,114297,735859,2
1365383,2019-12-13,2020-01-03,,114502,388212,2
1365384,2019-12-13,2020-01-03,,114520,328788,2
1365385,2019-12-13,2020-01-03,,114585,351419,2
1365386,2019-12-13,2020-01-03,,114603,63181,2
1365387,2019-12-13,2020-01-03,,114603,116732,2
1365388,2019-12-13,2020-01-03,,114603,639217,2
1365389,2019-12-13,2020-01-03,,114638,276095,2
1365390,2019-12-13,2020-01-03,,114774,436874,2
1365391,2019-12-13,2020-01-03,,114852,327156,2
1365392,2019-12-13,2020-01-03,,115009,443759,2
1365393,2019-12-13,2020-01-03,,115009,492528,2
1365394,2019-12-13,2020-01-03,,115013,543886,2
1365395,2019-12-13,2020-01-03,,115072,227161,2
1365396,2019-12-13,2020-01-03,,115093,424643,2
1365397,2019-12-13,2020-01-03,,115193,186761,2
1365398,2019-12-13,2020-01-03,2019-12-26,115363,392100,1
1365399,2019-12-13,2020-01-03,,115440,691531,2
1365400,2019-12-13,2020-01-03,,115529,947198,2
1365401,2019-12-13,2020-01-03,2019-12-29,115532,631539,1
1365402,2019-12-13,2020-01-03,,115621,259043,2
1365403,2019-12-13,2020-01-03,,115833,686746,2
1365404,2019-12-13,2020-01-03,,115932,519497,2
1365405,2019-12-13,2020-01-03,,115952,456996,2
1365406,2019-12-13,2020-01-03,,116105,452865,2
1365407,2019-12-13,2020-01-03,,116202,509401,2
1365408,2019-12-13,2020-01-03,,116394,197167,2
1365409,2019-12-13,2020-01-03,,116488,25283,2
1365410,2019-12-13,2020-01-03,,116511,343821,2
1365411,2019-12-13,2020-01-03,,116523,721062,2
1365412,2019-12-13,2020-01-03,,116638,600105,2
1365413,2019-12-13,2020-01-03,,116663,480721,2
1365414,2019-12-13,2020-01-03,,116782,499024,2
1365415,2019-12-13,2020-01-03,,116782,633665,2
1365416,2019-12-13,2020-01-03,,116937,384963,2
1365417,2019-12-13,2020-01-03,,116966,227156,2
1365418,2019-12-13,2020-01-03,,117066,856568,2
1365419,2019-12-13,2020-01-03,2019-12-24,117081,613282,1
1365420,2019-12-13,2020-01-03,,117089,325796,2
1365421,2019-12-13,2020-01-03,,117240,591009,2
1365422,2019-12-13,2020-01-03,,117338,224705,2
1365423,2019-12-13,2020-01-03,,117497,71377,2
1365424,2019-12-13,2020-01-03,,117540,782683,2
1365425,2019-12-13,2020-01-03,2019-12-31,117573,131018,1
1365426,2019-12-13,2020-01-03,,117923,75861,2
1365427,2019-12-13,2020-01-03,,117923,96860,2
1365428,2019-12-13,2020-01-03,2019-12-25,117923,131141,1
1365429,2019-12-13,2020-01-03,2019-12-28,117923,433373,1
1365430,2019-12-13,2020-01-03,2019-12-30,117923,557101,1
1365431,2019-12-13,2020-01-03,,117932,112391,2
1365432,2019-12-13,2020-01-03,,117967,10833,2
1365433,2019-12-13,2020-01-03,2019-12-25,118066,676624,1
1365434,2019-12-13,2020-01-03,,118083,548214,2
1365435,2019-12-13,2020-01-03,,118119,495035,2
1365436,2019-12-13,2020-01-03,2019-12-31,118234,49498,1
1365437,2019-12-13,2020-01-03,,118284,190302,2
1365438,2019-12-13,2020-01-03,,118305,355282,2
1365439,2019-12-13,2020-01-03,,118389,81822,2
1365440,2019-12-13,2020-01-03,,118406,26525,2
1365441,2019-12-13,2020-01-03,,118501,54191,2
1365442,2019-12-13,2020-01-03,2019-12-28,118568,133144,1
1365443,2019-12-13,2020-01-03,,118722,769371,2
1365444,2019-12-13,2020-01-03,,118736,812797,2
1365445,2019-12-13,2020-01-03,,118884,770838,2
1365446,2019-12-13,2020-01-03,,119082,374698,2
1365447,2019-12-13,2020-01-03,,119123,568154,2
1365448,2019-12-13,2020-01-03,,119177,934276,2
1365449,2019-12-13,2020-01-03,,119194,5064,2
1365450,2019-12-13,2020-01-03,,119236,508721,2
1365451,2019-12-13,2020-01-03,2019-12-27,119434,156393,1
1365452,2019-12-13,2020-01-03,,119526,465254,2
1365453,2019-12-13,2020-01-03,,119646,363442,2
1365454,2019-12-13,2020-01-03,,119666,217236,2
1365455,2019-12-13,2020-01-03,,119717,790518,2
1365456,2019-12-13,2020-01-03,,119821,762016,2
1365457,2019-12-13,2020-01-03,,119874,262116,2
1365458,2019-12-13,2020-01-03,,119918,96068,2
1365459,2019-12-13,2020-01-03,,120160,114937,2
1365460,2019-12-13,2020-01-03,,120197,390278,2
1365461,2019-12-13,2020-01-03,,120211,692465,2
1365462,2019-12-13,2020-01-03,,120541,397899,2
1365463,2019-12-13,2020-01-03,,120578,376641,2
1365464,2019-12-13,2020-01-03,,120631,437393,2
1365465,2019-12-13,2020-01-03,,120631,850520,2
1365466,2019-12-13,2020-01-03,,120725,22685,2
1365467,2019-12-13,2020-01-03,,120792,164063,2
1365468,2019-12-13,2020-01-03,,120844,170379,2
1365469,2019-12-13,2020-01-03,,120913,622190,2
1365470,2019-12-13,2020-01-03,,120995,898307,2
1365471,2019-12-13,2020-01-03,,121058,871464,2
1365472,2019-12-13,2020-01-03,,121091,18242,2
1365473,2019-12-13,2020-01-03,2019-12-24,121091,47005,1
1365474,2019-12-13,2020-01-03,,121203,389471,2
1365475,2019-12-13,2020-01-03,,121375,413841,2
1365476,2019-12-13,2020-01-03,,121518,655952,2
1365477,2019-12-13,2020-01-03,,121555,714330,2
1365478,2019-12-13,2020-01-03,,121725,277014,2
1365479,2019-12-13,2020-01-03,,121735,753317,2
1365480,2019-12-13,2020-01-03,,121907,666209,2
1365481,2019-12-13,2020-01-03,,121947,166002,2
1365482,2019-12-13,2020-01-03,2019-12-25,121964,677688,1
1365483,2019-12-13,2020-01-03,,122006,572139,2
1365484,2019-12-13,2020-01-03,,122047,650030,2
1365485,2019-12-13,2020-01-03,2019-12-29,122048,562561,1
1365486,2019-12-13,2020-01-03,,122200,641936,2
1365487,2019-12-13,2020-01-03,2019-12-25,122206,14823,1
1365488,2019-12-13,2020-01-03,,122210,817481,2
1365489,2019-12-13,2020-01-03,,122344,57635,2
1365490,2019-12-13,2020-01-03,,122473,130299,2
1365491,2019-12-13,2020-01-03,,122567,752300,2
1365492,2019-12-13,2020-01-03,,122590,911510,2
1365493,2019-12-13,2020-01-03,,122666,103647,2
1365494,2019-12-13,2020-01-03,,122666,186882,2
1365495,2019-12-13,2020-01-03,2019-12-24,122696,499909,1
1365496,2019-12-13,2020-01-03,,123265,759743,2
1365497,2019-12-13,2020-01-03,,123311,900746,2
1365498,2019-12-13,2020-01-03,,123427,195956,2
1365499,2019-12-13,2020-01-03,2019-12-30,123435,550773,1
1365500,2019-12-13,2020-01-03,,123637,449485,2
1365501,2019-12-13,2020-01-03,,123650,780671,2
1365502,2019-12-13,2020-01-03,,123747,63249,2
1365503,2019-12-13,2020-01-03,,123888,862679,2
1365504,2019-12-13,2020-01-03,,123952,509164,2
1365505,2019-12-13,2020-01-03,,124245,356329,2
1365506,2019-12-13,2020-01-03,,124410,934021,2
1365507,2019-12-13,2020-01-03,2019-12-29,124673,651866,1
1365508,2019-12-13,2020-01-03,,124747,309506,2
1365509,2019-12-13,2020-01-03,,124747,745407,2
1365510,2019-12-13,2020-01-03,,124832,39069,2
1365511,2019-12-13,2020-01-03,,124923,219261,2
1365512,2019-12-13,2020-01-03,,124957,845524,2
1365513,2019-12-13,2020-01-03,2019-12-26,125004,864742,1
1365514,2019-12-13,2020-01-03,,125033,242628,2
1365515,2019-12-13,2020-01-03,,125052,728554,2
1365516,2019-12-13,2020-01-03,,125113,54031,2
1365517,2019-12-13,2020-01-03,,125273,551529,2
1365518,2019-12-13,2020-01-03,,125313,608472,2
1365519,2019-12-13,2020-01-03,,125470,322805,2
1365520,2019-12-13,2020-01-03,2019-12-26,125545,579547,1
1365521,2019-12-13,2020-01-03,,125571,227212,2
1365522,2019-12-13,2020-01-03,,125572,595736,2
1365523,2019-12-13,2020-01-03,,125622,181582,2
1365524,2019-12-13,2020-01-03,,125801,21958,2
1365525,2019-12-13,2020-01-03,,125814,627934,2
1365526,2019-12-13,2020-01-03,,125852,34385,2
1365527,2019-12-13,2020-01-03,,125852,364764,2
1365528,2019-12-13,2020-01-03,,125852,592081,2
1365529,2019-12-13,2020-01-03,,126109,427662,2
1365530,2019-12-13,2020-01-03,,126163,537757,2
1365531,2019-12-13,2020-01-03,,126228,391251,2
1365532,2019-12-13,2020-01-03,,126407,49964,2
1365533,2019-12-13,2020-01-03,,126542,763816,2
1365534,2019-12-13,2020-01-03,2019-12-29,126575,512257,1
1365535,2019-12-13,2020-01-03,,126598,707469,2
1365536,2019-12-13,2020-01-03,,126885,812766,2
1365537,2019-12-13,2020-01-03,,127329,873790,2
1365538,2019-12-13,2020-01-03,,127358,124387,2
1365539,2019-12-13,2020-01-03,,127358,532867,2
1365540,2019-12-13,2020-01-03,,127358,681095,2
1365541,2019-12-13,2020-01-03,,127417,569473,2
1365542,2019-12-13,2020-01-03,,127573,453288,2
1365543,2019-12-13,2020-01-03,2019-12-25,127592,893751,1
1365544,2019-12-13,2020-01-03,,127639,370851,2
1365545,2019-12-13,2020-01-03,,127685,32612,2
1365546,2019-12-13,2020-01-03,,127699,202104,2
1365547,2019-12-13,2020-01-03,2019-12-27,127766,24350,1
1365548,2019-12-13,2020-01-03,,127766,115637,2
1365549,2019-12-13,2020-01-03,2019-12-29,127766,177213,1
1365550,2019-12-13,2020-01-03,,127766,261257,2
1365551,2019-12-13,2020-01-03,2019-12-30,127766,334628,1
1365552,2019-12-13,2020-01-03,2019-12-26,127766,615328,1
1365553,2019-12-13,2020-01-03,,127766,872856,2
1365554,2019-12-13,2020-01-03,,127779,767992,2
1365555,2019-12-13,2020-01-03,,127800,505035,2
1365556,2019-12-13,2020-01-03,,127927,832975,2
1365557,2019-12-13,2020-01-03,,127936,875502,2
1365558,2019-12-13,2020-01-03,2019-12-26,127949,170152,1
1365559,2019-12-13,2020-01-03,,128026,344806,2
1365560,2019-12-13,2020-01-03,,128168,377110,2
1365561,2019-12-13,2020-01-03,,128175,708247,2
1365562,2019-12-13,2020-01-03,,128286,9578,2
1365563,2019-12-13,2020-01-03,2019-12-31,128286,427107,1
1365564,2019-12-13,2020-01-03,,128372,747566,2
1365565,2019-12-13,2020-01-03,2019-12-27,128465,570773,1
1365566,2019-12-13,2020-01-03,,128506,124125,2
1365567,2019-12-13,2020-01-03,,128582,92951,2
1365568,2019-12-13,2020-01-03,,128582,198185,2
1365569,2019-12-13,2020-01-03,,128585,371489,2
1365570,2019-12-13,2020-01-03,,128687,639130,2
1365571,2019-12-13,2020-01-03,,128703,220156,2
1365572,2019-12-13,2020-01-03,,129007,463371,2
1365573,2019-12-13,2020-01-03,2019-12-30,129067,340792,1
1365574,2019-12-13,2020-01-03,,129116,450181,2
1365575,2019-12-13,2020-01-03,,129199,113999,2
1365576,2019-12-13,2020-01-03,,129483,352863,2
1365577,2019-12-13,2020-01-03,,129483,649933,2
1365578,2019-12-13,2020-01-03,,129505,205970,2
1365579,2019-12-13,2020-01-03,2019-12-28,129534,823801,1
1365580,2019-12-13,2020-01-03,2019-12-28,129582,699992,1
1365581,2019-12-13,2020-01-03,,129726,248297,2
1365582,2019-12-13,2020-01-03,,129747,252448,2
1365583,2019-12-13,2020-01-03,2019-12-25,129896,257188,1
1365584,2019-12-13,2020-01-03,,130047,50587,2
1365585,2019-12-13,2020-01-03,,130346,29103,2
1365586,2019-12-13,2020-01-03,,130346,934809,2
1365587,2019-12-13,2020-01-03,,130355,311213,2
1365588,2019-12-13,2020-01-03,2019-12-29,130430,714675,1
1365589,2019-12-13,2020-01-03,,130452,682982,2
1365590,2019-12-13,2020-01-03,,130597,712351,2
1365591,2019-12-13,2020-01-03,,130689,891439,2
1365592,2019-12-13,2020-01-03,,130919,791437,2
1365593,2019-12-13,2020-01-03,,130956,611143,2
1365594,2019-12-13,2020-01-03,,131022,359169,2
1365595,2019-12-13,2020-01-03,,131299,560360,2
1365596,2019-12-13,2020-01-03,,131299,612314,2
1365597,2019-12-13,2020-01-03,,131299,613576,2
1365598,2019-12-13,2020-01-03,,131299,844996,2
1365599,2019-12-13,2020-01-03,,131359,200593,2
1365600,2019-12-13,2020-01-03,,131380,462548,2
1365601,2019-12-13,2020-01-03,,131380,710597,2
1365602,2019-12-13,2020-01-03,,131530,135209,2
1365603,2019-12-13,2020-01-03,,131544,474608,2
1365604,2019-12-13,2020-01-03,2019-12-29,131567,625017,1
1365605,2019-12-13,2020-01-03,,131833,138916,2
1365606,2019-12-13,2020-01-03,,131968,469372,2
1365607,2019-12-13,2020-01-03,,132030,92611,2
1365608,2019-12-13,2020-01-03,,132114,730833,2
1365609,2019-12-13,2020-01-03,,132124,567826,2
1365610,2019-12-13,2020-01-03,2019-12-31,132144,75862,1
1365611,2019-12-13,2020-01-03,,132144,113737,2
1365612,2019-12-13,2020-01-03,,132144,138184,2
1365613,2019-12-13,2020-01-03,,132144,789666,2
1365614,2019-12-13,2020-01-03,,132194,684167,2
1365615,2019-12-13,2020-01-03,,132274,301509,2
1365616,2019-12-13,2020-01-03,,132350,624671,2
1365617,2019-12-13,2020-01-03,,132366,285004,2
1365618,2019-12-13,2020-01-03,,132413,311453,2
1365619,2019-12-13,2020-01-03,,132413,866303,2
1365620,2019-12-13,2020-01-03,2019-12-31,132447,161139,1
1365621,2019-12-13,2020-01-03,,132451,97704,2
1365622,2019-12-13,2020-01-03,,132516,141502,2
1365623,2019-12-13,2020-01-03,,132527,2857,2
1365624,2019-12-13,2020-01-03,,132565,122794,2
1365625,2019-12-13,2020-01-03,,132567,597422,2
1365626,2019-12-13,2020-01-03,,132627,927321,2
1365627,2019-12-13,2020-01-03,,132814,460301,2
1365628,2019-12-13,2020-01-03,,133139,490428,2
1365629,2019-12-13,2020-01-03,,133139,600573,2
1365630,2019-12-13,2020-01-03,,133219,875586,2
1365631,2019-12-13,2020-01-03,,133219,884669,2
1365632,2019-12-13,2020-01-03,,133297,808149,2
1365633,2019-12-13,2020-01-03,,133371,47013,2
1365634,2019-12-13,2020-01-03,,133371,613588,2
1365635,2019-12-13,2020-01-03,,133417,118279,2
1365636,2019-12-13,2020-01-03,,133417,358604,2
1365637,2019-12-13,2020-01-03,,133424,689151,2
1365638,2019-12-13,2020-01-03,,133424,741586,2
1365639,2019-12-13,2020-01-03,2019-12-24,133668,65885,1
1365640,2019-12-13,2020-01-03,2019-12-30,133995,247188,1
1365641,2019-12-13,2020-01-03,,134026,418111,2
1365642,2019-12-13,2020-01-03,,134046,759744,2
1365643,2019-12-13,2020-01-03,,134218,928740,2
1365644,2019-12-13,2020-01-03,,134235,355884,2
1365645,2019-12-13,2020-01-03,,134326,734981,2
1365646,2019-12-13,2020-01-03,,134367,758493,2
1365647,2019-12-13,2020-01-03,,134534,739095,2
1365648,2019-12-13,2020-01-03,,134582,631109,2
1365649,2019-12-13,2020-01-03,,134596,650182,2
1365650,2019-12-13,2020-01-03,,134796,206678,2
1365651,2019-12-13,2020-01-03,,134834,932904,2
1365652,2019-12-13,2020-01-03,2019-12-30,134946,31605,1
1365653,2019-12-13,2020-01-03,2019-12-29,135248,505292,1
1365654,2019-12-13,2020-01-03,,135334,110434,2
1365655,2019-12-13,2020-01-03,,135591,138963,2
1365656,2019-12-13,2020-01-03,,135609,520921,2
1365657,2019-12-13,2020-01-03,,135766,309579,2
1365658,2019-12-13,2020-01-03,,135874,628345,2
1365659,2019-12-13,2020-01-03,,135928,446102,2
1365660,2019-12-13,2020-01-03,,136064,49485,2
1365661,2019-12-13,2020-01-03,,136090,137340,2
1365662,2019-12-13,2020-01-03,,136236,734736,2
1365663,2019-12-13,2020-01-03,2019-12-30,136353,765904,1
1365664,2019-12-13,2020-01-03,,136579,470113,2
1365665,2019-12-13,2020-01-03,,136972,451813,2
1365666,2019-12-13,2020-01-03,,137007,59195,2
1365667,2019-12-13,2020-01-03,,137207,164061,2
1365668,2019-12-13,2020-01-03,,137386,843865,2
1365669,2019-12-13,2020-01-03,,137564,79110,2
1365670,2019-12-13,2020-01-03,,137564,97903,2
1365671,2019-12-13,2020-01-03,,137564,386612,2
1365672,2019-12-13,2020-01-03,,137609,878121,2
1365673,2019-12-13,2020-01-03,,137619,872668,2
1365674,2019-12-13,2020-01-03,,137670,836863,2
1365675,2019-12-13,2020-01-03,,137924,320574,2
1365676,2019-12-13,2020-01-03,,137981,460126,2
1365677,2019-12-13,2020-01-03,,138057,364731,2
1365678,2019-12-13,2020-01-03,,138683,49519,2
1365679,2019-12-13,2020-01-03,2019-12-27,138823,575066,1
1365680,2019-12-13,2020-01-03,,138837,342573,2
1365681,2019-12-13,2020-01-03,2019-12-24,138890,915371,1
1365682,2019-12-13,2020-01-03,,139147,700780,2
1365683,2019-12-13,2020-01-03,,139192,317029,2
1365684,2019-12-13,2020-01-03,,139311,199547,2
1365685,2019-12-13,2020-01-03,,139385,754779,2
1365686,2019-12-13,2020-01-03,,139538,351192,2
1365687,2019-12-13,2020-01-03,,139610,606569,2
1365688,2019-12-13,2020-01-03,,139747,734132,2
1365689,2019-12-13,2020-01-03,2019-12-30,139787,93667,1
1365690,2019-12-13,2020-01-03,2019-12-29,139810,891339,1
1365691,2019-12-13,2020-01-03,,139842,405504,2
1365692,2019-12-13,2020-01-03,,140183,600035,2
1365693,2019-12-13,2020-01-03,,140223,721809,2
1365694,2019-12-13,2020-01-03,,140316,172143,2
1365695,2019-12-13,2020-01-03,,140402,132533,2
1365696,2019-12-13,2020-01-03,,140402,184258,2
1365697,2019-12-13,2020-01-03,,140433,550311,2
1365698,2019-12-13,2020-01-03,,140682,332730,2
1365699,2019-12-13,2020-01-03,,140741,950279,2
1365700,2019-12-13,2020-01-03,,140843,694092,2
1365701,2019-12-13,2020-01-03,,140895,287551,2
1365702,2019-12-13,2020-01-03,,141022,11182,2
1365703,2019-12-13,2020-01-03,,141022,257802,2
1365704,2019-12-13,2020-01-03,,141043,217809,2
1365705,2019-12-13,2020-01-03,,141087,428367,2
1365706,2019-12-13,2020-01-03,,141104,439469,2
1365707,2019-12-13,2020-01-03,,141279,908640,2
1365708,2019-12-13,2020-01-03,,141339,61706,2
1365709,2019-12-13,2020-01-03,,141339,167707,2
1365710,2019-12-13,2020-01-03,,141354,903917,2
1365711,2019-12-13,2020-01-03,,141362,79683,2
1365712,2019-12-13,2020-01-03,2019-12-25,141362,268721,1
1365713,2019-12-13,2020-01-03,,141362,481635,2
1365714,2019-12-13,2020-01-03,2019-12-29,141371,606285,1
1365715,2019-12-13,2020-01-03,,141428,169666,2
1365716,2019-12-13,2020-01-03,,141428,642958,2
1365717,2019-12-13,2020-01-03,2019-12-31,141502,200095,1
1365718,2019-12-13,2020-01-03,,141640,348401,2
1365719,2019-12-13,2020-01-03,,141640,699886,2
1365720,2019-12-13,2020-01-03,,141640,756800,2
1365721,2019-12-13,2020-01-03,,141641,20061,2
1365722,2019-12-13,2020-01-03,,141755,420906,2
1365723,2019-12-13,2020-01-03,,141824,876664,2
1365724,2019-12-13,2020-01-03,,141901,674594,2
1365725,2019-12-13,2020-01-03,,141901,696117,2
1365726,2019-12-13,2020-01-03,,142107,98517,2
1365727,2019-12-13,2020-01-03,,142574,34165,2
1365728,2019-12-13,2020-01-03,,142922,735652,2
1365729,2019-12-13,2020-01-03,,142964,75421,2
1365730,2019-12-13,2020-01-03,,143065,115163,2
1365731,2019-12-13,2020-01-03,,143204,435260,2
1365732,2019-12-13,2020-01-03,2019-12-25,143356,178309,1
1365733,2019-12-13,2020-01-03,,143425,878094,2
1365734,2019-12-13,2020-01-03,,143519,497716,2
1365735,2019-12-13,2020-01-03,,143523,806699,2
1365736,2019-12-13,2020-01-03,,143558,116431,2
1365737,2019-12-13,2020-01-03,,143558,489502,2
1365738,2019-12-13,2020-01-03,,143558,701605,2
1365739,2019-12-13,2020-01-03,,143558,817666,2
1365740,2019-12-13,2020-01-03,,143558,948158,2
1365741,2019-12-13,2020-01-03,,143605,576905,2
1365742,2019-12-13,2020-01-03,,143713,527452,2
1365743,2019-12-13,2020-01-03,2019-12-26,143713,673461,1
1365744,2019-12-13,2020-01-03,2019-12-29,143713,904771,1
1365745,2019-12-13,2020-01-03,,143840,702984,2
1365746,2019-12-13,2020-01-03,,143888,5237,2
1365747,2019-12-13,2020-01-03,,143888,707241,2
1365748,2019-12-13,2020-01-03,,144031,108449,2
1365749,2019-12-13,2020-01-03,,144106,898870,2
1365750,2019-12-13,2020-01-03,,144223,912310,2
1365751,2019-12-13,2020-01-03,,144228,334569,2
1365752,2019-12-13,2020-01-03,,144307,9305,2
1365753,2019-12-13,2020-01-03,,144336,58137,2
1365754,2019-12-13,2020-01-03,,144336,406052,2
1365755,2019-12-13,2020-01-03,2019-12-29,144336,527139,1
1365756,2019-12-13,2020-01-03,,144336,541771,2
1365757,2019-12-13,2020-01-03,,144336,647590,2
1365758,2019-12-13,2020-01-03,2019-12-27,144336,709720,1
1365759,2019-12-13,2020-01-03,,144336,842534,2
1365760,2019-12-13,2020-01-03,,144336,882122,2
1365761,2019-12-13,2020-01-03,,144336,931344,2
1365762,2019-12-13,2020-01-03,,144342,346852,2
1365763,2019-12-13,2020-01-03,2019-12-31,144369,1467,1
1365764,2019-12-13,2020-01-03,,144384,851901,2
1365765,2019-12-13,2020-01-03,,144391,420209,2
1365766,2019-12-13,2020-01-03,2019-12-31,144529,535038,1
1365767,2019-12-13,2020-01-03,,144529,737587,2
1365768,2019-12-13,2020-01-03,,144784,47248,2
1365769,2019-12-13,2020-01-03,,144841,698852,2
1365770,2019-12-13,2020-01-03,,144855,406059,2
1365771,2019-12-13,2020-01-03,,144936,260875,2
1365772,2019-12-13,2020-01-03,,145131,171046,2
1365773,2019-12-13,2020-01-03,,145381,826165,2
1365774,2019-12-13,2020-01-03,,145842,140861,2
1365775,2019-12-13,2020-01-03,,145878,431812,2
1365776,2019-12-13,2020-01-03,,145976,637332,2
1365777,2019-12-13,2020-01-03,,146302,461411,2
1365778,2019-12-13,2020-01-03,,146514,816828,2
1365779,2019-12-13,2020-01-03,,146717,339559,2
1365780,2019-12-13,2020-01-03,2019-12-31,146733,497578,1
1365781,2019-12-13,2020-01-03,,146910,846577,2
1365782,2019-12-13,2020-01-03,,147061,689685,2
1365783,2019-12-13,2020-01-03,,147096,465850,2
1365784,2019-12-13,2020-01-03,,147210,202943,2
1365785,2019-12-13,2020-01-03,,147232,333048,2
1365786,2019-12-13,2020-01-03,,147304,224502,2
1365787,2019-12-13,2020-01-03,,147527,97918,2
1365788,2019-12-13,2020-01-03,2019-12-26,147744,163780,1
1365789,2019-12-13,2020-01-03,,147790,880817,2
1365790,2019-12-13,2020-01-03,2019-12-26,147863,850088,1
1365791,2019-12-13,2020-01-03,2019-12-23,147992,610149,1
1365792,2019-12-13,2020-01-03,,148287,103943,2
1365793,2019-12-13,2020-01-03,,148310,797357,2
1365794,2019-12-13,2020-01-03,,148314,752074,2
1365795,2019-12-13,2020-01-03,,148464,34005,2
1365796,2019-12-13,2020-01-03,,148467,337077,2
1365797,2019-12-13,2020-01-03,,148503,587576,2
1365798,2019-12-13,2020-01-03,,148506,878900,2
1365799,2019-12-13,2020-01-03,,148602,652199,2
1365800,2019-12-13,2020-01-03,,148644,42833,2
1365801,2019-12-13,2020-01-03,2019-12-28,148775,587886,1
1365802,2019-12-13,2020-01-03,,148791,108653,2
1365803,2019-12-13,2020-01-03,,148791,530342,2
1365804,2019-12-13,2020-01-03,,148824,40595,2
1365805,2019-12-13,2020-01-03,,148827,145134,2
1365806,2019-12-13,2020-01-03,,149025,475111,2
1365807,2019-12-13,2020-01-03,,149029,546615,2
1365808,2019-12-13,2020-01-03,,149168,179215,2
1365809,2019-12-13,2020-01-03,,149231,694022,2
1365810,2019-12-13,2020-01-03,,149238,348110,2
1365811,2019-12-13,2020-01-03,,149238,725487,2
1365812,2019-12-13,2020-01-03,,149326,730302,2
1365813,2019-12-13,2020-01-03,,149609,743730,2
1365814,2019-12-13,2020-01-03,,149634,172567,2
1365815,2019-12-13,2020-01-03,,149740,532068,2
1365816,2019-12-13,2020-01-03,,149792,693683,2
1365817,2019-12-13,2020-01-03,,149810,51011,2
1365818,2019-12-13,2020-01-03,2019-12-26,149811,94800,1
1365819,2019-12-13,2020-01-03,2019-12-26,149811,102496,1
1365820,2019-12-13,2020-01-03,,149811,412322,2
1365821,2019-12-13,2020-01-03,,149811,948897,2
1365822,2019-12-13,2020-01-03,,149825,435869,2
1365823,2019-12-13,2020-01-03,,150053,571609,2
1365824,2019-12-13,2020-01-03,2019-12-27,150170,568774,1
1365825,2019-12-13,2020-01-03,,150245,911268,2
1365826,2019-12-13,2020-01-03,,150624,818280,2
1365827,2019-12-13,2020-01-03,,150685,488622,2
1365828,2019-12-13,2020-01-03,,150847,838327,2
1365829,2019-12-13,2020-01-03,,151006,702507,2
1365830,2019-12-13,2020-01-03,,151034,834982,2
1365831,2019-12-13,2020-01-03,,151324,533722,2
1365832,2019-12-13,2020-01-03,,151370,250132,2
1365833,2019-12-13,2020-01-03,,151453,318021,2
1365834,2019-12-13,2020-01-03,,151472,603378,2
1365835,2019-12-13,2020-01-03,,151636,866687,2
1365836,2019-12-13,2020-01-03,,151677,822209,2
1365837,2019-12-13,2020-01-03,,151901,591485,2
1365838,2019-12-13,2020-01-03,2019-12-26,152103,486448,1
1365839,2019-12-13,2020-01-03,,152103,766547,2
1365840,2019-12-13,2020-01-03,,152103,926363,2
1365841,2019-12-13,2020-01-03,,152157,101288,2
1365842,2019-12-13,2020-01-03,2019-12-24,152158,52036,1
1365843,2019-12-13,2020-01-03,,152163,757033,2
1365844,2019-12-13,2020-01-03,,152218,151967,2
1365845,2019-12-13,2020-01-03,,152336,2190,2
1365846,2019-12-13,2020-01-03,,152488,313138,2
1365847,2019-12-13,2020-01-03,,152493,726713,2
1365848,2019-12-13,2020-01-03,2019-12-27,152510,582904,1
1365849,2019-12-13,2020-01-03,2019-12-28,152510,735907,1
1365850,2019-12-13,2020-01-03,,152531,310936,2
1365851,2019-12-13,2020-01-03,,152737,396802,2
1365852,2019-12-13,2020-01-03,,152744,791803,2
1365853,2019-12-13,2020-01-03,,152759,195138,2
1365854,2019-12-13,2020-01-03,,152889,498242,2
1365855,2019-12-13,2020-01-03,,153046,308462,2
1365856,2019-12-13,2020-01-03,,153288,464644,2
1365857,2019-12-13,2020-01-03,,153489,679302,2
1365858,2019-12-13,2020-01-03,,154032,234138,2
1365859,2019-12-13,2020-01-03,,154085,598948,2
1365860,2019-12-13,2020-01-03,,154273,478125,2
1365861,2019-12-13,2020-01-03,,154279,410121,2
1365862,2019-12-13,2020-01-03,,154389,432450,2
1365863,2019-12-13,2020-01-03,,154389,841823,2
1365864,2019-12-13,2020-01-03,,154475,817501,2
1365865,2019-12-13,2020-01-03,,154577,608653,2
1365866,2019-12-13,2020-01-03,,154662,331898,2
1365867,2019-12-13,2020-01-03,,154899,17236,2
1365868,2019-12-13,2020-01-03,,154915,768992,2
1365869,2019-12-13,2020-01-03,,154929,120952,2
1365870,2019-12-13,2020-01-03,,155047,573169,2
1365871,2019-12-13,2020-01-03,,155232,522976,2
1365872,2019-12-13,2020-01-03,,155338,104446,2
1365873,2019-12-13,2020-01-03,,155379,371059,2
1365874,2019-12-13,2020-01-03,2019-12-30,155400,786424,1
1365875,2019-12-13,2020-01-03,,155510,821804,2
1365876,2019-12-13,2020-01-03,,155544,913762,2
1365877,2019-12-13,2020-01-03,,155588,621577,2
1365878,2019-12-13,2020-01-03,,155703,199075,2
1365879,2019-12-13,2020-01-03,2019-12-30,155745,800872,1
1365880,2019-12-13,2020-01-03,,155784,358912,2
1365881,2019-12-13,2020-01-03,,155862,769246,2
1365882,2019-12-13,2020-01-03,,155886,946248,2
1365883,2019-12-13,2020-01-03,,155898,334982,2
1365884,2019-12-13,2020-01-03,,156333,759460,2
1365885,2019-12-13,2020-01-03,,156456,458414,2
1365886,2019-12-13,2020-01-03,,156544,173514,2
1365887,2019-12-13,2020-01-03,,156544,688850,2
1365888,2019-12-13,2020-01-03,,156654,335753,2
1365889,2019-12-13,2020-01-03,,156707,417571,2
1365890,2019-12-13,2020-01-03,,156803,616309,2
1365891,2019-12-13,2020-01-03,,156836,607109,2
1365892,2019-12-13,2020-01-03,,156845,567713,2
1365893,2019-12-13,2020-01-03,,156845,696292,2
1365894,2019-12-13,2020-01-03,,157070,718642,2
1365895,2019-12-13,2020-01-03,,157145,5542,2
1365896,2019-12-13,2020-01-03,,157220,656949,2
1365897,2019-12-13,2020-01-03,,157235,391252,2
1365898,2019-12-13,2020-01-03,,157336,891099,2
1365899,2019-12-13,2020-01-03,,157537,311691,2
1365900,2019-12-13,2020-01-03,2019-12-31,157705,460302,1
1365901,2019-12-13,2020-01-03,2019-12-31,158017,896374,1
1365902,2019-12-13,2020-01-03,2019-12-29,158273,744395,1
1365903,2019-12-13,2020-01-03,,158283,752757,2
1365904,2019-12-13,2020-01-03,,158486,714594,2
1365905,2019-12-13,2020-01-03,,158570,848387,2
1365906,2019-12-13,2020-01-03,,158584,235731,2
1365907,2019-12-13,2020-01-03,2019-12-24,158610,533404,1
1365908,2019-12-13,2020-01-03,,158610,698706,2
1365909,2019-12-13,2020-01-03,,158666,322894,2
1365910,2019-12-13,2020-01-03,,158702,268011,2
1365911,2019-12-13,2020-01-03,,158702,816610,2
1365912,2019-12-13,2020-01-03,,158791,228229,2
1365913,2019-12-13,2020-01-03,,158792,769182,2
1365914,2019-12-13,2020-01-03,,158811,648787,2
1365915,2019-12-13,2020-01-03,,158947,205952,2
1365916,2019-12-13,2020-01-03,,159036,92355,2
1365917,2019-12-13,2020-01-03,,159437,451275,2
1365918,2019-12-13,2020-01-03,,159551,690736,2
1365919,2019-12-13,2020-01-03,,159592,564483,2
1365920,2019-12-14,2020-01-04,2019-12-29,156,620390,1
1365921,2019-12-14,2020-01-04,,289,447588,2
1365922,2019-12-14,2020-01-04,,289,542229,2
1365923,2019-12-14,2020-01-04,,289,897227,2
1365924,2019-12-14,2020-01-04,2019-12-24,340,545719,1
1365925,2019-12-14,2020-01-04,,396,621285,2
1365926,2019-12-14,2020-01-04,,461,943399,2
1365927,2019-12-14,2020-01-04,,546,941997,2
1365928,2019-12-14,2020-01-04,,593,570593,2
1365929,2019-12-14,2020-01-04,,632,99036,2
1365930,2019-12-14,2020-01-04,,666,631807,2
1365931,2019-12-14,2020-01-04,,669,905033,2
1365932,2019-12-14,2020-01-04,,683,57188,2
1365933,2019-12-14,2020-01-04,2019-12-30,698,795752,1
1365934,2019-12-14,2020-01-04,,698,939933,2
1365935,2019-12-14,2020-01-04,,779,72212,2
1365936,2019-12-14,2020-01-04,2019-12-28,779,327151,1
1365937,2019-12-14,2020-01-04,,779,732089,2
1365938,2019-12-14,2020-01-04,,779,923997,2
1365939,2019-12-14,2020-01-04,,779,938426,2
1365940,2019-12-14,2020-01-04,,925,27593,2
1365941,2019-12-14,2020-01-04,,925,619718,2
1365942,2019-12-14,2020-01-04,,1019,433989,2
1365943,2019-12-14,2020-01-04,,1027,147278,2
1365944,2019-12-14,2020-01-04,,1027,360730,2
1365945,2019-12-14,2020-01-04,,1062,17171,2
1365946,2019-12-14,2020-01-04,,1062,464162,2
1365947,2019-12-14,2020-01-04,,1159,701620,2
1365948,2019-12-14,2020-01-04,,1170,11508,2
1365949,2019-12-14,2020-01-04,,1295,212769,2
1365950,2019-12-14,2020-01-04,,1464,46169,2
1365951,2019-12-14,2020-01-04,2019-12-31,1739,728531,1
1365952,2019-12-14,2020-01-04,,1847,107004,2
1365953,2019-12-14,2020-01-04,,1851,83741,2
1365954,2019-12-14,2020-01-04,2019-12-27,2235,352959,1
1365955,2019-12-14,2020-01-04,,2338,614032,2
1365956,2019-12-14,2020-01-04,,2526,408328,2
1365957,2019-12-14,2020-01-04,,2588,321682,2
1365958,2019-12-14,2020-01-04,,2597,75568,2
1365959,2019-12-14,2020-01-04,2019-12-27,2597,117173,1
1365960,2019-12-14,2020-01-04,2019-12-29,2597,360349,1
1365961,2019-12-14,2020-01-04,,2597,718882,2
1365962,2019-12-14,2020-01-04,,2656,419836,2
1365963,2019-12-14,2020-01-04,,2735,708656,2
1365964,2019-12-14,2020-01-04,,2756,743731,2
1365965,2019-12-14,2020-01-04,,2765,780874,2
1365966,2019-12-14,2020-01-04,,2820,920471,2
1365967,2019-12-14,2020-01-04,,2924,817877,2
1365968,2019-12-14,2020-01-04,,3119,727806,2
1365969,2019-12-14,2020-01-04,,3202,847846,2
1365970,2019-12-14,2020-01-04,,3447,568605,2
1365971,2019-12-14,2020-01-04,,3629,131170,2
1365972,2019-12-14,2020-01-04,,3992,553298,2
1365973,2019-12-14,2020-01-04,,4014,154661,2
1365974,2019-12-14,2020-01-04,,4074,513881,2
1365975,2019-12-14,2020-01-04,,4097,764249,2
1365976,2019-12-14,2020-01-04,,4121,12156,2
1365977,2019-12-14,2020-01-04,,4121,17669,2
1365978,2019-12-14,2020-01-04,,4121,274553,2
1365979,2019-12-14,2020-01-04,2019-12-26,4121,385098,1
1365980,2019-12-14,2020-01-04,,4176,579561,2
1365981,2019-12-14,2020-01-04,2019-12-30,4291,379357,1
1365982,2019-12-14,2020-01-04,,4458,638863,2
1365983,2019-12-14,2020-01-04,,4525,627961,2
1365984,2019-12-14,2020-01-04,,4525,802835,2
1365985,2019-12-14,2020-01-04,,4646,200731,2
1365986,2019-12-14,2020-01-04,,4654,701438,2
1365987,2019-12-14,2020-01-04,,4745,935929,2
1365988,2019-12-14,2020-01-04,,4804,354498,2
1365989,2019-12-14,2020-01-04,,4804,355548,2
1365990,2019-12-14,2020-01-04,,4808,571657,2
1365991,2019-12-14,2020-01-04,,5167,301489,2
1365992,2019-12-14,2020-01-04,,5229,577810,2
1365993,2019-12-14,2020-01-04,2019-12-30,5238,208690,1
1365994,2019-12-14,2020-01-04,,5241,242838,2
1365995,2019-12-14,2020-01-04,,5382,590271,2
1365996,2019-12-14,2020-01-04,,5382,650578,2
1365997,2019-12-14,2020-01-04,,5441,343927,2
1365998,2019-12-14,2020-01-04,,5751,238576,2
1365999,2019-12-14,2020-01-04,,5784,574928,2
1366000,2019-12-14,2020-01-04,,6006,514363,2
1366001,2019-12-14,2020-01-04,,6083,24321,2
1366002,2019-12-14,2020-01-04,,6109,879222,2
1366003,2019-12-14,2020-01-04,,6224,307738,2
1366004,2019-12-14,2020-01-04,,6272,721033,2
1366005,2019-12-14,2020-01-04,,6311,75970,2
1366006,2019-12-14,2020-01-04,,6314,848296,2
1366007,2019-12-14,2020-01-04,,6399,109296,2
1366008,2019-12-14,2020-01-04,,6405,358919,2
1366009,2019-12-14,2020-01-04,,6466,504853,2
1366010,2019-12-14,2020-01-04,,6517,378334,2
1366011,2019-12-14,2020-01-04,,6517,891908,2
1366012,2019-12-14,2020-01-04,,6548,763835,2
1366013,2019-12-14,2020-01-04,,6619,158996,2
1366014,2019-12-14,2020-01-04,,6619,350347,2
1366015,2019-12-14,2020-01-04,,6725,24486,2
1366016,2019-12-14,2020-01-04,2019-12-31,6725,95151,1
1366017,2019-12-14,2020-01-04,,6725,106312,2
1366018,2019-12-14,2020-01-04,,6725,183402,2
1366019,2019-12-14,2020-01-04,2019-12-30,6725,209414,1
1366020,2019-12-14,2020-01-04,,6725,273051,2
1366021,2019-12-14,2020-01-04,,6725,312855,2
1366022,2019-12-14,2020-01-04,,6725,467955,2
1366023,2019-12-14,2020-01-04,,6725,518264,2
1366024,2019-12-14,2020-01-04,2019-12-31,6725,663278,1
1366025,2019-12-14,2020-01-04,,6725,699401,2
1366026,2019-12-14,2020-01-04,2019-12-27,6725,715039,1
1366027,2019-12-14,2020-01-04,,6725,917970,2
1366028,2019-12-14,2020-01-04,,6872,919777,2
1366029,2019-12-14,2020-01-04,,6936,481295,2
1366030,2019-12-14,2020-01-04,,7028,403544,2
1366031,2019-12-14,2020-01-04,,7103,593891,2
1366032,2019-12-14,2020-01-04,2019-12-26,7128,688203,1
1366033,2019-12-14,2020-01-04,,7254,911422,2
1366034,2019-12-14,2020-01-04,,7266,205379,2
1366035,2019-12-14,2020-01-04,,7295,10405,2
1366036,2019-12-14,2020-01-04,,7560,196392,2
1366037,2019-12-14,2020-01-04,,7560,558921,2
1366038,2019-12-14,2020-01-04,,7573,909236,2
1366039,2019-12-14,2020-01-04,,7579,639513,2
1366040,2019-12-14,2020-01-04,,7632,829622,2
1366041,2019-12-14,2020-01-04,,7779,338330,2
1366042,2019-12-14,2020-01-04,,8496,349142,2
1366043,2019-12-14,2020-01-04,,8730,174554,2
1366044,2019-12-14,2020-01-04,,8730,762188,2
1366045,2019-12-14,2020-01-04,,8829,27834,2
1366046,2019-12-14,2020-01-04,,8977,326222,2
1366047,2019-12-14,2020-01-04,2019-12-30,9049,886238,1
1366048,2019-12-14,2020-01-04,,9294,741835,2
1366049,2019-12-14,2020-01-04,,9484,31809,2
1366050,2019-12-14,2020-01-04,2019-12-31,9517,571300,1
1366051,2019-12-14,2020-01-04,,9534,362906,2
1366052,2019-12-14,2020-01-04,,9648,176103,2
1366053,2019-12-14,2020-01-04,,9854,104213,2
1366054,2019-12-14,2020-01-04,,9887,245052,2
1366055,2019-12-14,2020-01-04,,9889,149085,2
1366056,2019-12-14,2020-01-04,,9909,144003,2
1366057,2019-12-14,2020-01-04,,10028,306905,2
1366058,2019-12-14,2020-01-04,,10208,853608,2
1366059,2019-12-14,2020-01-04,,10527,660011,2
1366060,2019-12-14,2020-01-04,,10586,878622,2
1366061,2019-12-14,2020-01-04,,10739,487987,2
1366062,2019-12-14,2020-01-04,2019-12-24,10908,598974,1
1366063,2019-12-14,2020-01-04,,11138,648885,2
1366064,2019-12-14,2020-01-04,,11263,196612,2
1366065,2019-12-14,2020-01-04,,11358,581277,2
1366066,2019-12-14,2020-01-04,,11425,140128,2
1366067,2019-12-14,2020-01-04,,11425,598073,2
1366068,2019-12-14,2020-01-04,2019-12-30,11458,947200,1
1366069,2019-12-14,2020-01-04,,11585,146997,2
1366070,2019-12-14,2020-01-04,2019-12-26,11701,304783,1
1366071,2019-12-14,2020-01-04,,12015,61393,2
1366072,2019-12-14,2020-01-04,2019-12-30,12015,377658,1
1366073,2019-12-14,2020-01-04,,12015,423596,2
1366074,2019-12-14,2020-01-04,2019-12-28,12015,652410,1
1366075,2019-12-14,2020-01-04,,12015,667758,2
1366076,2019-12-14,2020-01-04,,12147,577000,2
1366077,2019-12-14,2020-01-04,,12168,138744,2
1366078,2019-12-14,2020-01-04,,12201,951526,2
1366079,2019-12-14,2020-01-04,,12288,674289,2
1366080,2019-12-14,2020-01-04,,12302,189140,2
1366081,2019-12-14,2020-01-04,,12459,821518,2
1366082,2019-12-14,2020-01-04,,12622,844507,2
1366083,2019-12-14,2020-01-04,,12724,229816,2
1366084,2019-12-14,2020-01-04,2019-12-27,12748,532124,1
1366085,2019-12-14,2020-01-04,,12846,57104,2
1366086,2019-12-14,2020-01-04,,12846,66742,2
1366087,2019-12-14,2020-01-04,,12846,449949,2
1366088,2019-12-14,2020-01-04,,12846,493912,2
1366089,2019-12-14,2020-01-04,,12846,559391,2
1366090,2019-12-14,2020-01-04,,12851,913734,2
1366091,2019-12-14,2020-01-04,,12931,395623,2
1366092,2019-12-14,2020-01-04,,13474,3413,2
1366093,2019-12-14,2020-01-04,,13522,842239,2
1366094,2019-12-14,2020-01-04,,13821,34462,2
1366095,2019-12-14,2020-01-04,,13822,920722,2
1366096,2019-12-14,2020-01-04,,13839,460306,2
1366097,2019-12-14,2020-01-04,,13839,915534,2
1366098,2019-12-14,2020-01-04,,13890,690936,2
1366099,2019-12-14,2020-01-04,,13904,349895,2
1366100,2019-12-14,2020-01-04,,14016,932440,2
1366101,2019-12-14,2020-01-04,2019-12-27,14141,673602,1
1366102,2019-12-14,2020-01-04,,14284,48254,2
1366103,2019-12-14,2020-01-04,2019-12-29,14369,263766,1
1366104,2019-12-14,2020-01-04,,14605,34401,2
1366105,2019-12-14,2020-01-04,,14605,72271,2
1366106,2019-12-14,2020-01-04,,14605,183093,2
1366107,2019-12-14,2020-01-04,,14605,909237,2
1366108,2019-12-14,2020-01-04,,14605,944609,2
1366109,2019-12-14,2020-01-04,,14864,712317,2
1366110,2019-12-14,2020-01-04,,14926,935686,2
1366111,2019-12-14,2020-01-04,,14959,839313,2
1366112,2019-12-14,2020-01-04,,15000,852397,2
1366113,2019-12-14,2020-01-04,,15008,903962,2
1366114,2019-12-14,2020-01-04,,15146,87587,2
1366115,2019-12-14,2020-01-04,,15153,173334,2
1366116,2019-12-14,2020-01-04,,15506,648759,2
1366117,2019-12-14,2020-01-04,,15541,903364,2
1366118,2019-12-14,2020-01-04,,15564,728390,2
1366119,2019-12-14,2020-01-04,2019-12-26,15718,418931,1
1366120,2019-12-14,2020-01-04,2019-12-29,15798,527347,1
1366121,2019-12-14,2020-01-04,,15977,150546,2
1366122,2019-12-14,2020-01-04,,16129,749968,2
1366123,2019-12-14,2020-01-04,,16237,23047,2
1366124,2019-12-14,2020-01-04,2019-12-30,16274,407606,1
1366125,2019-12-14,2020-01-04,,16417,730924,2
1366126,2019-12-14,2020-01-04,,16533,770807,2
1366127,2019-12-14,2020-01-04,,16577,545023,2
1366128,2019-12-14,2020-01-04,,16577,909189,2
1366129,2019-12-14,2020-01-04,2019-12-25,16606,685425,1
1366130,2019-12-14,2020-01-04,,16626,156806,2
1366131,2019-12-14,2020-01-04,,16829,30394,2
1366132,2019-12-14,2020-01-04,,16861,82063,2
1366133,2019-12-14,2020-01-04,2019-12-30,16891,170326,1
1366134,2019-12-14,2020-01-04,,17119,838579,2
1366135,2019-12-14,2020-01-04,,17277,21918,2
1366136,2019-12-14,2020-01-04,,17277,503276,2
1366137,2019-12-14,2020-01-04,,17299,165884,2
1366138,2019-12-14,2020-01-04,2019-12-30,17764,341448,1
1366139,2019-12-14,2020-01-04,2019-12-24,17885,637899,1
1366140,2019-12-14,2020-01-04,,18001,484711,2
1366141,2019-12-14,2020-01-04,,18186,256100,2
1366142,2019-12-14,2020-01-04,,18447,175121,2
1366143,2019-12-14,2020-01-04,,18673,576474,2
1366144,2019-12-14,2020-01-04,,18673,670029,2
1366145,2019-12-14,2020-01-04,,18817,661699,2
1366146,2019-12-14,2020-01-04,2019-12-26,18983,115047,1
1366147,2019-12-14,2020-01-04,,18993,147678,2
1366148,2019-12-14,2020-01-04,,19115,604139,2
1366149,2019-12-14,2020-01-04,,19169,776298,2
1366150,2019-12-14,2020-01-04,,19231,541817,2
1366151,2019-12-14,2020-01-04,,19239,602341,2
1366152,2019-12-14,2020-01-04,,19260,3086,2
1366153,2019-12-14,2020-01-04,,19375,407784,2
1366154,2019-12-14,2020-01-04,,19476,509945,2
1366155,2019-12-14,2020-01-04,2019-12-29,19582,397357,1
1366156,2019-12-14,2020-01-04,,19761,626823,2
1366157,2019-12-14,2020-01-04,,19892,50334,2
1366158,2019-12-14,2020-01-04,,20070,274548,2
1366159,2019-12-14,2020-01-04,,20209,330685,2
1366160,2019-12-14,2020-01-04,,20209,922611,2
1366161,2019-12-14,2020-01-04,,20247,299567,2
1366162,2019-12-14,2020-01-04,,20367,880023,2
1366163,2019-12-14,2020-01-04,,20483,677243,2
1366164,2019-12-14,2020-01-04,,20654,755925,2
1366165,2019-12-14,2020-01-04,,21045,718291,2
1366166,2019-12-14,2020-01-04,,21260,248414,2
1366167,2019-12-14,2020-01-04,,21364,49536,2
1366168,2019-12-14,2020-01-04,,21397,750473,2
1366169,2019-12-14,2020-01-04,,21404,588180,2
1366170,2019-12-14,2020-01-04,,21410,436060,2
1366171,2019-12-14,2020-01-04,2019-12-30,21496,248935,1
1366172,2019-12-14,2020-01-04,2019-12-30,21570,5219,1
1366173,2019-12-14,2020-01-04,,21570,707232,2
1366174,2019-12-14,2020-01-04,,21595,234474,2
1366175,2019-12-14,2020-01-04,,21627,809697,2
1366176,2019-12-14,2020-01-04,,21632,386375,2
1366177,2019-12-14,2020-01-04,,21689,174746,2
1366178,2019-12-14,2020-01-04,2019-12-26,21696,771789,1
1366179,2019-12-14,2020-01-04,2019-12-27,21798,635566,1
1366180,2019-12-14,2020-01-04,,21849,176969,2
1366181,2019-12-14,2020-01-04,2019-12-30,21888,806347,1
1366182,2019-12-14,2020-01-04,,21979,845850,2
1366183,2019-12-14,2020-01-04,,22182,570316,2
1366184,2019-12-14,2020-01-04,,22227,725753,2
1366185,2019-12-14,2020-01-04,,22392,357653,2
1366186,2019-12-14,2020-01-04,,22465,662711,2
1366187,2019-12-14,2020-01-04,2019-12-30,22537,278831,1
1366188,2019-12-14,2020-01-04,2019-12-26,22629,128523,1
1366189,2019-12-14,2020-01-04,2019-12-25,22629,941688,1
1366190,2019-12-14,2020-01-04,,22733,185862,2
1366191,2019-12-14,2020-01-04,,22799,603057,2
1366192,2019-12-14,2020-01-04,,22907,927248,2
1366193,2019-12-14,2020-01-04,,23102,192686,2
1366194,2019-12-14,2020-01-04,,23188,828960,2
1366195,2019-12-14,2020-01-04,,23602,93584,2
1366196,2019-12-14,2020-01-04,,23885,755439,2
1366197,2019-12-14,2020-01-04,,23920,326807,2
1366198,2019-12-14,2020-01-04,,24044,675438,2
1366199,2019-12-14,2020-01-04,,24260,321687,2
1366200,2019-12-14,2020-01-04,2019-12-25,24360,472612,1
1366201,2019-12-14,2020-01-04,,24463,44196,2
1366202,2019-12-14,2020-01-04,,24708,158993,2
1366203,2019-12-14,2020-01-04,2019-12-26,24708,439204,1
1366204,2019-12-14,2020-01-04,,24708,728534,2
1366205,2019-12-14,2020-01-04,2019-12-26,24708,804008,1
1366206,2019-12-14,2020-01-04,,24783,201719,2
1366207,2019-12-14,2020-01-04,,24921,934777,2
1366208,2019-12-14,2020-01-04,,24959,832958,2
1366209,2019-12-14,2020-01-04,,25046,525663,2
1366210,2019-12-14,2020-01-04,,25257,946032,2
1366211,2019-12-14,2020-01-04,,25304,700383,2
1366212,2019-12-14,2020-01-04,2019-12-27,25414,286891,1
1366213,2019-12-14,2020-01-04,,25525,530612,2
1366214,2019-12-14,2020-01-04,,25589,310364,2
1366215,2019-12-14,2020-01-04,,25589,759807,2
1366216,2019-12-14,2020-01-04,,25610,230015,2
1366217,2019-12-14,2020-01-04,,25610,278046,2
1366218,2019-12-14,2020-01-04,,25610,288478,2
1366219,2019-12-14,2020-01-04,,25610,457094,2
1366220,2019-12-14,2020-01-04,,25610,486416,2
1366221,2019-12-14,2020-01-04,,25610,792459,2
1366222,2019-12-14,2020-01-04,,25610,798120,2
1366223,2019-12-14,2020-01-04,,25711,348453,2
1366224,2019-12-14,2020-01-04,,25834,282343,2
1366225,2019-12-14,2020-01-04,,25834,799104,2
1366226,2019-12-14,2020-01-04,,25949,348597,2
1366227,2019-12-14,2020-01-04,,26011,765388,2
1366228,2019-12-14,2020-01-04,,26074,903883,2
1366229,2019-12-14,2020-01-04,,26086,843237,2
1366230,2019-12-14,2020-01-04,,26099,783986,2
1366231,2019-12-14,2020-01-04,,26146,71580,2
1366232,2019-12-14,2020-01-04,,26224,638095,2
1366233,2019-12-14,2020-01-04,2019-12-30,26224,674853,1
1366234,2019-12-14,2020-01-04,,26359,26398,2
1366235,2019-12-14,2020-01-04,,26493,132112,2
1366236,2019-12-14,2020-01-04,,26511,469821,2
1366237,2019-12-14,2020-01-04,,26522,3814,2
1366238,2019-12-14,2020-01-04,,26522,248613,2
1366239,2019-12-14,2020-01-04,,26522,566654,2
1366240,2019-12-14,2020-01-04,,26522,675921,2
1366241,2019-12-14,2020-01-04,,26554,54184,2
1366242,2019-12-14,2020-01-04,2019-12-27,26671,48694,1
1366243,2019-12-14,2020-01-04,,26671,104214,2
1366244,2019-12-14,2020-01-04,,26723,21873,2
1366245,2019-12-14,2020-01-04,,26723,806567,2
1366246,2019-12-14,2020-01-04,,26842,849724,2
1366247,2019-12-14,2020-01-04,,27266,705752,2
1366248,2019-12-14,2020-01-04,2019-12-31,27344,377908,1
1366249,2019-12-14,2020-01-04,2019-12-26,27608,927160,1
1366250,2019-12-14,2020-01-04,,27684,619061,2
1366251,2019-12-14,2020-01-04,,27684,893443,2
1366252,2019-12-14,2020-01-04,,27684,912087,2
1366253,2019-12-14,2020-01-04,,27704,872156,2
1366254,2019-12-14,2020-01-04,,27746,239614,2
1366255,2019-12-14,2020-01-04,,27754,648855,2
1366256,2019-12-14,2020-01-04,,28069,660417,2
1366257,2019-12-14,2020-01-04,2019-12-27,28144,397156,1
1366258,2019-12-14,2020-01-04,,28201,767506,2
1366259,2019-12-14,2020-01-04,,28366,871155,2
1366260,2019-12-14,2020-01-04,2019-12-26,28384,765402,1
1366261,2019-12-14,2020-01-04,,28396,926810,2
1366262,2019-12-14,2020-01-04,,28462,719298,2
1366263,2019-12-14,2020-01-04,,28462,822971,2
1366264,2019-12-14,2020-01-04,2019-12-25,28462,899482,1
1366265,2019-12-14,2020-01-04,,28593,311557,2
1366266,2019-12-14,2020-01-04,,28687,613455,2
1366267,2019-12-14,2020-01-04,,28711,630212,2
1366268,2019-12-14,2020-01-04,,28829,440722,2
1366269,2019-12-14,2020-01-04,,28847,421641,2
1366270,2019-12-14,2020-01-04,,28847,547192,2
1366271,2019-12-14,2020-01-04,,28847,579325,2
1366272,2019-12-14,2020-01-04,,28847,794029,2
1366273,2019-12-14,2020-01-04,,28942,835322,2
1366274,2019-12-14,2020-01-04,,28949,363072,2
1366275,2019-12-14,2020-01-04,,28952,321109,2
1366276,2019-12-14,2020-01-04,,28952,686724,2
1366277,2019-12-14,2020-01-04,,28952,923350,2
1366278,2019-12-14,2020-01-04,,28971,5212,2
1366279,2019-12-14,2020-01-04,2019-12-30,28971,526340,1
1366280,2019-12-14,2020-01-04,,29208,268317,2
1366281,2019-12-14,2020-01-04,,29251,101561,2
1366282,2019-12-14,2020-01-04,,29260,452038,2
1366283,2019-12-14,2020-01-04,,29273,134276,2
1366284,2019-12-14,2020-01-04,2019-12-27,29273,421171,1
1366285,2019-12-14,2020-01-04,,29273,799090,2
1366286,2019-12-14,2020-01-04,,29352,546748,2
1366287,2019-12-14,2020-01-04,,29439,527558,2
1366288,2019-12-14,2020-01-04,,29486,216818,2
1366289,2019-12-14,2020-01-04,,29547,571625,2
1366290,2019-12-14,2020-01-04,,29547,664608,2
1366291,2019-12-14,2020-01-04,,29564,654869,2
1366292,2019-12-14,2020-01-04,,29593,186669,2
1366293,2019-12-14,2020-01-04,,29847,491123,2
1366294,2019-12-14,2020-01-04,,29847,538011,2
1366295,2019-12-14,2020-01-04,2019-12-26,29847,849562,1
1366296,2019-12-14,2020-01-04,,30056,348416,2
1366297,2019-12-14,2020-01-04,,30056,656902,2
1366298,2019-12-14,2020-01-04,,30090,244938,2
1366299,2019-12-14,2020-01-04,,30419,738702,2
1366300,2019-12-14,2020-01-04,,30533,10672,2
1366301,2019-12-14,2020-01-04,,30582,953408,2
1366302,2019-12-14,2020-01-04,,30843,797363,2
1366303,2019-12-14,2020-01-04,,31048,429695,2
1366304,2019-12-14,2020-01-04,,31102,128350,2
1366305,2019-12-14,2020-01-04,,31150,915641,2
1366306,2019-12-14,2020-01-04,,31412,509097,2
1366307,2019-12-14,2020-01-04,,31426,42626,2
1366308,2019-12-14,2020-01-04,,31676,445758,2
1366309,2019-12-14,2020-01-04,,31695,425265,2
1366310,2019-12-14,2020-01-04,2019-12-30,31882,596770,1
1366311,2019-12-14,2020-01-04,,31923,670227,2
1366312,2019-12-14,2020-01-04,2019-12-27,31929,505232,1
1366313,2019-12-14,2020-01-04,,31992,904261,2
1366314,2019-12-14,2020-01-04,,32001,765617,2
1366315,2019-12-14,2020-01-04,,32069,102425,2
1366316,2019-12-14,2020-01-04,,32166,31762,2
1366317,2019-12-14,2020-01-04,,32208,377281,2
1366318,2019-12-14,2020-01-04,,32259,364492,2
1366319,2019-12-14,2020-01-04,,32309,696311,2
1366320,2019-12-14,2020-01-04,2019-12-30,32317,156527,1
1366321,2019-12-14,2020-01-04,,32412,98529,2
1366322,2019-12-14,2020-01-04,,32414,644377,2
1366323,2019-12-14,2020-01-04,,32448,60199,2
1366324,2019-12-14,2020-01-04,,32492,112058,2
1366325,2019-12-14,2020-01-04,,32497,758498,2
1366326,2019-12-14,2020-01-04,,32520,675122,2
1366327,2019-12-14,2020-01-04,,32589,421225,2
1366328,2019-12-14,2020-01-04,,32638,246355,2
1366329,2019-12-14,2020-01-04,,32667,631990,2
1366330,2019-12-14,2020-01-04,,32837,63240,2
1366331,2019-12-14,2020-01-04,,32949,415088,2
1366332,2019-12-14,2020-01-04,,33080,496439,2
1366333,2019-12-14,2020-01-04,,33080,871320,2
1366334,2019-12-14,2020-01-04,,33088,345870,2
1366335,2019-12-14,2020-01-04,,33222,540919,2
1366336,2019-12-14,2020-01-04,,33337,834424,2
1366337,2019-12-14,2020-01-04,,33408,802218,2
1366338,2019-12-14,2020-01-04,2019-12-30,33501,3192,1
1366339,2019-12-14,2020-01-04,,33685,727829,2
1366340,2019-12-14,2020-01-04,,33745,240001,2
1366341,2019-12-14,2020-01-04,,33823,146758,2
1366342,2019-12-14,2020-01-04,,33917,571321,2
1366343,2019-12-14,2020-01-04,,33921,569368,2
1366344,2019-12-14,2020-01-04,,34248,659833,2
1366345,2019-12-14,2020-01-04,,34550,303090,2
1366346,2019-12-14,2020-01-04,2019-12-28,34817,38447,1
1366347,2019-12-14,2020-01-04,,34850,281242,2
1366348,2019-12-14,2020-01-04,2019-12-27,34850,404719,1
1366349,2019-12-14,2020-01-04,2019-12-28,34850,796680,1
1366350,2019-12-14,2020-01-04,,34884,863261,2
1366351,2019-12-14,2020-01-04,,34903,631368,2
1366352,2019-12-14,2020-01-04,,34983,637400,2
1366353,2019-12-14,2020-01-04,,35297,778813,2
1366354,2019-12-14,2020-01-04,,35328,869253,2
1366355,2019-12-14,2020-01-04,,35356,541839,2
1366356,2019-12-14,2020-01-04,,35375,816566,2
1366357,2019-12-14,2020-01-04,,35462,773901,2
1366358,2019-12-14,2020-01-04,2019-12-30,35550,919018,1
1366359,2019-12-14,2020-01-04,,35712,866130,2
1366360,2019-12-14,2020-01-04,,35773,776323,2
1366361,2019-12-14,2020-01-04,,35944,357542,2
1366362,2019-12-14,2020-01-04,,35964,754399,2
1366363,2019-12-14,2020-01-04,,36032,797818,2
1366364,2019-12-14,2020-01-04,,36044,909208,2
1366365,2019-12-14,2020-01-04,2019-12-29,36191,359325,1
1366366,2019-12-14,2020-01-04,,36290,88514,2
1366367,2019-12-14,2020-01-04,2019-12-31,36406,87187,1
1366368,2019-12-14,2020-01-04,,36431,559709,2
1366369,2019-12-14,2020-01-04,,36455,445375,2
1366370,2019-12-14,2020-01-04,,36654,267649,2
1366371,2019-12-14,2020-01-04,,36665,683179,2
1366372,2019-12-14,2020-01-04,,36672,807921,2
1366373,2019-12-14,2020-01-04,,36752,580764,2
1366374,2019-12-14,2020-01-04,,36842,565023,2
1366375,2019-12-14,2020-01-04,,36903,886549,2
1366376,2019-12-14,2020-01-04,,36915,938951,2
1366377,2019-12-14,2020-01-04,,37133,847762,2
1366378,2019-12-14,2020-01-04,,37164,898635,2
1366379,2019-12-14,2020-01-04,,37202,75022,2
1366380,2019-12-14,2020-01-04,,37291,166006,2
1366381,2019-12-14,2020-01-04,2019-12-31,37453,725800,1
1366382,2019-12-14,2020-01-04,,37547,310390,2
1366383,2019-12-14,2020-01-04,,37547,735415,2
1366384,2019-12-14,2020-01-04,,37551,721522,2
1366385,2019-12-14,2020-01-04,,38015,812677,2
1366386,2019-12-14,2020-01-04,,38070,573372,2
1366387,2019-12-14,2020-01-04,,38143,536702,2
1366388,2019-12-14,2020-01-04,,38223,135659,2
1366389,2019-12-14,2020-01-04,,38753,628905,2
1366390,2019-12-14,2020-01-04,,38753,773574,2
1366391,2019-12-14,2020-01-04,,38886,642491,2
1366392,2019-12-14,2020-01-04,,38954,615667,2
1366393,2019-12-14,2020-01-04,,39057,721646,2
1366394,2019-12-14,2020-01-04,,39251,394580,2
1366395,2019-12-14,2020-01-04,,39459,66303,2
1366396,2019-12-14,2020-01-04,,39597,720761,2
1366397,2019-12-14,2020-01-04,,39644,200057,2
1366398,2019-12-14,2020-01-04,,39799,575494,2
1366399,2019-12-14,2020-01-04,,39963,287451,2
1366400,2019-12-14,2020-01-04,,39963,586225,2
1366401,2019-12-14,2020-01-04,,39963,849484,2
1366402,2019-12-14,2020-01-04,,40011,72772,2
1366403,2019-12-14,2020-01-04,,40217,912202,2
1366404,2019-12-14,2020-01-04,,40289,455592,2
1366405,2019-12-14,2020-01-04,,40346,40602,2
1366406,2019-12-14,2020-01-04,,40362,223788,2
1366407,2019-12-14,2020-01-04,,40522,785865,2
1366408,2019-12-14,2020-01-04,,40584,41416,2
1366409,2019-12-14,2020-01-04,,40642,697339,2
1366410,2019-12-14,2020-01-04,,40688,72243,2
1366411,2019-12-14,2020-01-04,,40908,644043,2
1366412,2019-12-14,2020-01-04,,40975,13160,2
1366413,2019-12-14,2020-01-04,,40975,116550,2
1366414,2019-12-14,2020-01-04,,40975,281738,2
1366415,2019-12-14,2020-01-04,,40975,853303,2
1366416,2019-12-14,2020-01-04,,40991,447635,2
1366417,2019-12-14,2020-01-04,,41097,946415,2
1366418,2019-12-14,2020-01-04,2019-12-30,41115,88515,1
1366419,2019-12-14,2020-01-04,2019-12-27,41115,92329,1
1366420,2019-12-14,2020-01-04,,41115,176079,2
1366421,2019-12-14,2020-01-04,,41115,324763,2
1366422,2019-12-14,2020-01-04,,41115,475321,2
1366423,2019-12-14,2020-01-04,,41115,509427,2
1366424,2019-12-14,2020-01-04,,41115,868830,2
1366425,2019-12-14,2020-01-04,,41130,492529,2
1366426,2019-12-14,2020-01-04,,41130,652141,2
1366427,2019-12-14,2020-01-04,,41186,598702,2
1366428,2019-12-14,2020-01-04,,41327,35160,2
1366429,2019-12-14,2020-01-04,,41464,814902,2
1366430,2019-12-14,2020-01-04,,41614,167432,2
1366431,2019-12-14,2020-01-04,,41673,452970,2
1366432,2019-12-14,2020-01-04,,41807,779193,2
1366433,2019-12-14,2020-01-04,,41827,309215,2
1366434,2019-12-14,2020-01-04,,42286,321935,2
1366435,2019-12-14,2020-01-04,,42391,239785,2
1366436,2019-12-14,2020-01-04,,42406,262989,2
1366437,2019-12-14,2020-01-04,,42427,741660,2
1366438,2019-12-14,2020-01-04,,42816,349499,2
1366439,2019-12-14,2020-01-04,,42826,509977,2
1366440,2019-12-14,2020-01-04,,42855,336792,2
1366441,2019-12-14,2020-01-04,,42936,407029,2
1366442,2019-12-14,2020-01-04,,42979,856867,2
1366443,2019-12-14,2020-01-04,,42979,857621,2
1366444,2019-12-14,2020-01-04,,42992,908291,2
1366445,2019-12-14,2020-01-04,,43086,953332,2
1366446,2019-12-14,2020-01-04,,43087,370945,2
1366447,2019-12-14,2020-01-04,,43322,226495,2
1366448,2019-12-14,2020-01-04,,43399,137462,2
1366449,2019-12-14,2020-01-04,2019-12-27,43416,159426,1
1366450,2019-12-14,2020-01-04,,43416,173549,2
1366451,2019-12-14,2020-01-04,2019-12-31,43416,376127,1
1366452,2019-12-14,2020-01-04,2019-12-31,43416,589126,1
1366453,2019-12-14,2020-01-04,,43431,745966,2
1366454,2019-12-14,2020-01-04,,43498,203095,2
1366455,2019-12-14,2020-01-04,,43526,348908,2
1366456,2019-12-14,2020-01-04,,43534,686348,2
1366457,2019-12-14,2020-01-04,,43564,881436,2
1366458,2019-12-14,2020-01-04,,43615,275791,2
1366459,2019-12-14,2020-01-04,2019-12-26,43615,343161,1
1366460,2019-12-14,2020-01-04,,43651,778078,2
1366461,2019-12-14,2020-01-04,,43784,674062,2
1366462,2019-12-14,2020-01-04,,43838,18243,2
1366463,2019-12-14,2020-01-04,,43838,101269,2
1366464,2019-12-14,2020-01-04,,43888,182016,2
1366465,2019-12-14,2020-01-04,,43930,947476,2
1366466,2019-12-14,2020-01-04,,44445,503000,2
1366467,2019-12-14,2020-01-04,,44743,647486,2
1366468,2019-12-14,2020-01-04,2019-12-29,45093,66755,1
1366469,2019-12-14,2020-01-04,2019-12-30,45093,131147,1
1366470,2019-12-14,2020-01-04,,45093,642104,2
1366471,2019-12-14,2020-01-04,,45093,644594,2
1366472,2019-12-14,2020-01-04,,45093,737593,2
1366473,2019-12-14,2020-01-04,,45093,794213,2
1366474,2019-12-14,2020-01-04,,45093,850537,2
1366475,2019-12-14,2020-01-04,,45093,880876,2
1366476,2019-12-14,2020-01-04,,45093,899201,2
1366477,2019-12-14,2020-01-04,,45093,900056,2
1366478,2019-12-14,2020-01-04,2019-12-27,45093,911048,1
1366479,2019-12-14,2020-01-04,,45206,414818,2
1366480,2019-12-14,2020-01-04,,45344,874809,2
1366481,2019-12-14,2020-01-04,,45378,257481,2
1366482,2019-12-14,2020-01-04,2019-12-28,45378,421438,1
1366483,2019-12-14,2020-01-04,2019-12-25,45606,71224,1
1366484,2019-12-14,2020-01-04,,45606,806484,2
1366485,2019-12-14,2020-01-04,,45664,305866,2
1366486,2019-12-14,2020-01-04,,45757,245773,2
1366487,2019-12-14,2020-01-04,,45757,552255,2
1366488,2019-12-14,2020-01-04,,45757,789511,2
1366489,2019-12-14,2020-01-04,2019-12-25,45764,755606,1
1366490,2019-12-14,2020-01-04,,45801,818823,2
1366491,2019-12-14,2020-01-04,,45814,801769,2
1366492,2019-12-14,2020-01-04,2019-12-30,45896,703505,1
1366493,2019-12-14,2020-01-04,,46125,41542,2
1366494,2019-12-14,2020-01-04,,46196,899020,2
1366495,2019-12-14,2020-01-04,,46254,594651,2
1366496,2019-12-14,2020-01-04,,46306,757818,2
1366497,2019-12-14,2020-01-04,,46342,21604,2
1366498,2019-12-14,2020-01-04,,46342,190706,2
1366499,2019-12-14,2020-01-04,,46342,226133,2
1366500,2019-12-14,2020-01-04,,46342,529375,2
1366501,2019-12-14,2020-01-04,,46342,590343,2
1366502,2019-12-14,2020-01-04,,46431,262906,2
1366503,2019-12-14,2020-01-04,,46459,448380,2
1366504,2019-12-14,2020-01-04,,46530,858396,2
1366505,2019-12-14,2020-01-04,,46639,258270,2
1366506,2019-12-14,2020-01-04,,46730,690120,2
1366507,2019-12-14,2020-01-04,2019-12-24,46776,794142,1
1366508,2019-12-14,2020-01-04,,46807,839244,2
1366509,2019-12-14,2020-01-04,,46859,291488,2
1366510,2019-12-14,2020-01-04,2019-12-29,46964,123382,1
1366511,2019-12-14,2020-01-04,,46964,332678,2
1366512,2019-12-14,2020-01-04,,47106,326159,2
1366513,2019-12-14,2020-01-04,,47325,96172,2
1366514,2019-12-14,2020-01-04,,47325,813919,2
1366515,2019-12-14,2020-01-04,,47340,316289,2
1366516,2019-12-14,2020-01-04,,47346,826919,2
1366517,2019-12-14,2020-01-04,,47505,565762,2
1366518,2019-12-14,2020-01-04,,47659,150765,2
1366519,2019-12-14,2020-01-04,,47676,243834,2
1366520,2019-12-14,2020-01-04,,47718,706021,2
1366521,2019-12-14,2020-01-04,2019-12-30,47758,404051,1
1366522,2019-12-14,2020-01-04,2019-12-29,47758,552776,1
1366523,2019-12-14,2020-01-04,,47758,612207,2
1366524,2019-12-14,2020-01-04,,47814,107637,2
1366525,2019-12-14,2020-01-04,,48108,617465,2
1366526,2019-12-14,2020-01-04,,48361,189962,2
1366527,2019-12-14,2020-01-04,,48411,490137,2
1366528,2019-12-14,2020-01-04,,48522,420623,2
1366529,2019-12-14,2020-01-04,,48525,901450,2
1366530,2019-12-14,2020-01-04,,48565,495575,2
1366531,2019-12-14,2020-01-04,,48565,697717,2
1366532,2019-12-14,2020-01-04,,48760,951546,2
1366533,2019-12-14,2020-01-04,,48878,212704,2
1366534,2019-12-14,2020-01-04,,48883,839126,2
1366535,2019-12-14,2020-01-04,,48931,812141,2
1366536,2019-12-14,2020-01-04,,49258,740993,2
1366537,2019-12-14,2020-01-04,,49309,398677,2
1366538,2019-12-14,2020-01-04,2019-12-30,49507,145528,1
1366539,2019-12-14,2020-01-04,,49751,837034,2
1366540,2019-12-14,2020-01-04,,49762,217299,2
1366541,2019-12-14,2020-01-04,2019-12-31,49785,788454,1
1366542,2019-12-14,2020-01-04,,49915,665538,2
1366543,2019-12-14,2020-01-04,,49962,863294,2
1366544,2019-12-14,2020-01-04,,49962,911041,2
1366545,2019-12-14,2020-01-04,,50115,92014,2
1366546,2019-12-14,2020-01-04,,50159,393495,2
1366547,2019-12-14,2020-01-04,,50159,500524,2
1366548,2019-12-14,2020-01-04,,50241,510376,2
1366549,2019-12-14,2020-01-04,,50317,358001,2
1366550,2019-12-14,2020-01-04,,50375,577626,2
1366551,2019-12-14,2020-01-04,,50417,758874,2
1366552,2019-12-14,2020-01-04,,50538,266466,2
1366553,2019-12-14,2020-01-04,,50591,649285,2
1366554,2019-12-14,2020-01-04,,50609,484090,2
1366555,2019-12-14,2020-01-04,,50647,157003,2
1366556,2019-12-14,2020-01-04,,50689,70514,2
1366557,2019-12-14,2020-01-04,,50742,170473,2
1366558,2019-12-14,2020-01-04,,50848,371457,2
1366559,2019-12-14,2020-01-04,,50890,896541,2
1366560,2019-12-14,2020-01-04,,50996,8023,2
1366561,2019-12-14,2020-01-04,,51054,224206,2
1366562,2019-12-14,2020-01-04,,51377,798918,2
1366563,2019-12-14,2020-01-04,,51487,813717,2
1366564,2019-12-14,2020-01-04,,51618,179644,2
1366565,2019-12-14,2020-01-04,2019-12-29,51723,595733,1
1366566,2019-12-14,2020-01-04,,51845,64711,2
1366567,2019-12-14,2020-01-04,,51943,475519,2
1366568,2019-12-14,2020-01-04,,51962,103973,2
1366569,2019-12-14,2020-01-04,,52016,541756,2
1366570,2019-12-14,2020-01-04,,52091,679019,2
1366571,2019-12-14,2020-01-04,,52129,923531,2
1366572,2019-12-14,2020-01-04,,52139,915717,2
1366573,2019-12-14,2020-01-04,,52155,739379,2
1366574,2019-12-14,2020-01-04,,52268,212695,2
1366575,2019-12-14,2020-01-04,,52268,817711,2
1366576,2019-12-14,2020-01-04,,52414,687159,2
1366577,2019-12-14,2020-01-04,,52431,450851,2
1366578,2019-12-14,2020-01-04,,52457,464834,2
1366579,2019-12-14,2020-01-04,,52484,920696,2
1366580,2019-12-14,2020-01-04,2019-12-25,52535,936403,1
1366581,2019-12-14,2020-01-04,,52715,667703,2
1366582,2019-12-14,2020-01-04,,52803,210687,2
1366583,2019-12-14,2020-01-04,,52836,512262,2
1366584,2019-12-14,2020-01-04,,52865,847770,2
1366585,2019-12-14,2020-01-04,,53003,405643,2
1366586,2019-12-14,2020-01-04,,53017,661669,2
1366587,2019-12-14,2020-01-04,,53084,258756,2
1366588,2019-12-14,2020-01-04,,53236,232654,2
1366589,2019-12-14,2020-01-04,,53327,167183,2
1366590,2019-12-14,2020-01-04,,53327,849144,2
1366591,2019-12-14,2020-01-04,,53462,49537,2
1366592,2019-12-14,2020-01-04,,53540,891913,2
1366593,2019-12-14,2020-01-04,,53794,630855,2
1366594,2019-12-14,2020-01-04,,53888,135641,2
1366595,2019-12-14,2020-01-04,,54043,696293,2
1366596,2019-12-14,2020-01-04,2019-12-31,54194,653444,1
1366597,2019-12-14,2020-01-04,,54347,701365,2
1366598,2019-12-14,2020-01-04,,54360,675222,2
1366599,2019-12-14,2020-01-04,,54420,506195,2
1366600,2019-12-14,2020-01-04,,54477,166783,2
1366601,2019-12-14,2020-01-04,2019-12-25,54494,131142,1
1366602,2019-12-14,2020-01-04,,54494,852857,2
1366603,2019-12-14,2020-01-04,,54494,903626,2
1366604,2019-12-14,2020-01-04,,54502,936883,2
1366605,2019-12-14,2020-01-04,,54727,603847,2
1366606,2019-12-14,2020-01-04,,54761,540606,2
1366607,2019-12-14,2020-01-04,,54809,485799,2
1366608,2019-12-14,2020-01-04,,55002,916749,2
1366609,2019-12-14,2020-01-04,,55172,303727,2
1366610,2019-12-14,2020-01-04,,55172,671378,2
1366611,2019-12-14,2020-01-04,,55234,377324,2
1366612,2019-12-14,2020-01-04,,55623,873869,2
1366613,2019-12-14,2020-01-04,2019-12-25,55635,54295,1
1366614,2019-12-14,2020-01-04,,55748,309405,2
1366615,2019-12-14,2020-01-04,,55818,615596,2
1366616,2019-12-14,2020-01-04,,56062,175122,2
1366617,2019-12-14,2020-01-04,,56313,37648,2
1366618,2019-12-14,2020-01-04,,56461,299702,2
1366619,2019-12-14,2020-01-04,,56557,578485,2
1366620,2019-12-14,2020-01-04,2019-12-30,56620,101305,1
1366621,2019-12-14,2020-01-04,,56640,181816,2
1366622,2019-12-14,2020-01-04,,56752,315455,2
1366623,2019-12-14,2020-01-04,2019-12-28,56831,760196,1
1366624,2019-12-14,2020-01-04,,56885,651506,2
1366625,2019-12-14,2020-01-04,,56916,393565,2
1366626,2019-12-14,2020-01-04,,57044,941736,2
1366627,2019-12-14,2020-01-04,,57154,171715,2
1366628,2019-12-14,2020-01-04,,57232,859782,2
1366629,2019-12-14,2020-01-04,,57448,250059,2
1366630,2019-12-14,2020-01-04,,57622,352685,2
1366631,2019-12-14,2020-01-04,,57686,451608,2
1366632,2019-12-14,2020-01-04,,57686,800636,2
1366633,2019-12-14,2020-01-04,,57834,860074,2
1366634,2019-12-14,2020-01-04,2019-12-27,57870,88523,1
1366635,2019-12-14,2020-01-04,2019-12-27,57870,365657,1
1366636,2019-12-14,2020-01-04,2019-12-27,57870,384590,1
1366637,2019-12-14,2020-01-04,,57870,460294,2
1366638,2019-12-14,2020-01-04,,58194,571709,2
1366639,2019-12-14,2020-01-04,,58359,280856,2
1366640,2019-12-14,2020-01-04,,58397,847991,2
1366641,2019-12-14,2020-01-04,2019-12-28,58479,287835,1
1366642,2019-12-14,2020-01-04,,58479,630200,2
1366643,2019-12-14,2020-01-04,,58506,525317,2
1366644,2019-12-14,2020-01-04,,58514,338852,2
1366645,2019-12-14,2020-01-04,,58662,791391,2
1366646,2019-12-14,2020-01-04,,58747,279844,2
1366647,2019-12-14,2020-01-04,,58755,433525,2
1366648,2019-12-14,2020-01-04,,58855,482017,2
1366649,2019-12-14,2020-01-04,,59119,180175,2
1366650,2019-12-14,2020-01-04,,59119,286212,2
1366651,2019-12-14,2020-01-04,,59119,446795,2
1366652,2019-12-14,2020-01-04,,59119,704073,2
1366653,2019-12-14,2020-01-04,,59119,776423,2
1366654,2019-12-14,2020-01-04,,59233,299401,2
1366655,2019-12-14,2020-01-04,,59322,888381,2
1366656,2019-12-14,2020-01-04,,59390,44158,2
1366657,2019-12-14,2020-01-04,,59406,244079,2
1366658,2019-12-14,2020-01-04,,59406,314942,2
1366659,2019-12-14,2020-01-04,2019-12-31,59406,503409,1
1366660,2019-12-14,2020-01-04,,59472,598604,2
1366661,2019-12-14,2020-01-04,,59472,670042,2
1366662,2019-12-14,2020-01-04,,59526,856325,2
1366663,2019-12-14,2020-01-04,,59658,18633,2
1366664,2019-12-14,2020-01-04,,59720,834574,2
1366665,2019-12-14,2020-01-04,,59720,858402,2
1366666,2019-12-14,2020-01-04,,59739,17813,2
1366667,2019-12-14,2020-01-04,,59742,336433,2
1366668,2019-12-14,2020-01-04,,59839,375904,2
1366669,2019-12-14,2020-01-04,,59883,128360,2
1366670,2019-12-14,2020-01-04,,59915,574937,2
1366671,2019-12-14,2020-01-04,,59937,317121,2
1366672,2019-12-14,2020-01-04,,60072,107109,2
1366673,2019-12-14,2020-01-04,,60081,525608,2
1366674,2019-12-14,2020-01-04,,60084,214572,2
1366675,2019-12-14,2020-01-04,,60106,416380,2
1366676,2019-12-14,2020-01-04,,60204,75170,2
1366677,2019-12-14,2020-01-04,2019-12-30,60395,88516,1
1366678,2019-12-14,2020-01-04,,60395,604921,2
1366679,2019-12-14,2020-01-04,,60508,348674,2
1366680,2019-12-14,2020-01-04,,60721,366160,2
1366681,2019-12-14,2020-01-04,,61042,134825,2
1366682,2019-12-14,2020-01-04,,61063,451703,2
1366683,2019-12-14,2020-01-04,,61135,417929,2
1366684,2019-12-14,2020-01-04,,61242,42026,2
1366685,2019-12-14,2020-01-04,,61378,627549,2
1366686,2019-12-14,2020-01-04,,61465,320268,2
1366687,2019-12-14,2020-01-04,,61552,316710,2
1366688,2019-12-14,2020-01-04,,61800,760871,2
1366689,2019-12-14,2020-01-04,,61811,527043,2
1366690,2019-12-14,2020-01-04,,61883,935924,2
1366691,2019-12-14,2020-01-04,,61886,32350,2
1366692,2019-12-14,2020-01-04,,61973,865414,2
1366693,2019-12-14,2020-01-04,,61982,355410,2
1366694,2019-12-14,2020-01-04,2019-12-29,62296,45031,1
1366695,2019-12-14,2020-01-04,2019-12-25,62308,465093,1
1366696,2019-12-14,2020-01-04,,62427,736776,2
1366697,2019-12-14,2020-01-04,2019-12-29,62427,876398,1
1366698,2019-12-14,2020-01-04,2019-12-30,62456,412088,1
1366699,2019-12-14,2020-01-04,,62572,437864,2
1366700,2019-12-14,2020-01-04,,62572,586457,2
1366701,2019-12-14,2020-01-04,,62577,730834,2
1366702,2019-12-14,2020-01-04,,62656,97884,2
1366703,2019-12-14,2020-01-04,,62703,785435,2
1366704,2019-12-14,2020-01-04,2019-12-29,62719,341906,1
1366705,2019-12-14,2020-01-04,,62719,503283,2
1366706,2019-12-14,2020-01-04,2019-12-28,62719,629877,1
1366707,2019-12-14,2020-01-04,,63054,466080,2
1366708,2019-12-14,2020-01-04,,63183,374115,2
1366709,2019-12-14,2020-01-04,,63183,905069,2
1366710,2019-12-14,2020-01-04,,63397,103847,2
1366711,2019-12-14,2020-01-04,,63434,750509,2
1366712,2019-12-14,2020-01-04,,63499,688538,2
1366713,2019-12-14,2020-01-04,2019-12-29,63521,217145,1
1366714,2019-12-14,2020-01-04,,63692,45416,2
1366715,2019-12-14,2020-01-04,,63859,667073,2
1366716,2019-12-14,2020-01-04,,64028,882027,2
1366717,2019-12-14,2020-01-04,,64082,909337,2
1366718,2019-12-14,2020-01-04,,64128,832959,2
1366719,2019-12-14,2020-01-04,,64193,54158,2
1366720,2019-12-14,2020-01-04,,64193,54937,2
1366721,2019-12-14,2020-01-04,,64193,291081,2
1366722,2019-12-14,2020-01-04,,64193,867102,2
1366723,2019-12-14,2020-01-04,,64244,579696,2
1366724,2019-12-14,2020-01-04,,64285,185017,2
1366725,2019-12-14,2020-01-04,,64285,446625,2
1366726,2019-12-14,2020-01-04,,64434,706521,2
1366727,2019-12-14,2020-01-04,,64653,271949,2
1366728,2019-12-14,2020-01-04,,64778,351617,2
1366729,2019-12-14,2020-01-04,,64844,40375,2
1366730,2019-12-14,2020-01-04,,64989,759407,2
1366731,2019-12-14,2020-01-04,,65039,210124,2
1366732,2019-12-14,2020-01-04,,65190,573604,2
1366733,2019-12-14,2020-01-04,,65249,476187,2
1366734,2019-12-14,2020-01-04,,65401,925692,2
1366735,2019-12-14,2020-01-04,,65416,83224,2
1366736,2019-12-14,2020-01-04,,65470,601057,2
1366737,2019-12-14,2020-01-04,,65615,282176,2
1366738,2019-12-14,2020-01-04,,65666,46510,2
1366739,2019-12-14,2020-01-04,,65689,287325,2
1366740,2019-12-14,2020-01-04,,65689,789751,2
1366741,2019-12-14,2020-01-04,,65769,87977,2
1366742,2019-12-14,2020-01-04,,65824,823203,2
1366743,2019-12-14,2020-01-04,,65982,497524,2
1366744,2019-12-14,2020-01-04,,66019,568677,2
1366745,2019-12-14,2020-01-04,,66041,234145,2
1366746,2019-12-14,2020-01-04,,66102,560050,2
1366747,2019-12-14,2020-01-04,,66385,499684,2
1366748,2019-12-14,2020-01-04,,66451,750626,2
1366749,2019-12-14,2020-01-04,,66502,756426,2
1366750,2019-12-14,2020-01-04,,66502,894209,2
1366751,2019-12-14,2020-01-04,,66502,929170,2
1366752,2019-12-14,2020-01-04,2019-12-29,66534,201597,1
1366753,2019-12-14,2020-01-04,,66534,331757,2
1366754,2019-12-14,2020-01-04,,66534,784313,2
1366755,2019-12-14,2020-01-04,2019-12-28,66691,130260,1
1366756,2019-12-14,2020-01-04,,66691,421439,2
1366757,2019-12-14,2020-01-04,,66691,433754,2
1366758,2019-12-14,2020-01-04,,66691,453301,2
1366759,2019-12-14,2020-01-04,,66691,493310,2
1366760,2019-12-14,2020-01-04,,66712,235670,2
1366761,2019-12-14,2020-01-04,,66852,706774,2
1366762,2019-12-14,2020-01-04,,66918,550468,2
1366763,2019-12-14,2020-01-04,2019-12-26,67007,883424,1
1366764,2019-12-14,2020-01-04,,67025,239615,2
1366765,2019-12-14,2020-01-04,,67025,381229,2
1366766,2019-12-14,2020-01-04,,67204,339952,2
1366767,2019-12-14,2020-01-04,,67280,430974,2
1366768,2019-12-14,2020-01-04,,67308,274937,2
1366769,2019-12-14,2020-01-04,,67354,892999,2
1366770,2019-12-14,2020-01-04,,67571,100614,2
1366771,2019-12-14,2020-01-04,,67571,355549,2
1366772,2019-12-14,2020-01-04,,67571,813182,2
1366773,2019-12-14,2020-01-04,,67581,386274,2
1366774,2019-12-14,2020-01-04,,67595,642436,2
1366775,2019-12-14,2020-01-04,,67730,34374,2
1366776,2019-12-14,2020-01-04,,67730,600554,2
1366777,2019-12-14,2020-01-04,2019-12-31,67775,871677,1
1366778,2019-12-14,2020-01-04,,67817,909170,2
1366779,2019-12-14,2020-01-04,,68240,440934,2
1366780,2019-12-14,2020-01-04,,68276,526997,2
1366781,2019-12-14,2020-01-04,,68312,66473,2
1366782,2019-12-14,2020-01-04,,68313,405315,2
1366783,2019-12-14,2020-01-04,,68562,611328,2
1366784,2019-12-14,2020-01-04,,68762,665993,2
1366785,2019-12-14,2020-01-04,,68924,9191,2
1366786,2019-12-14,2020-01-04,,68972,24639,2
1366787,2019-12-14,2020-01-04,,69184,546738,2
1366788,2019-12-14,2020-01-04,,69367,866060,2
1366789,2019-12-14,2020-01-04,,69447,662198,2
1366790,2019-12-14,2020-01-04,,69503,923152,2
1366791,2019-12-14,2020-01-04,,69508,451064,2
1366792,2019-12-14,2020-01-04,,69530,951435,2
1366793,2019-12-14,2020-01-04,2019-12-29,69641,523288,1
1366794,2019-12-14,2020-01-04,,70064,612048,2
1366795,2019-12-14,2020-01-04,,70106,362749,2
1366796,2019-12-14,2020-01-04,2019-12-25,70131,19754,1
1366797,2019-12-14,2020-01-04,,70170,192420,2
1366798,2019-12-14,2020-01-04,,70232,492538,2
1366799,2019-12-14,2020-01-04,,70274,827104,2
1366800,2019-12-14,2020-01-04,,70396,156477,2
1366801,2019-12-14,2020-01-04,,70441,772125,2
1366802,2019-12-14,2020-01-04,,70466,917110,2
1366803,2019-12-14,2020-01-04,,70476,718101,2
1366804,2019-12-14,2020-01-04,,70873,832519,2
1366805,2019-12-14,2020-01-04,,70976,355672,2
1366806,2019-12-14,2020-01-04,,71008,553965,2
1366807,2019-12-14,2020-01-04,,71130,685637,2
1366808,2019-12-14,2020-01-04,,71130,925668,2
1366809,2019-12-14,2020-01-04,,71134,809067,2
1366810,2019-12-14,2020-01-04,,71265,275437,2
1366811,2019-12-14,2020-01-04,,71327,481417,2
1366812,2019-12-14,2020-01-04,,71422,336188,2
1366813,2019-12-14,2020-01-04,2019-12-30,71487,476614,1
1366814,2019-12-14,2020-01-04,,71553,290015,2
1366815,2019-12-14,2020-01-04,,71694,747657,2
1366816,2019-12-14,2020-01-04,,71712,504162,2
1366817,2019-12-14,2020-01-04,,71825,131435,2
1366818,2019-12-14,2020-01-04,,71918,66749,2
1366819,2019-12-14,2020-01-04,,71927,431619,2
1366820,2019-12-14,2020-01-04,,71987,571967,2
1366821,2019-12-14,2020-01-04,,72067,753828,2
1366822,2019-12-14,2020-01-04,2019-12-26,72145,570169,1
1366823,2019-12-14,2020-01-04,,72168,191398,2
1366824,2019-12-14,2020-01-04,2019-12-29,72247,401070,1
1366825,2019-12-14,2020-01-04,,72264,902312,2
1366826,2019-12-14,2020-01-04,,72264,918007,2
1366827,2019-12-14,2020-01-04,,72272,812815,2
1366828,2019-12-14,2020-01-04,,72315,7512,2
1366829,2019-12-14,2020-01-04,,72315,432588,2
1366830,2019-12-14,2020-01-04,,72326,282140,2
1366831,2019-12-14,2020-01-04,,72326,311883,2
1366832,2019-12-14,2020-01-04,,72390,260092,2
1366833,2019-12-14,2020-01-04,,72412,930710,2
1366834,2019-12-14,2020-01-04,,72476,721354,2
1366835,2019-12-14,2020-01-04,,72482,402855,2
1366836,2019-12-14,2020-01-04,,72575,327107,2
1366837,2019-12-14,2020-01-04,,72586,103534,2
1366838,2019-12-14,2020-01-04,,72704,645852,2
1366839,2019-12-14,2020-01-04,,72709,94492,2
1366840,2019-12-14,2020-01-04,,72713,213424,2
1366841,2019-12-14,2020-01-04,,73013,129774,2
1366842,2019-12-14,2020-01-04,,73013,833198,2
1366843,2019-12-14,2020-01-04,,73113,417459,2
1366844,2019-12-14,2020-01-04,,73324,736574,2
1366845,2019-12-14,2020-01-04,2019-12-31,73561,364752,1
1366846,2019-12-14,2020-01-04,,73740,288472,2
1366847,2019-12-14,2020-01-04,,73761,520695,2
1366848,2019-12-14,2020-01-04,,73846,795043,2
1366849,2019-12-14,2020-01-04,2019-12-24,73959,486939,1
1366850,2019-12-14,2020-01-04,,73959,707414,2
1366851,2019-12-14,2020-01-04,,73969,219279,2
1366852,2019-12-14,2020-01-04,,73997,474981,2
1366853,2019-12-14,2020-01-04,,74159,641535,2
1366854,2019-12-14,2020-01-04,,74280,326629,2
1366855,2019-12-14,2020-01-04,,74280,510670,2
1366856,2019-12-14,2020-01-04,,74280,803212,2
1366857,2019-12-14,2020-01-04,,74280,823395,2
1366858,2019-12-14,2020-01-04,,74280,927322,2
1366859,2019-12-14,2020-01-04,,74346,790227,2
1366860,2019-12-14,2020-01-04,,74385,183731,2
1366861,2019-12-14,2020-01-04,,74440,440543,2
1366862,2019-12-14,2020-01-04,,74695,799005,2
1366863,2019-12-14,2020-01-04,,74717,735375,2
1366864,2019-12-14,2020-01-04,,74773,238452,2
1366865,2019-12-14,2020-01-04,,74801,57936,2
1366866,2019-12-14,2020-01-04,,74812,201398,2
1366867,2019-12-14,2020-01-04,,74894,114566,2
1366868,2019-12-14,2020-01-04,,74931,529518,2
1366869,2019-12-14,2020-01-04,,75017,274943,2
1366870,2019-12-14,2020-01-04,2019-12-28,75080,116475,1
1366871,2019-12-14,2020-01-04,,75108,900255,2
1366872,2019-12-14,2020-01-04,,75120,445834,2
1366873,2019-12-14,2020-01-04,,75280,543469,2
1366874,2019-12-14,2020-01-04,2019-12-26,75313,358942,1
1366875,2019-12-14,2020-01-04,,75313,700537,2
1366876,2019-12-14,2020-01-04,,75373,14022,2
1366877,2019-12-14,2020-01-04,,75584,50576,2
1366878,2019-12-14,2020-01-04,,75756,224677,2
1366879,2019-12-14,2020-01-04,,75958,557590,2
1366880,2019-12-14,2020-01-04,,76007,874154,2
1366881,2019-12-14,2020-01-04,,76051,760022,2
1366882,2019-12-14,2020-01-04,,76114,250729,2
1366883,2019-12-14,2020-01-04,,76429,317117,2
1366884,2019-12-14,2020-01-04,,76727,331013,2
1366885,2019-12-14,2020-01-04,,76776,297731,2
1366886,2019-12-14,2020-01-04,2019-12-28,76776,399783,1
1366887,2019-12-14,2020-01-04,,76776,671942,2
1366888,2019-12-14,2020-01-04,,76814,709273,2
1366889,2019-12-14,2020-01-04,,76835,508576,2
1366890,2019-12-14,2020-01-04,,76902,391764,2
1366891,2019-12-14,2020-01-04,,76987,60170,2
1366892,2019-12-14,2020-01-04,,77234,17135,2
1366893,2019-12-14,2020-01-04,2019-12-31,77397,243146,1
1366894,2019-12-14,2020-01-04,,77397,271865,2
1366895,2019-12-14,2020-01-04,2019-12-31,77523,202794,1
1366896,2019-12-14,2020-01-04,,77523,361563,2
1366897,2019-12-14,2020-01-04,2019-12-27,77629,128209,1
1366898,2019-12-14,2020-01-04,,77726,426994,2
1366899,2019-12-14,2020-01-04,,77748,392192,2
1366900,2019-12-14,2020-01-04,,77803,619084,2
1366901,2019-12-14,2020-01-04,2019-12-31,77907,842804,1
1366902,2019-12-14,2020-01-04,,78005,945987,2
1366903,2019-12-14,2020-01-04,,78051,838800,2
1366904,2019-12-14,2020-01-04,,78437,922612,2
1366905,2019-12-14,2020-01-04,,78508,695369,2
1366906,2019-12-14,2020-01-04,,78620,737584,2
1366907,2019-12-14,2020-01-04,,78626,309245,2
1366908,2019-12-14,2020-01-04,,78724,93647,2
1366909,2019-12-14,2020-01-04,2019-12-31,78743,115056,1
1366910,2019-12-14,2020-01-04,,78770,216102,2
1366911,2019-12-14,2020-01-04,,78816,883465,2
1366912,2019-12-14,2020-01-04,,78819,810721,2
1366913,2019-12-14,2020-01-04,,78974,145573,2
1366914,2019-12-14,2020-01-04,,78986,76589,2
1366915,2019-12-14,2020-01-04,2019-12-29,78986,154581,1
1366916,2019-12-14,2020-01-04,,78986,355725,2
1366917,2019-12-14,2020-01-04,,78986,560100,2
1366918,2019-12-14,2020-01-04,,78986,827236,2
1366919,2019-12-14,2020-01-04,,79123,819874,2
1366920,2019-12-14,2020-01-04,,79126,584943,2
1366921,2019-12-14,2020-01-04,,79147,56050,2
1366922,2019-12-14,2020-01-04,,79147,445786,2
1366923,2019-12-14,2020-01-04,,79209,273805,2
1366924,2019-12-14,2020-01-04,,79346,229029,2
1366925,2019-12-14,2020-01-04,,79411,587437,2
1366926,2019-12-14,2020-01-04,,79450,533428,2
1366927,2019-12-14,2020-01-04,,79475,269976,2
1366928,2019-12-14,2020-01-04,,79533,222972,2
1366929,2019-12-14,2020-01-04,,79579,390040,2
1366930,2019-12-14,2020-01-04,,79732,561222,2
1366931,2019-12-14,2020-01-04,,79901,577151,2
1366932,2019-12-14,2020-01-04,,79908,878152,2
1366933,2019-12-14,2020-01-04,,80002,520702,2
1366934,2019-12-14,2020-01-04,2019-12-25,80070,38111,1
1366935,2019-12-14,2020-01-04,,80112,879359,2
1366936,2019-12-14,2020-01-04,,80430,200248,2
1366937,2019-12-14,2020-01-04,2019-12-31,80768,546749,1
1366938,2019-12-14,2020-01-04,,80778,508796,2
1366939,2019-12-14,2020-01-04,,81034,847981,2
1366940,2019-12-14,2020-01-04,2019-12-27,81151,97706,1
1366941,2019-12-14,2020-01-04,2019-12-28,81151,612352,1
1366942,2019-12-14,2020-01-04,,81365,444829,2
1366943,2019-12-14,2020-01-04,,81430,149111,2
1366944,2019-12-14,2020-01-04,,81430,398163,2
1366945,2019-12-14,2020-01-04,,81430,600398,2
1366946,2019-12-14,2020-01-04,,81430,670948,2
1366947,2019-12-14,2020-01-04,,81430,950309,2
1366948,2019-12-14,2020-01-04,,81491,795654,2
1366949,2019-12-14,2020-01-04,,81507,37171,2
1366950,2019-12-14,2020-01-04,2019-12-31,81559,331045,1
1366951,2019-12-14,2020-01-04,2019-12-31,81642,477363,1
1366952,2019-12-14,2020-01-04,,81653,907053,2
1366953,2019-12-14,2020-01-04,,81672,221682,2
1366954,2019-12-14,2020-01-04,,81770,1746,2
1366955,2019-12-14,2020-01-04,,81784,482817,2
1366956,2019-12-14,2020-01-04,,81875,183128,2
1366957,2019-12-14,2020-01-04,,82113,15892,2
1366958,2019-12-14,2020-01-04,,82322,519154,2
1366959,2019-12-14,2020-01-04,,82330,678181,2
1366960,2019-12-14,2020-01-04,,82345,725533,2
1366961,2019-12-14,2020-01-04,,82372,440291,2
1366962,2019-12-14,2020-01-04,,82399,65601,2
1366963,2019-12-14,2020-01-04,,82464,663114,2
1366964,2019-12-14,2020-01-04,,82538,371302,2
1366965,2019-12-14,2020-01-04,,82673,103090,2
1366966,2019-12-14,2020-01-04,,82749,586410,2
1366967,2019-12-14,2020-01-04,,82852,78332,2
1366968,2019-12-14,2020-01-04,,82855,757045,2
1366969,2019-12-14,2020-01-04,2019-12-26,82890,278149,1
1366970,2019-12-14,2020-01-04,2019-12-29,82965,803113,1
1366971,2019-12-14,2020-01-04,,82999,386173,2
1366972,2019-12-14,2020-01-04,2019-12-30,82999,773020,1
1366973,2019-12-14,2020-01-04,,83041,6952,2
1366974,2019-12-14,2020-01-04,,83083,476018,2
1366975,2019-12-14,2020-01-04,,83083,499553,2
1366976,2019-12-14,2020-01-04,,83083,568036,2
1366977,2019-12-14,2020-01-04,,83090,98856,2
1366978,2019-12-14,2020-01-04,,83098,801421,2
1366979,2019-12-14,2020-01-04,,83135,198649,2
1366980,2019-12-14,2020-01-04,,83135,634378,2
1366981,2019-12-14,2020-01-04,,83142,556406,2
1366982,2019-12-14,2020-01-04,,83145,679534,2
1366983,2019-12-14,2020-01-04,,83173,342182,2
1366984,2019-12-14,2020-01-04,,83248,223038,2
1366985,2019-12-14,2020-01-04,2019-12-30,83248,247917,1
1366986,2019-12-14,2020-01-04,,83252,57702,2
1366987,2019-12-14,2020-01-04,,83252,148081,2
1366988,2019-12-14,2020-01-04,,83252,211674,2
1366989,2019-12-14,2020-01-04,,83252,254008,2
1366990,2019-12-14,2020-01-04,,83252,290673,2
1366991,2019-12-14,2020-01-04,,83252,782109,2
1366992,2019-12-14,2020-01-04,,83286,311884,2
1366993,2019-12-14,2020-01-04,,83286,443636,2
1366994,2019-12-14,2020-01-04,,83324,517136,2
1366995,2019-12-14,2020-01-04,,83324,708367,2
1366996,2019-12-14,2020-01-04,2019-12-31,83403,912278,1
1366997,2019-12-14,2020-01-04,,83618,224174,2
1366998,2019-12-14,2020-01-04,,83838,688393,2
1366999,2019-12-14,2020-01-04,,84010,315990,2
1367000,2019-12-14,2020-01-04,,84032,483591,2
1367001,2019-12-14,2020-01-04,,84129,827189,2
1367002,2019-12-14,2020-01-04,,84189,848091,2
1367003,2019-12-14,2020-01-04,,84312,214584,2
1367004,2019-12-14,2020-01-04,,84381,778366,2
1367005,2019-12-14,2020-01-04,,84397,430555,2
1367006,2019-12-14,2020-01-04,,84402,309507,2
1367007,2019-12-14,2020-01-04,,84551,404452,2
1367008,2019-12-14,2020-01-04,,84914,451791,2
1367009,2019-12-14,2020-01-04,2019-12-31,84914,933473,1
1367010,2019-12-14,2020-01-04,,85070,710673,2
1367011,2019-12-14,2020-01-04,,85571,235906,2
1367012,2019-12-14,2020-01-04,,85660,898267,2
1367013,2019-12-14,2020-01-04,,85751,54048,2
1367014,2019-12-14,2020-01-04,,85776,684714,2
1367015,2019-12-14,2020-01-04,,85828,90500,2
1367016,2019-12-14,2020-01-04,,85828,802652,2
1367017,2019-12-14,2020-01-04,2019-12-29,85885,512614,1
1367018,2019-12-14,2020-01-04,,85905,201897,2
1367019,2019-12-14,2020-01-04,2019-12-29,85958,191940,1
1367020,2019-12-14,2020-01-04,,85971,623821,2
1367021,2019-12-14,2020-01-04,,86210,870758,2
1367022,2019-12-14,2020-01-04,2019-12-26,86258,744789,1
1367023,2019-12-14,2020-01-04,2019-12-28,86301,253499,1
1367024,2019-12-14,2020-01-04,,86301,707233,2
1367025,2019-12-14,2020-01-04,,86427,822644,2
1367026,2019-12-14,2020-01-04,,86510,10907,2
1367027,2019-12-14,2020-01-04,,86510,485714,2
1367028,2019-12-14,2020-01-04,,86541,80708,2
1367029,2019-12-14,2020-01-04,,86671,181178,2
1367030,2019-12-14,2020-01-04,2019-12-29,86813,93648,1
1367031,2019-12-14,2020-01-04,,86813,397134,2
1367032,2019-12-14,2020-01-04,,86935,262594,2
1367033,2019-12-14,2020-01-04,,87032,93318,2
1367034,2019-12-14,2020-01-04,,87032,793123,2
1367035,2019-12-14,2020-01-04,,87278,16986,2
1367036,2019-12-14,2020-01-04,,87654,65792,2
1367037,2019-12-14,2020-01-04,,87654,527469,2
1367038,2019-12-14,2020-01-04,,87990,428153,2
1367039,2019-12-14,2020-01-04,,87990,488756,2
1367040,2019-12-14,2020-01-04,,88041,802510,2
1367041,2019-12-14,2020-01-04,,88069,203880,2
1367042,2019-12-14,2020-01-04,,88197,664297,2
1367043,2019-12-14,2020-01-04,,88228,259754,2
1367044,2019-12-14,2020-01-04,,88243,951120,2
1367045,2019-12-14,2020-01-04,,88410,382717,2
1367046,2019-12-14,2020-01-04,,88508,129047,2
1367047,2019-12-14,2020-01-04,,88677,286580,2
1367048,2019-12-14,2020-01-04,,88693,9196,2
1367049,2019-12-14,2020-01-04,,88736,193261,2
1367050,2019-12-14,2020-01-04,,88831,911738,2
1367051,2019-12-14,2020-01-04,,88946,439696,2
1367052,2019-12-14,2020-01-04,,88993,682110,2
1367053,2019-12-14,2020-01-04,,89015,27729,2
1367054,2019-12-14,2020-01-04,,89015,76128,2
1367055,2019-12-14,2020-01-04,,89015,266996,2
1367056,2019-12-14,2020-01-04,,89015,816740,2
1367057,2019-12-14,2020-01-04,2019-12-26,89015,934778,1
1367058,2019-12-14,2020-01-04,,89093,635925,2
1367059,2019-12-14,2020-01-04,,89125,207395,2
1367060,2019-12-14,2020-01-04,,89171,651983,2
1367061,2019-12-14,2020-01-04,,89471,227318,2
1367062,2019-12-14,2020-01-04,,89600,881833,2
1367063,2019-12-14,2020-01-04,,89739,107353,2
1367064,2019-12-14,2020-01-04,,89836,399721,2
1367065,2019-12-14,2020-01-04,,90231,473990,2
1367066,2019-12-14,2020-01-04,,90381,684532,2
1367067,2019-12-14,2020-01-04,,90402,634515,2
1367068,2019-12-14,2020-01-04,,90483,387110,2
1367069,2019-12-14,2020-01-04,,90709,731806,2
1367070,2019-12-14,2020-01-04,,90720,874764,2
1367071,2019-12-14,2020-01-04,2019-12-30,90745,33744,1
1367072,2019-12-14,2020-01-04,,91006,517110,2
1367073,2019-12-14,2020-01-04,,91129,734483,2
1367074,2019-12-14,2020-01-04,,91188,891598,2
1367075,2019-12-14,2020-01-04,,91379,362017,2
1367076,2019-12-14,2020-01-04,,91426,515717,2
1367077,2019-12-14,2020-01-04,,91489,212099,2
1367078,2019-12-14,2020-01-04,2019-12-31,91561,560613,1
1367079,2019-12-14,2020-01-04,,91583,101888,2
1367080,2019-12-14,2020-01-04,,91797,497093,2
1367081,2019-12-14,2020-01-04,2019-12-27,91797,671226,1
1367082,2019-12-14,2020-01-04,,91797,799122,2
1367083,2019-12-14,2020-01-04,,92036,936264,2
1367084,2019-12-14,2020-01-04,,92060,297715,2
1367085,2019-12-14,2020-01-04,,92093,453093,2
1367086,2019-12-14,2020-01-04,,92194,523342,2
1367087,2019-12-14,2020-01-04,,92242,472601,2
1367088,2019-12-14,2020-01-04,,92301,745921,2
1367089,2019-12-14,2020-01-04,,92384,382619,2
1367090,2019-12-14,2020-01-04,,92425,140108,2
1367091,2019-12-14,2020-01-04,,92578,271200,2
1367092,2019-12-14,2020-01-04,,92654,595163,2
1367093,2019-12-14,2020-01-04,,92869,509728,2
1367094,2019-12-14,2020-01-04,,92869,512074,2
1367095,2019-12-14,2020-01-04,,93164,215172,2
1367096,2019-12-14,2020-01-04,,93164,764027,2
1367097,2019-12-14,2020-01-04,,93196,139803,2
1367098,2019-12-14,2020-01-04,,93283,3567,2
1367099,2019-12-14,2020-01-04,,93308,146834,2
1367100,2019-12-14,2020-01-04,,93571,369441,2
1367101,2019-12-14,2020-01-04,,94020,9997,2
1367102,2019-12-14,2020-01-04,,94020,189290,2
1367103,2019-12-14,2020-01-04,2019-12-29,94041,768312,1
1367104,2019-12-14,2020-01-04,,94352,177964,2
1367105,2019-12-14,2020-01-04,,94518,533920,2
1367106,2019-12-14,2020-01-04,,94679,258695,2
1367107,2019-12-14,2020-01-04,,94872,910817,2
1367108,2019-12-14,2020-01-04,,94915,794165,2
1367109,2019-12-14,2020-01-04,,95170,301417,2
1367110,2019-12-14,2020-01-04,,95185,704356,2
1367111,2019-12-14,2020-01-04,,95241,794169,2
1367112,2019-12-14,2020-01-04,,95277,654470,2
1367113,2019-12-14,2020-01-04,,95296,772352,2
1367114,2019-12-14,2020-01-04,,95418,447399,2
1367115,2019-12-14,2020-01-04,,95422,691126,2
1367116,2019-12-14,2020-01-04,,95490,451327,2
1367117,2019-12-14,2020-01-04,,95858,178065,2
1367118,2019-12-14,2020-01-04,,95858,188827,2
1367119,2019-12-14,2020-01-04,2019-12-31,95858,246234,1
1367120,2019-12-14,2020-01-04,,95858,331769,2
1367121,2019-12-14,2020-01-04,2019-12-30,95858,451073,1
1367122,2019-12-14,2020-01-04,,95858,493154,2
1367123,2019-12-14,2020-01-04,,95858,587611,2
1367124,2019-12-14,2020-01-04,,95858,843757,2
1367125,2019-12-14,2020-01-04,,95956,909874,2
1367126,2019-12-14,2020-01-04,,95963,948063,2
1367127,2019-12-14,2020-01-04,,96034,538569,2
1367128,2019-12-14,2020-01-04,,96202,148000,2
1367129,2019-12-14,2020-01-04,,96222,115743,2
1367130,2019-12-14,2020-01-04,,96291,108450,2
1367131,2019-12-14,2020-01-04,,96291,293563,2
1367132,2019-12-14,2020-01-04,,96291,764845,2
1367133,2019-12-14,2020-01-04,,96291,862922,2
1367134,2019-12-14,2020-01-04,,96291,868294,2
1367135,2019-12-14,2020-01-04,,96382,332270,2
1367136,2019-12-14,2020-01-04,,96438,179472,2
1367137,2019-12-14,2020-01-04,2019-12-29,96676,554049,1
1367138,2019-12-14,2020-01-04,,96676,791655,2
1367139,2019-12-14,2020-01-04,,96819,27987,2
1367140,2019-12-14,2020-01-04,,96866,802290,2
1367141,2019-12-14,2020-01-04,,96901,263041,2
1367142,2019-12-14,2020-01-04,,96970,167597,2
1367143,2019-12-14,2020-01-04,,96970,894344,2
1367144,2019-12-14,2020-01-04,,97105,377755,2
1367145,2019-12-14,2020-01-04,2019-12-31,97131,255850,1
1367146,2019-12-14,2020-01-04,,97238,947552,2
1367147,2019-12-14,2020-01-04,,97287,743905,2
1367148,2019-12-14,2020-01-04,,97407,615817,2
1367149,2019-12-14,2020-01-04,,97584,661874,2
1367150,2019-12-14,2020-01-04,,97625,895714,2
1367151,2019-12-14,2020-01-04,,97765,94087,2
1367152,2019-12-14,2020-01-04,,97778,881518,2
1367153,2019-12-14,2020-01-04,,97791,627724,2
1367154,2019-12-14,2020-01-04,,98236,632079,2
1367155,2019-12-14,2020-01-04,,98351,57598,2
1367156,2019-12-14,2020-01-04,,98351,61518,2
1367157,2019-12-14,2020-01-04,,98351,63455,2
1367158,2019-12-14,2020-01-04,2019-12-30,98351,157786,1
1367159,2019-12-14,2020-01-04,,98351,172284,2
1367160,2019-12-14,2020-01-04,,98351,183696,2
1367161,2019-12-14,2020-01-04,2019-12-30,98351,197038,1
1367162,2019-12-14,2020-01-04,,98351,197316,2
1367163,2019-12-14,2020-01-04,,98351,207996,2
1367164,2019-12-14,2020-01-04,,98351,270530,2
1367165,2019-12-14,2020-01-04,2019-12-27,98351,278832,1
1367166,2019-12-14,2020-01-04,,98351,315932,2
1367167,2019-12-14,2020-01-04,,98351,389195,2
1367168,2019-12-14,2020-01-04,,98351,416174,2
1367169,2019-12-14,2020-01-04,2019-12-29,98351,420819,1
1367170,2019-12-14,2020-01-04,,98351,488880,2
1367171,2019-12-14,2020-01-04,,98351,518047,2
1367172,2019-12-14,2020-01-04,2019-12-28,98351,551241,1
1367173,2019-12-14,2020-01-04,,98351,653366,2
1367174,2019-12-14,2020-01-04,2019-12-27,98351,675682,1
1367175,2019-12-14,2020-01-04,,98351,687065,2
1367176,2019-12-14,2020-01-04,,98351,740596,2
1367177,2019-12-14,2020-01-04,,98351,801256,2
1367178,2019-12-14,2020-01-04,,98351,822141,2
1367179,2019-12-14,2020-01-04,,98351,896785,2
1367180,2019-12-14,2020-01-04,,98351,920934,2
1367181,2019-12-14,2020-01-04,2019-12-27,98351,930372,1
1367182,2019-12-14,2020-01-04,,98351,930445,2
1367183,2019-12-14,2020-01-04,2019-12-30,98430,618434,1
1367184,2019-12-14,2020-01-04,,98619,111128,2
1367185,2019-12-14,2020-01-04,,98743,653718,2
1367186,2019-12-14,2020-01-04,,98798,131971,2
1367187,2019-12-14,2020-01-04,,99171,841615,2
1367188,2019-12-14,2020-01-04,,99234,799245,2
1367189,2019-12-14,2020-01-04,,99355,16083,2
1367190,2019-12-14,2020-01-04,,99355,503277,2
1367191,2019-12-14,2020-01-04,,99355,834547,2
1367192,2019-12-14,2020-01-04,,99367,864018,2
1367193,2019-12-14,2020-01-04,,99390,661911,2
1367194,2019-12-14,2020-01-04,2019-12-28,99425,278097,1
1367195,2019-12-14,2020-01-04,,99562,45884,2
1367196,2019-12-14,2020-01-04,,99646,159496,2
1367197,2019-12-14,2020-01-04,,99651,366117,2
1367198,2019-12-14,2020-01-04,,99843,351593,2
1367199,2019-12-14,2020-01-04,,100063,676256,2
1367200,2019-12-14,2020-01-04,,100108,467782,2
1367201,2019-12-14,2020-01-04,,100213,183120,2
1367202,2019-12-14,2020-01-04,,100297,465292,2
1367203,2019-12-14,2020-01-04,,100407,226378,2
1367204,2019-12-14,2020-01-04,,100485,174753,2
1367205,2019-12-14,2020-01-04,,100587,721200,2
1367206,2019-12-14,2020-01-04,,100616,825272,2
1367207,2019-12-14,2020-01-04,,100664,238691,2
1367208,2019-12-14,2020-01-04,,100779,490639,2
1367209,2019-12-14,2020-01-04,,101142,77943,2
1367210,2019-12-14,2020-01-04,,101217,849565,2
1367211,2019-12-14,2020-01-04,,101380,246348,2
1367212,2019-12-14,2020-01-04,2019-12-27,101424,528560,1
1367213,2019-12-14,2020-01-04,,101685,240833,2
1367214,2019-12-14,2020-01-04,,101793,123390,2
1367215,2019-12-14,2020-01-04,,101829,447583,2
1367216,2019-12-14,2020-01-04,,101897,732719,2
1367217,2019-12-14,2020-01-04,,101919,141312,2
1367218,2019-12-14,2020-01-04,,101966,107084,2
1367219,2019-12-14,2020-01-04,2019-12-27,101966,896940,1
1367220,2019-12-14,2020-01-04,,102023,480811,2
1367221,2019-12-14,2020-01-04,,102037,371021,2
1367222,2019-12-14,2020-01-04,,102314,408562,2
1367223,2019-12-14,2020-01-04,,102416,64964,2
1367224,2019-12-14,2020-01-04,,102446,167111,2
1367225,2019-12-14,2020-01-04,,102563,53844,2
1367226,2019-12-14,2020-01-04,,102642,602416,2
1367227,2019-12-14,2020-01-04,,102716,88043,2
1367228,2019-12-14,2020-01-04,,102782,416381,2
1367229,2019-12-14,2020-01-04,,102782,841728,2
1367230,2019-12-14,2020-01-04,,102791,201070,2
1367231,2019-12-14,2020-01-04,,102833,176107,2
1367232,2019-12-14,2020-01-04,,102870,486203,2
1367233,2019-12-14,2020-01-04,,102903,830892,2
1367234,2019-12-14,2020-01-04,,103136,585042,2
1367235,2019-12-14,2020-01-04,,103178,858913,2
1367236,2019-12-14,2020-01-04,,103387,706744,2
1367237,2019-12-14,2020-01-04,,103387,936381,2
1367238,2019-12-14,2020-01-04,,103438,742056,2
1367239,2019-12-14,2020-01-04,,103857,268417,2
1367240,2019-12-14,2020-01-04,,104109,647756,2
1367241,2019-12-14,2020-01-04,,104394,63888,2
1367242,2019-12-14,2020-01-04,,104424,269684,2
1367243,2019-12-14,2020-01-04,,104498,226925,2
1367244,2019-12-14,2020-01-04,,104528,485868,2
1367245,2019-12-14,2020-01-04,,104629,708189,2
1367246,2019-12-14,2020-01-04,,104864,861590,2
1367247,2019-12-14,2020-01-04,,104927,405316,2
1367248,2019-12-14,2020-01-04,,104984,610369,2
1367249,2019-12-14,2020-01-04,,105119,38214,2
1367250,2019-12-14,2020-01-04,,105221,379853,2
1367251,2019-12-14,2020-01-04,,105278,424700,2
1367252,2019-12-14,2020-01-04,,105306,391496,2
1367253,2019-12-14,2020-01-04,,105396,338670,2
1367254,2019-12-14,2020-01-04,,105434,756784,2
1367255,2019-12-14,2020-01-04,,105844,831648,2
1367256,2019-12-14,2020-01-04,2019-12-27,105860,156107,1
1367257,2019-12-14,2020-01-04,,105912,704915,2
1367258,2019-12-14,2020-01-04,,105928,449990,2
1367259,2019-12-14,2020-01-04,2019-12-27,106242,8274,1
1367260,2019-12-14,2020-01-04,,106242,26180,2
1367261,2019-12-14,2020-01-04,,106260,554050,2
1367262,2019-12-14,2020-01-04,,106356,419716,2
1367263,2019-12-14,2020-01-04,,106356,588120,2
1367264,2019-12-14,2020-01-04,,106356,825406,2
1367265,2019-12-14,2020-01-04,,106364,415976,2
1367266,2019-12-14,2020-01-04,,106522,86888,2
1367267,2019-12-14,2020-01-04,,106819,696312,2
1367268,2019-12-14,2020-01-04,,106924,602443,2
1367269,2019-12-14,2020-01-04,,106971,931684,2
1367270,2019-12-14,2020-01-04,,107238,370819,2
1367271,2019-12-14,2020-01-04,,107257,321748,2
1367272,2019-12-14,2020-01-04,,107348,574042,2
1367273,2019-12-14,2020-01-04,,107418,68574,2
1367274,2019-12-14,2020-01-04,,107466,864875,2
1367275,2019-12-14,2020-01-04,,107577,667025,2
1367276,2019-12-14,2020-01-04,,107638,567609,2
1367277,2019-12-14,2020-01-04,,107639,602098,2
1367278,2019-12-14,2020-01-04,,107729,624057,2
1367279,2019-12-14,2020-01-04,,107856,130116,2
1367280,2019-12-14,2020-01-04,,107916,711603,2
1367281,2019-12-14,2020-01-04,,107916,888842,2
1367282,2019-12-14,2020-01-04,,108029,904624,2
1367283,2019-12-14,2020-01-04,2019-12-25,108031,347999,1
1367284,2019-12-14,2020-01-04,2019-12-31,108160,604955,1
1367285,2019-12-14,2020-01-04,,108274,58066,2
1367286,2019-12-14,2020-01-04,,108393,574396,2
1367287,2019-12-14,2020-01-04,2019-12-29,108513,11444,1
1367288,2019-12-14,2020-01-04,,108570,259989,2
1367289,2019-12-14,2020-01-04,,108621,545948,2
1367290,2019-12-14,2020-01-04,,108621,800747,2
1367291,2019-12-14,2020-01-04,,108794,210627,2
1367292,2019-12-14,2020-01-04,,108924,630141,2
1367293,2019-12-14,2020-01-04,,108951,693327,2
1367294,2019-12-14,2020-01-04,,109011,253096,2
1367295,2019-12-14,2020-01-04,,109024,633643,2
1367296,2019-12-14,2020-01-04,,109078,474237,2
1367297,2019-12-14,2020-01-04,2019-12-25,109087,649711,1
1367298,2019-12-14,2020-01-04,,109087,809186,2
1367299,2019-12-14,2020-01-04,,109087,899611,2
1367300,2019-12-14,2020-01-04,,109436,315012,2
1367301,2019-12-14,2020-01-04,,109436,461227,2
1367302,2019-12-14,2020-01-04,2019-12-26,109436,742259,1
1367303,2019-12-14,2020-01-04,,109449,601760,2
1367304,2019-12-14,2020-01-04,,109683,128048,2
1367305,2019-12-14,2020-01-04,,109904,856546,2
1367306,2019-12-14,2020-01-04,,109971,191237,2
1367307,2019-12-14,2020-01-04,,109979,113629,2
1367308,2019-12-14,2020-01-04,,110117,604015,2
1367309,2019-12-14,2020-01-04,,110344,652452,2
1367310,2019-12-14,2020-01-04,,110615,160164,2
1367311,2019-12-14,2020-01-04,,110790,671260,2
1367312,2019-12-14,2020-01-04,,110860,35348,2
1367313,2019-12-14,2020-01-04,,110860,88517,2
1367314,2019-12-14,2020-01-04,,110860,601310,2
1367315,2019-12-14,2020-01-04,2019-12-25,110860,904319,1
1367316,2019-12-14,2020-01-04,,110971,731944,2
1367317,2019-12-14,2020-01-04,,110974,741081,2
1367318,2019-12-14,2020-01-04,,111060,50250,2
1367319,2019-12-14,2020-01-04,,111187,717330,2
1367320,2019-12-14,2020-01-04,2019-12-26,111252,844947,1
1367321,2019-12-14,2020-01-04,2019-12-28,111272,493352,1
1367322,2019-12-14,2020-01-04,,111272,559247,2
1367323,2019-12-14,2020-01-04,,111319,19770,2
1367324,2019-12-14,2020-01-04,,111659,663303,2
1367325,2019-12-14,2020-01-04,,111733,399369,2
1367326,2019-12-14,2020-01-04,,111747,245351,2
1367327,2019-12-14,2020-01-04,2019-12-28,111901,832166,1
1367328,2019-12-14,2020-01-04,,112315,559002,2
1367329,2019-12-14,2020-01-04,,112493,419484,2
1367330,2019-12-14,2020-01-04,,112493,424682,2
1367331,2019-12-14,2020-01-04,2019-12-27,112493,691424,1
1367332,2019-12-14,2020-01-04,,112525,924936,2
1367333,2019-12-14,2020-01-04,,112659,212908,2
1367334,2019-12-14,2020-01-04,,112702,109898,2
1367335,2019-12-14,2020-01-04,,112863,429314,2
1367336,2019-12-14,2020-01-04,,112923,346075,2
1367337,2019-12-14,2020-01-04,,112980,777883,2
1367338,2019-12-14,2020-01-04,,113056,149926,2
1367339,2019-12-14,2020-01-04,,113098,844997,2
1367340,2019-12-14,2020-01-04,,113203,699781,2
1367341,2019-12-14,2020-01-04,,113316,87637,2
1367342,2019-12-14,2020-01-04,,113327,678783,2
1367343,2019-12-14,2020-01-04,2019-12-30,113443,944817,1
1367344,2019-12-14,2020-01-04,,113708,720603,2
1367345,2019-12-14,2020-01-04,,113797,935000,2
1367346,2019-12-14,2020-01-04,,114338,277435,2
1367347,2019-12-14,2020-01-04,,114520,443637,2
1367348,2019-12-14,2020-01-04,2019-12-30,114603,136914,1
1367349,2019-12-14,2020-01-04,2019-12-27,114690,881456,1
1367350,2019-12-14,2020-01-04,,114833,947889,2
1367351,2019-12-14,2020-01-04,2019-12-26,114921,211675,1
1367352,2019-12-14,2020-01-04,,115094,891440,2
1367353,2019-12-14,2020-01-04,,115106,735236,2
1367354,2019-12-14,2020-01-04,,115126,687127,2
1367355,2019-12-14,2020-01-04,,115459,412688,2
1367356,2019-12-14,2020-01-04,,115500,524312,2
1367357,2019-12-14,2020-01-04,,115625,840467,2
1367358,2019-12-14,2020-01-04,,115764,17328,2
1367359,2019-12-14,2020-01-04,2019-12-26,115788,150987,1
1367360,2019-12-14,2020-01-04,,115795,798446,2
1367361,2019-12-14,2020-01-04,,115818,794149,2
1367362,2019-12-14,2020-01-04,2019-12-27,115858,227387,1
1367363,2019-12-14,2020-01-04,,116109,926332,2
1367364,2019-12-14,2020-01-04,,116180,231228,2
1367365,2019-12-14,2020-01-04,,116209,934116,2
1367366,2019-12-14,2020-01-04,,116228,14512,2
1367367,2019-12-14,2020-01-04,,116228,326644,2
1367368,2019-12-14,2020-01-04,2019-12-25,116228,661153,1
1367369,2019-12-14,2020-01-04,,116290,665736,2
1367370,2019-12-14,2020-01-04,,116607,334954,2
1367371,2019-12-14,2020-01-04,,116607,923153,2
1367372,2019-12-14,2020-01-04,,116801,460376,2
1367373,2019-12-14,2020-01-04,,116834,24770,2
1367374,2019-12-14,2020-01-04,,116841,862991,2
1367375,2019-12-14,2020-01-04,,116843,10711,2
1367376,2019-12-14,2020-01-04,,116843,705627,2
1367377,2019-12-14,2020-01-04,,117202,652176,2
1367378,2019-12-14,2020-01-04,,117218,747510,2
1367379,2019-12-14,2020-01-04,2019-12-28,117288,452648,1
1367380,2019-12-14,2020-01-04,,117310,786562,2
1367381,2019-12-14,2020-01-04,2019-12-31,117558,49568,1
1367382,2019-12-14,2020-01-04,,117644,903147,2
1367383,2019-12-14,2020-01-04,,117751,427959,2
1367384,2019-12-14,2020-01-04,,117887,750044,2
1367385,2019-12-14,2020-01-04,,117923,156394,2
1367386,2019-12-14,2020-01-04,,117923,171188,2
1367387,2019-12-14,2020-01-04,,117923,172427,2
1367388,2019-12-14,2020-01-04,,117923,341392,2
1367389,2019-12-14,2020-01-04,2019-12-29,117923,390332,1
1367390,2019-12-14,2020-01-04,,117923,536516,2
1367391,2019-12-14,2020-01-04,,117923,666843,2
1367392,2019-12-14,2020-01-04,,117923,685040,2
1367393,2019-12-14,2020-01-04,,117923,700946,2
1367394,2019-12-14,2020-01-04,,117952,17761,2
1367395,2019-12-14,2020-01-04,,117999,722813,2
1367396,2019-12-14,2020-01-04,,118022,35379,2
1367397,2019-12-14,2020-01-04,,118174,195170,2
1367398,2019-12-14,2020-01-04,,118312,70903,2
1367399,2019-12-14,2020-01-04,2019-12-30,118346,605349,1
1367400,2019-12-14,2020-01-04,,118361,131962,2
1367401,2019-12-14,2020-01-04,,118406,14306,2
1367402,2019-12-14,2020-01-04,,118406,255790,2
1367403,2019-12-14,2020-01-04,,118406,757065,2
1367404,2019-12-14,2020-01-04,,118568,269826,2
1367405,2019-12-14,2020-01-04,,118590,844634,2
1367406,2019-12-14,2020-01-04,,118771,187589,2
1367407,2019-12-14,2020-01-04,,118884,657928,2
1367408,2019-12-14,2020-01-04,,119013,850350,2
1367409,2019-12-14,2020-01-04,2019-12-29,119144,221815,1
1367410,2019-12-14,2020-01-04,,119211,62531,2
1367411,2019-12-14,2020-01-04,,119290,400136,2
1367412,2019-12-14,2020-01-04,2019-12-25,119315,30454,1
1367413,2019-12-14,2020-01-04,,119464,442952,2
1367414,2019-12-14,2020-01-04,,119490,777545,2
1367415,2019-12-14,2020-01-04,,119601,485317,2
1367416,2019-12-14,2020-01-04,,119761,82995,2
1367417,2019-12-14,2020-01-04,,119821,177420,2
1367418,2019-12-14,2020-01-04,,119821,708134,2
1367419,2019-12-14,2020-01-04,,119877,155032,2
1367420,2019-12-14,2020-01-04,,119966,819203,2
1367421,2019-12-14,2020-01-04,,120115,588052,2
1367422,2019-12-14,2020-01-04,,120141,638510,2
1367423,2019-12-14,2020-01-04,,120407,546706,2
1367424,2019-12-14,2020-01-04,,120417,822346,2
1367425,2019-12-14,2020-01-04,,120428,846071,2
1367426,2019-12-14,2020-01-04,,120439,277337,2
1367427,2019-12-14,2020-01-04,,120479,624840,2
1367428,2019-12-14,2020-01-04,,120479,872699,2
1367429,2019-12-14,2020-01-04,,120512,602044,2
1367430,2019-12-14,2020-01-04,2019-12-30,120512,705180,1
1367431,2019-12-14,2020-01-04,,120530,613765,2
1367432,2019-12-14,2020-01-04,,120616,737469,2
1367433,2019-12-14,2020-01-04,,120631,441373,2
1367434,2019-12-14,2020-01-04,,120631,680844,2
1367435,2019-12-14,2020-01-04,,120702,311885,2
1367436,2019-12-14,2020-01-04,,120702,806543,2
1367437,2019-12-14,2020-01-04,,120762,760729,2
1367438,2019-12-14,2020-01-04,,120811,219458,2
1367439,2019-12-14,2020-01-04,,120977,712371,2
1367440,2019-12-14,2020-01-04,,121269,826642,2
1367441,2019-12-14,2020-01-04,,121334,512471,2
1367442,2019-12-14,2020-01-04,2019-12-29,121500,121004,1
1367443,2019-12-14,2020-01-04,,121557,777425,2
1367444,2019-12-14,2020-01-04,,121628,124397,2
1367445,2019-12-14,2020-01-04,2019-12-27,121669,645628,1
1367446,2019-12-14,2020-01-04,,121862,630813,2
1367447,2019-12-14,2020-01-04,,121964,50155,2
1367448,2019-12-14,2020-01-04,2019-12-29,122062,89698,1
1367449,2019-12-14,2020-01-04,,122152,835281,2
1367450,2019-12-14,2020-01-04,,122171,29343,2
1367451,2019-12-14,2020-01-04,,122206,922859,2
1367452,2019-12-14,2020-01-04,,122222,418607,2
1367453,2019-12-14,2020-01-04,,122315,382718,2
1367454,2019-12-14,2020-01-04,,122315,844998,2
1367455,2019-12-14,2020-01-04,,122324,590647,2
1367456,2019-12-14,2020-01-04,,122391,775206,2
1367457,2019-12-14,2020-01-04,2019-12-30,122589,590528,1
1367458,2019-12-14,2020-01-04,,122838,586513,2
1367459,2019-12-14,2020-01-04,,122997,421445,2
1367460,2019-12-14,2020-01-04,,123083,568251,2
1367461,2019-12-14,2020-01-04,,123344,261778,2
1367462,2019-12-14,2020-01-04,,123499,441473,2
1367463,2019-12-14,2020-01-04,,123535,579205,2
1367464,2019-12-14,2020-01-04,,123559,953808,2
1367465,2019-12-14,2020-01-04,,123666,510793,2
1367466,2019-12-14,2020-01-04,,123700,651085,2
1367467,2019-12-14,2020-01-04,,124109,161176,2
1367468,2019-12-14,2020-01-04,,124145,213582,2
1367469,2019-12-14,2020-01-04,,124305,325588,2
1367470,2019-12-14,2020-01-04,,124476,504952,2
1367471,2019-12-14,2020-01-04,,124476,559037,2
1367472,2019-12-14,2020-01-04,,124902,683079,2
1367473,2019-12-14,2020-01-04,,124943,406234,2
1367474,2019-12-14,2020-01-04,,125186,529033,2
1367475,2019-12-14,2020-01-04,,125290,572031,2
1367476,2019-12-14,2020-01-04,,125575,430248,2
1367477,2019-12-14,2020-01-04,,125720,477682,2
1367478,2019-12-14,2020-01-04,,125782,896547,2
1367479,2019-12-14,2020-01-04,2019-12-29,125799,525090,1
1367480,2019-12-14,2020-01-04,,125937,348799,2
1367481,2019-12-14,2020-01-04,,125938,480986,2
1367482,2019-12-14,2020-01-04,,126192,45874,2
1367483,2019-12-14,2020-01-04,,126192,730127,2
1367484,2019-12-14,2020-01-04,,126192,872495,2
1367485,2019-12-14,2020-01-04,,126258,602925,2
1367486,2019-12-14,2020-01-04,,126502,842160,2
1367487,2019-12-14,2020-01-04,,126526,694955,2
1367488,2019-12-14,2020-01-04,,126764,854382,2
1367489,2019-12-14,2020-01-04,2019-12-25,126764,914318,1
1367490,2019-12-14,2020-01-04,,126861,767040,2
1367491,2019-12-14,2020-01-04,,126896,549,2
1367492,2019-12-14,2020-01-04,,127010,880826,2
1367493,2019-12-14,2020-01-04,,127014,929635,2
1367494,2019-12-14,2020-01-04,,127048,900672,2
1367495,2019-12-14,2020-01-04,,127058,453913,2
1367496,2019-12-14,2020-01-04,,127058,864859,2
1367497,2019-12-14,2020-01-04,,127127,215089,2
1367498,2019-12-14,2020-01-04,,127278,554634,2
1367499,2019-12-14,2020-01-04,,127313,915282,2
1367500,2019-12-14,2020-01-04,,127579,386226,2
1367501,2019-12-14,2020-01-04,,127781,401788,2
1367502,2019-12-14,2020-01-04,,127791,192502,2
1367503,2019-12-14,2020-01-04,,127872,547872,2
1367504,2019-12-14,2020-01-04,2019-12-30,128137,490884,1
1367505,2019-12-14,2020-01-04,,128487,704122,2
1367506,2019-12-14,2020-01-04,,128824,867403,2
1367507,2019-12-14,2020-01-04,,128990,341998,2
1367508,2019-12-14,2020-01-04,2019-12-25,129007,128234,1
1367509,2019-12-14,2020-01-04,2019-12-28,129007,613230,1
1367510,2019-12-14,2020-01-04,,129022,423185,2
1367511,2019-12-14,2020-01-04,,129343,382096,2
1367512,2019-12-14,2020-01-04,,129422,664421,2
1367513,2019-12-14,2020-01-04,,129534,123397,2
1367514,2019-12-14,2020-01-04,,129663,158645,2
1367515,2019-12-14,2020-01-04,,129663,188470,2
1367516,2019-12-14,2020-01-04,2019-12-26,129663,252822,1
1367517,2019-12-14,2020-01-04,,129896,58739,2
1367518,2019-12-14,2020-01-04,,129896,839030,2
1367519,2019-12-14,2020-01-04,,130109,927131,2
1367520,2019-12-14,2020-01-04,,130113,631714,2
1367521,2019-12-14,2020-01-04,2019-12-29,130126,577791,1
1367522,2019-12-14,2020-01-04,,130527,208009,2
1367523,2019-12-14,2020-01-04,,130597,43435,2
1367524,2019-12-14,2020-01-04,,130799,426474,2
1367525,2019-12-14,2020-01-04,,130799,777963,2
1367526,2019-12-14,2020-01-04,,131329,453984,2
1367527,2019-12-14,2020-01-04,,131428,243803,2
1367528,2019-12-14,2020-01-04,,131483,713556,2
1367529,2019-12-14,2020-01-04,,131718,917097,2
1367530,2019-12-14,2020-01-04,,131958,450172,2
1367531,2019-12-14,2020-01-04,,132108,653814,2
1367532,2019-12-14,2020-01-04,,132133,413875,2
1367533,2019-12-14,2020-01-04,,132144,639766,2
1367534,2019-12-14,2020-01-04,,132144,900185,2
1367535,2019-12-14,2020-01-04,,132144,937069,2
1367536,2019-12-14,2020-01-04,,132247,572853,2
1367537,2019-12-14,2020-01-04,,132540,246007,2
1367538,2019-12-14,2020-01-04,,132540,566578,2
1367539,2019-12-14,2020-01-04,,132540,719823,2
1367540,2019-12-14,2020-01-04,,132556,647666,2
1367541,2019-12-14,2020-01-04,,132590,628412,2
1367542,2019-12-14,2020-01-04,,132594,2821,2
1367543,2019-12-14,2020-01-04,,132649,805714,2
1367544,2019-12-14,2020-01-04,,132849,156508,2
1367545,2019-12-14,2020-01-04,,132892,494873,2
1367546,2019-12-14,2020-01-04,,132909,174733,2
1367547,2019-12-14,2020-01-04,2019-12-31,132915,402251,1
1367548,2019-12-14,2020-01-04,,132969,911277,2
1367549,2019-12-14,2020-01-04,,133191,15332,2
1367550,2019-12-14,2020-01-04,,133530,229181,2
1367551,2019-12-14,2020-01-04,2019-12-26,133574,571421,1
1367552,2019-12-14,2020-01-04,,133610,80558,2
1367553,2019-12-14,2020-01-04,,133616,302469,2
1367554,2019-12-14,2020-01-04,,133661,933705,2
1367555,2019-12-14,2020-01-04,,133790,223884,2
1367556,2019-12-14,2020-01-04,,134006,696709,2
1367557,2019-12-14,2020-01-04,,134202,668132,2
1367558,2019-12-14,2020-01-04,,134271,60,2
1367559,2019-12-14,2020-01-04,,134271,255445,2
1367560,2019-12-14,2020-01-04,,134271,291745,2
1367561,2019-12-14,2020-01-04,,134300,670130,2
1367562,2019-12-14,2020-01-04,,134397,817843,2
1367563,2019-12-14,2020-01-04,,134496,305515,2
1367564,2019-12-14,2020-01-04,,134534,604780,2
1367565,2019-12-14,2020-01-04,,134714,358448,2
1367566,2019-12-14,2020-01-04,,134728,143747,2
1367567,2019-12-14,2020-01-04,,134728,337983,2
1367568,2019-12-14,2020-01-04,,134728,730472,2
1367569,2019-12-14,2020-01-04,,134829,480121,2
1367570,2019-12-14,2020-01-04,,134893,811180,2
1367571,2019-12-14,2020-01-04,,135090,671412,2
1367572,2019-12-14,2020-01-04,,135127,405317,2
1367573,2019-12-14,2020-01-04,,135192,161090,2
1367574,2019-12-14,2020-01-04,,135659,340129,2
1367575,2019-12-14,2020-01-04,,135993,83693,2
1367576,2019-12-14,2020-01-04,,136225,479297,2
1367577,2019-12-14,2020-01-04,,136225,918512,2
1367578,2019-12-14,2020-01-04,,136321,519358,2
1367579,2019-12-14,2020-01-04,,136353,693303,2
1367580,2019-12-14,2020-01-04,,136353,878910,2
1367581,2019-12-14,2020-01-04,,136402,750260,2
1367582,2019-12-14,2020-01-04,,136491,408414,2
1367583,2019-12-14,2020-01-04,,136600,57674,2
1367584,2019-12-14,2020-01-04,,136690,469479,2
1367585,2019-12-14,2020-01-04,,136955,924324,2
1367586,2019-12-14,2020-01-04,,136976,856634,2
1367587,2019-12-14,2020-01-04,,137356,79669,2
1367588,2019-12-14,2020-01-04,,137530,220169,2
1367589,2019-12-14,2020-01-04,,137799,830718,2
1367590,2019-12-14,2020-01-04,,137884,756521,2
1367591,2019-12-14,2020-01-04,,138015,34375,2
1367592,2019-12-14,2020-01-04,,138018,145061,2
1367593,2019-12-14,2020-01-04,,138087,822550,2
1367594,2019-12-14,2020-01-04,,138535,718993,2
1367595,2019-12-14,2020-01-04,,138644,536585,2
1367596,2019-12-14,2020-01-04,,138793,753904,2
1367597,2019-12-14,2020-01-04,,138823,95159,2
1367598,2019-12-14,2020-01-04,2019-12-24,138823,836374,1
1367599,2019-12-14,2020-01-04,2019-12-29,138838,614650,1
1367600,2019-12-14,2020-01-04,,138899,147542,2
1367601,2019-12-14,2020-01-04,,138899,916997,2
1367602,2019-12-14,2020-01-04,,139128,541204,2
1367603,2019-12-14,2020-01-04,,139156,562647,2
1367604,2019-12-14,2020-01-04,,139188,560482,2
1367605,2019-12-14,2020-01-04,,139201,573240,2
1367606,2019-12-14,2020-01-04,,139394,171796,2
1367607,2019-12-14,2020-01-04,2019-12-26,139454,545728,1
1367608,2019-12-14,2020-01-04,2019-12-30,139490,612144,1
1367609,2019-12-14,2020-01-04,,139543,708412,2
1367610,2019-12-14,2020-01-04,,139664,89935,2
1367611,2019-12-14,2020-01-04,,139708,492515,2
1367612,2019-12-14,2020-01-04,,139719,619088,2
1367613,2019-12-14,2020-01-04,,139977,588102,2
1367614,2019-12-14,2020-01-04,,140188,141304,2
1367615,2019-12-14,2020-01-04,,140192,255565,2
1367616,2019-12-14,2020-01-04,,140192,668184,2
1367617,2019-12-14,2020-01-04,,140265,165161,2
1367618,2019-12-14,2020-01-04,,140316,111063,2
1367619,2019-12-14,2020-01-04,,140433,261264,2
1367620,2019-12-14,2020-01-04,,140571,951401,2
1367621,2019-12-14,2020-01-04,,140777,835382,2
1367622,2019-12-14,2020-01-04,,140826,590725,2
1367623,2019-12-14,2020-01-04,,140903,742892,2
1367624,2019-12-14,2020-01-04,,141059,333510,2
1367625,2019-12-14,2020-01-04,,141339,72256,2
1367626,2019-12-14,2020-01-04,,141386,128747,2
1367627,2019-12-14,2020-01-04,,141428,217127,2
1367628,2019-12-14,2020-01-04,2019-12-30,141428,720196,1
1367629,2019-12-14,2020-01-04,,141428,945885,2
1367630,2019-12-14,2020-01-04,,141439,42805,2
1367631,2019-12-14,2020-01-04,,141609,321006,2
1367632,2019-12-14,2020-01-04,,141698,682818,2
1367633,2019-12-14,2020-01-04,2019-12-29,141773,475790,1
1367634,2019-12-14,2020-01-04,2019-12-29,141874,262727,1
1367635,2019-12-14,2020-01-04,,141901,527140,2
1367636,2019-12-14,2020-01-04,,141901,608627,2
1367637,2019-12-14,2020-01-04,,141956,849700,2
1367638,2019-12-14,2020-01-04,,141974,954368,2
1367639,2019-12-14,2020-01-04,,142012,872009,2
1367640,2019-12-14,2020-01-04,,142130,143790,2
1367641,2019-12-14,2020-01-04,,142318,751840,2
1367642,2019-12-14,2020-01-04,,142470,828789,2
1367643,2019-12-14,2020-01-04,,142496,515581,2
1367644,2019-12-14,2020-01-04,,142621,300529,2
1367645,2019-12-14,2020-01-04,,142695,688304,2
1367646,2019-12-14,2020-01-04,,142933,455100,2
1367647,2019-12-14,2020-01-04,,143043,192118,2
1367648,2019-12-14,2020-01-04,,143070,177362,2
1367649,2019-12-14,2020-01-04,,143189,169362,2
1367650,2019-12-14,2020-01-04,,143342,196709,2
1367651,2019-12-14,2020-01-04,,143558,399248,2
1367652,2019-12-14,2020-01-04,,143558,672301,2
1367653,2019-12-14,2020-01-04,,143558,925117,2
1367654,2019-12-14,2020-01-04,,143594,400394,2
1367655,2019-12-14,2020-01-04,,143626,30329,2
1367656,2019-12-14,2020-01-04,,143640,688436,2
1367657,2019-12-14,2020-01-04,,143848,151824,2
1367658,2019-12-14,2020-01-04,,144108,692840,2
1367659,2019-12-14,2020-01-04,,144480,167806,2
1367660,2019-12-14,2020-01-04,,144732,769503,2
1367661,2019-12-14,2020-01-04,2019-12-29,144831,817800,1
1367662,2019-12-14,2020-01-04,2019-12-30,144863,869160,1
1367663,2019-12-14,2020-01-04,,144951,857538,2
1367664,2019-12-14,2020-01-04,,145067,790301,2
1367665,2019-12-14,2020-01-04,,145150,606982,2
1367666,2019-12-14,2020-01-04,2019-12-26,145402,617785,1
1367667,2019-12-14,2020-01-04,,145426,466065,2
1367668,2019-12-14,2020-01-04,,145426,683217,2
1367669,2019-12-14,2020-01-04,,145426,837230,2
1367670,2019-12-14,2020-01-04,,145596,341930,2
1367671,2019-12-14,2020-01-04,,145621,11010,2
1367672,2019-12-14,2020-01-04,,145730,351486,2
1367673,2019-12-14,2020-01-04,,145779,866523,2
1367674,2019-12-14,2020-01-04,,145925,543245,2
1367675,2019-12-14,2020-01-04,,145971,583628,2
1367676,2019-12-14,2020-01-04,,146058,416402,2
1367677,2019-12-14,2020-01-04,,146537,234804,2
1367678,2019-12-14,2020-01-04,,146540,458802,2
1367679,2019-12-14,2020-01-04,,146588,722938,2
1367680,2019-12-14,2020-01-04,,146605,793688,2
1367681,2019-12-14,2020-01-04,,146637,527438,2
1367682,2019-12-14,2020-01-04,,146641,226742,2
1367683,2019-12-14,2020-01-04,,146720,640740,2
1367684,2019-12-14,2020-01-04,2019-12-24,146733,186806,1
1367685,2019-12-14,2020-01-04,,146733,549684,2
1367686,2019-12-14,2020-01-04,,146737,440471,2
1367687,2019-12-14,2020-01-04,,146737,863180,2
1367688,2019-12-14,2020-01-04,,147018,881394,2
1367689,2019-12-14,2020-01-04,,147157,865451,2
1367690,2019-12-14,2020-01-04,,147246,599686,2
1367691,2019-12-14,2020-01-04,,147310,524728,2
1367692,2019-12-14,2020-01-04,,147590,320027,2
1367693,2019-12-14,2020-01-04,,147610,14733,2
1367694,2019-12-14,2020-01-04,,147649,333031,2
1367695,2019-12-14,2020-01-04,,147786,116340,2
1367696,2019-12-14,2020-01-04,,147804,390453,2
1367697,2019-12-14,2020-01-04,,147885,607838,2
1367698,2019-12-14,2020-01-04,,148024,707093,2
1367699,2019-12-14,2020-01-04,,148059,839900,2
1367700,2019-12-14,2020-01-04,,148068,301591,2
1367701,2019-12-14,2020-01-04,,148179,135055,2
1367702,2019-12-14,2020-01-04,,148309,246872,2
1367703,2019-12-14,2020-01-04,2019-12-31,148506,758494,1
1367704,2019-12-14,2020-01-04,,148759,207430,2
1367705,2019-12-14,2020-01-04,,148846,266849,2
1367706,2019-12-14,2020-01-04,,148846,745348,2
1367707,2019-12-14,2020-01-04,,148876,903940,2
1367708,2019-12-14,2020-01-04,,149060,867162,2
1367709,2019-12-14,2020-01-04,,149084,141474,2
1367710,2019-12-14,2020-01-04,,149218,137816,2
1367711,2019-12-14,2020-01-04,,149287,357543,2
1367712,2019-12-14,2020-01-04,,149287,884303,2
1367713,2019-12-14,2020-01-04,,149320,243417,2
1367714,2019-12-14,2020-01-04,,149330,420767,2
1367715,2019-12-14,2020-01-04,,149332,485618,2
1367716,2019-12-14,2020-01-04,,149575,176495,2
1367717,2019-12-14,2020-01-04,,149745,448242,2
1367718,2019-12-14,2020-01-04,2019-12-30,150006,230197,1
1367719,2019-12-14,2020-01-04,,150006,699009,2
1367720,2019-12-14,2020-01-04,,150170,695477,2
1367721,2019-12-14,2020-01-04,,150197,416349,2
1367722,2019-12-14,2020-01-04,,150197,504685,2
1367723,2019-12-14,2020-01-04,,150197,774064,2
1367724,2019-12-14,2020-01-04,2019-12-29,150212,358015,1
1367725,2019-12-14,2020-01-04,,150225,161320,2
1367726,2019-12-14,2020-01-04,2019-12-29,150245,39331,1
1367727,2019-12-14,2020-01-04,,150245,79874,2
1367728,2019-12-14,2020-01-04,,150245,667487,2
1367729,2019-12-14,2020-01-04,,150349,236628,2
1367730,2019-12-14,2020-01-04,,150383,191431,2
1367731,2019-12-14,2020-01-04,,150383,465941,2
1367732,2019-12-14,2020-01-04,,150412,232726,2
1367733,2019-12-14,2020-01-04,,150425,606047,2
1367734,2019-12-14,2020-01-04,,150536,41924,2
1367735,2019-12-14,2020-01-04,,150536,412385,2
1367736,2019-12-14,2020-01-04,,150536,612307,2
1367737,2019-12-14,2020-01-04,,150536,701697,2
1367738,2019-12-14,2020-01-04,,150536,705794,2
1367739,2019-12-14,2020-01-04,,150663,567918,2
1367740,2019-12-14,2020-01-04,,150687,937547,2
1367741,2019-12-14,2020-01-04,2019-12-26,150811,930597,1
1367742,2019-12-14,2020-01-04,,150862,355078,2
1367743,2019-12-14,2020-01-04,,151013,745636,2
1367744,2019-12-14,2020-01-04,,151155,701983,2
1367745,2019-12-14,2020-01-04,,151324,51207,2
1367746,2019-12-14,2020-01-04,,151730,676997,2
1367747,2019-12-14,2020-01-04,,151933,100358,2
1367748,2019-12-14,2020-01-04,,151933,469368,2
1367749,2019-12-14,2020-01-04,,151933,580075,2
1367750,2019-12-14,2020-01-04,,151933,779294,2
1367751,2019-12-14,2020-01-04,,151954,304495,2
1367752,2019-12-14,2020-01-04,,151954,584735,2
1367753,2019-12-14,2020-01-04,,151962,574010,2
1367754,2019-12-14,2020-01-04,,152103,321936,2
1367755,2019-12-14,2020-01-04,,152158,557174,2
1367756,2019-12-14,2020-01-04,,152158,734359,2
1367757,2019-12-14,2020-01-04,,152181,909827,2
1367758,2019-12-14,2020-01-04,,152375,152003,2
1367759,2019-12-14,2020-01-04,,152562,200954,2
1367760,2019-12-14,2020-01-04,,152853,324040,2
1367761,2019-12-14,2020-01-04,,152948,36604,2
1367762,2019-12-14,2020-01-04,,153785,698853,2
1367763,2019-12-14,2020-01-04,2019-12-25,153819,425059,1
1367764,2019-12-14,2020-01-04,,153935,364944,2
1367765,2019-12-14,2020-01-04,,154040,828714,2
1367766,2019-12-14,2020-01-04,,154046,638725,2
1367767,2019-12-14,2020-01-04,2019-12-31,154137,75855,1
1367768,2019-12-14,2020-01-04,,154389,314950,2
1367769,2019-12-14,2020-01-04,,154435,104000,2
1367770,2019-12-14,2020-01-04,,154435,836530,2
1367771,2019-12-14,2020-01-04,2019-12-28,154563,758093,1
1367772,2019-12-14,2020-01-04,,154624,469373,2
1367773,2019-12-14,2020-01-04,,154774,942186,2
1367774,2019-12-14,2020-01-04,,154902,585966,2
1367775,2019-12-14,2020-01-04,,154904,338647,2
1367776,2019-12-14,2020-01-04,2019-12-29,154972,455376,1
1367777,2019-12-14,2020-01-04,,155046,916666,2
1367778,2019-12-14,2020-01-04,,155050,474652,2
1367779,2019-12-14,2020-01-04,,155165,181613,2
1367780,2019-12-14,2020-01-04,,155181,159031,2
1367781,2019-12-14,2020-01-04,,155181,476052,2
1367782,2019-12-14,2020-01-04,,155181,519058,2
1367783,2019-12-14,2020-01-04,,155181,770821,2
1367784,2019-12-14,2020-01-04,,155181,804031,2
1367785,2019-12-14,2020-01-04,,155218,929956,2
1367786,2019-12-14,2020-01-04,,155398,389845,2
1367787,2019-12-14,2020-01-04,,155398,576215,2
1367788,2019-12-14,2020-01-04,,155398,734943,2
1367789,2019-12-14,2020-01-04,,155503,698707,2
1367790,2019-12-14,2020-01-04,,155521,621687,2
1367791,2019-12-14,2020-01-04,,155531,692562,2
1367792,2019-12-14,2020-01-04,2019-12-27,155583,623694,1
1367793,2019-12-14,2020-01-04,,155680,434597,2
1367794,2019-12-14,2020-01-04,,155736,578200,2
1367795,2019-12-14,2020-01-04,,155762,374383,2
1367796,2019-12-14,2020-01-04,,155780,878216,2
1367797,2019-12-14,2020-01-04,,155845,792296,2
1367798,2019-12-14,2020-01-04,,155898,43534,2
1367799,2019-12-14,2020-01-04,,155898,432592,2
1367800,2019-12-14,2020-01-04,,155898,440966,2
1367801,2019-12-14,2020-01-04,,155936,546299,2
1367802,2019-12-14,2020-01-04,,155996,365963,2
1367803,2019-12-14,2020-01-04,,156021,668974,2
1367804,2019-12-14,2020-01-04,,156248,681225,2
1367805,2019-12-14,2020-01-04,,156333,671423,2
1367806,2019-12-14,2020-01-04,,156344,47456,2
1367807,2019-12-14,2020-01-04,,156371,468993,2
1367808,2019-12-14,2020-01-04,,156582,709277,2
1367809,2019-12-14,2020-01-04,,156606,679766,2
1367810,2019-12-14,2020-01-04,,156650,618474,2
1367811,2019-12-14,2020-01-04,,156745,702782,2
1367812,2019-12-14,2020-01-04,,156816,594152,2
1367813,2019-12-14,2020-01-04,,156845,303845,2
1367814,2019-12-14,2020-01-04,,156943,694801,2
1367815,2019-12-14,2020-01-04,,156960,911161,2
1367816,2019-12-14,2020-01-04,,157013,438012,2
1367817,2019-12-14,2020-01-04,,157066,144870,2
1367818,2019-12-14,2020-01-04,2019-12-29,157249,629392,1
1367819,2019-12-14,2020-01-04,,157317,572009,2
1367820,2019-12-14,2020-01-04,,157319,5050,2
1367821,2019-12-14,2020-01-04,2019-12-28,157319,252490,1
1367822,2019-12-14,2020-01-04,,157336,708345,2
1367823,2019-12-14,2020-01-04,,157690,595556,2
1367824,2019-12-14,2020-01-04,,157743,407270,2
1367825,2019-12-14,2020-01-04,,157929,892394,2
1367826,2019-12-14,2020-01-04,,158087,172518,2
1367827,2019-12-14,2020-01-04,,158121,863949,2
1367828,2019-12-14,2020-01-04,,158459,219251,2
1367829,2019-12-14,2020-01-04,,158518,877331,2
1367830,2019-12-14,2020-01-04,,158554,363399,2
1367831,2019-12-14,2020-01-04,,158666,66760,2
1367832,2019-12-14,2020-01-04,,158666,71956,2
1367833,2019-12-14,2020-01-04,,158666,225687,2
1367834,2019-12-14,2020-01-04,,158666,705638,2
1367835,2019-12-14,2020-01-04,2019-12-31,158666,743754,1
1367836,2019-12-14,2020-01-04,2019-12-30,158666,840215,1
1367837,2019-12-14,2020-01-04,,158808,254989,2
1367838,2019-12-14,2020-01-04,,158810,574738,2
1367839,2019-12-14,2020-01-04,,158810,856645,2
1367840,2019-12-14,2020-01-04,,158999,510530,2
1367841,2019-12-14,2020-01-04,,159009,87811,2
1367842,2019-12-14,2020-01-04,,159010,79096,2
1367843,2019-12-14,2020-01-04,,159108,900747,2
1367844,2019-12-14,2020-01-04,,159163,623018,2
1367845,2019-12-14,2020-01-04,,159283,832384,2
1367846,2019-12-14,2020-01-04,,159316,351675,2
1367847,2019-12-14,2020-01-04,,159410,153995,2
1367848,2019-12-15,2020-01-05,,24,682983,2
1367849,2019-12-15,2020-01-05,,156,514378,2
1367850,2019-12-15,2020-01-05,,359,112171,2
1367851,2019-12-15,2020-01-05,,740,75888,2
1367852,2019-12-15,2020-01-05,,927,821706,2
1367853,2019-12-15,2020-01-05,,930,19018,2
1367854,2019-12-15,2020-01-05,,950,435037,2
1367855,2019-12-15,2020-01-05,,986,290904,2
1367856,2019-12-15,2020-01-05,,1049,255881,2
1367857,2019-12-15,2020-01-05,,1058,213540,2
1367858,2019-12-15,2020-01-05,,1081,16086,2
1367859,2019-12-15,2020-01-05,,1196,505734,2
1367860,2019-12-15,2020-01-05,,1213,902961,2
1367861,2019-12-15,2020-01-05,,1220,119486,2
1367862,2019-12-15,2020-01-05,,1362,29887,2
1367863,2019-12-15,2020-01-05,,1461,206358,2
1367864,2019-12-15,2020-01-05,,1652,490088,2
1367865,2019-12-15,2020-01-05,,1696,18255,2
1367866,2019-12-15,2020-01-05,,1739,506732,2
1367867,2019-12-15,2020-01-05,,1770,245353,2
1367868,2019-12-15,2020-01-05,,1770,572027,2
1367869,2019-12-15,2020-01-05,2019-12-27,1827,792252,1
1367870,2019-12-15,2020-01-05,,1842,115357,2
1367871,2019-12-15,2020-01-05,,1854,646413,2
1367872,2019-12-15,2020-01-05,,1907,131926,2
1367873,2019-12-15,2020-01-05,,1969,583152,2
1367874,2019-12-15,2020-01-05,2019-12-30,2057,233666,1
1367875,2019-12-15,2020-01-05,,2274,655110,2
1367876,2019-12-15,2020-01-05,,2288,742759,2
1367877,2019-12-15,2020-01-05,,2302,474554,2
1367878,2019-12-15,2020-01-05,,2365,910222,2
1367879,2019-12-15,2020-01-05,,2448,348417,2
1367880,2019-12-15,2020-01-05,,2452,369206,2
1367881,2019-12-15,2020-01-05,,2471,586416,2
1367882,2019-12-15,2020-01-05,,2535,242179,2
1367883,2019-12-15,2020-01-05,,2677,633206,2
1367884,2019-12-15,2020-01-05,,2746,613979,2
1367885,2019-12-15,2020-01-05,,2771,485094,2
1367886,2019-12-15,2020-01-05,,2780,14935,2
1367887,2019-12-15,2020-01-05,,2800,583763,2
1367888,2019-12-15,2020-01-05,,2879,388069,2
1367889,2019-12-15,2020-01-05,2019-12-31,2965,873841,1
1367890,2019-12-15,2020-01-05,,3181,769250,2
1367891,2019-12-15,2020-01-05,,3194,72272,2
1367892,2019-12-15,2020-01-05,,3194,92967,2
1367893,2019-12-15,2020-01-05,,3194,355120,2
1367894,2019-12-15,2020-01-05,,3194,669470,2
1367895,2019-12-15,2020-01-05,,3228,682984,2
1367896,2019-12-15,2020-01-05,,3303,356401,2
1367897,2019-12-15,2020-01-05,,3358,252484,2
1367898,2019-12-15,2020-01-05,,3370,901410,2
1367899,2019-12-15,2020-01-05,,3417,178502,2
1367900,2019-12-15,2020-01-05,,3420,112424,2
1367901,2019-12-15,2020-01-05,,3420,142426,2
1367902,2019-12-15,2020-01-05,,3420,218536,2
1367903,2019-12-15,2020-01-05,,3420,279262,2
1367904,2019-12-15,2020-01-05,,3420,305464,2
1367905,2019-12-15,2020-01-05,,3420,467492,2
1367906,2019-12-15,2020-01-05,,3420,497541,2
1367907,2019-12-15,2020-01-05,,3420,552016,2
1367908,2019-12-15,2020-01-05,,3420,652613,2
1367909,2019-12-15,2020-01-05,,3420,955614,2
1367910,2019-12-15,2020-01-05,,3449,253602,2
1367911,2019-12-15,2020-01-05,,3534,822031,2
1367912,2019-12-15,2020-01-05,,3663,705535,2
1367913,2019-12-15,2020-01-05,2019-12-27,3701,132350,1
1367914,2019-12-15,2020-01-05,,3819,8572,2
1367915,2019-12-15,2020-01-05,2019-12-29,3819,723005,1
1367916,2019-12-15,2020-01-05,,4121,303847,2
1367917,2019-12-15,2020-01-05,,4121,707199,2
1367918,2019-12-15,2020-01-05,,4164,383798,2
1367919,2019-12-15,2020-01-05,,4200,886821,2
1367920,2019-12-15,2020-01-05,,4373,41329,2
1367921,2019-12-15,2020-01-05,2019-12-27,4398,942541,1
1367922,2019-12-15,2020-01-05,2019-12-25,4501,876797,1
1367923,2019-12-15,2020-01-05,,4509,534179,2
1367924,2019-12-15,2020-01-05,,4511,77224,2
1367925,2019-12-15,2020-01-05,,4525,665390,2
1367926,2019-12-15,2020-01-05,,4571,950601,2
1367927,2019-12-15,2020-01-05,,4589,679964,2
1367928,2019-12-15,2020-01-05,,4630,738806,2
1367929,2019-12-15,2020-01-05,,4789,845340,2
1367930,2019-12-15,2020-01-05,,4832,412269,2
1367931,2019-12-15,2020-01-05,2019-12-30,4858,780028,1
1367932,2019-12-15,2020-01-05,2019-12-29,4918,250241,1
1367933,2019-12-15,2020-01-05,,4918,758505,2
1367934,2019-12-15,2020-01-05,,4918,858915,2
1367935,2019-12-15,2020-01-05,,4931,671434,2
1367936,2019-12-15,2020-01-05,,4956,266128,2
1367937,2019-12-15,2020-01-05,,4962,492903,2
1367938,2019-12-15,2020-01-05,,4977,290313,2
1367939,2019-12-15,2020-01-05,,5171,70847,2
1367940,2019-12-15,2020-01-05,,5236,285214,2
1367941,2019-12-15,2020-01-05,,5236,547766,2
1367942,2019-12-15,2020-01-05,,5281,47572,2
1367943,2019-12-15,2020-01-05,,5590,52176,2
1367944,2019-12-15,2020-01-05,,5673,640034,2
1367945,2019-12-15,2020-01-05,,5695,651568,2
1367946,2019-12-15,2020-01-05,,5995,733576,2
1367947,2019-12-15,2020-01-05,,6003,209541,2
1367948,2019-12-15,2020-01-05,,6003,425075,2
1367949,2019-12-15,2020-01-05,,6004,133705,2
1367950,2019-12-15,2020-01-05,,6024,88279,2
1367951,2019-12-15,2020-01-05,,6060,239723,2
1367952,2019-12-15,2020-01-05,,6252,477819,2
1367953,2019-12-15,2020-01-05,,6517,937346,2
1367954,2019-12-15,2020-01-05,,6563,124802,2
1367955,2019-12-15,2020-01-05,,6563,495129,2
1367956,2019-12-15,2020-01-05,,6583,398375,2
1367957,2019-12-15,2020-01-05,2019-12-27,6619,870202,1
1367958,2019-12-15,2020-01-05,,6708,298961,2
1367959,2019-12-15,2020-01-05,,6725,153634,2
1367960,2019-12-15,2020-01-05,,6725,446346,2
1367961,2019-12-15,2020-01-05,2019-12-31,6725,786831,1
1367962,2019-12-15,2020-01-05,,6772,146510,2
1367963,2019-12-15,2020-01-05,,6854,815313,2
1367964,2019-12-15,2020-01-05,2019-12-28,7094,491330,1
1367965,2019-12-15,2020-01-05,,7095,801688,2
1367966,2019-12-15,2020-01-05,,7327,465851,2
1367967,2019-12-15,2020-01-05,2019-12-31,7327,639806,1
1367968,2019-12-15,2020-01-05,,7418,568280,2
1367969,2019-12-15,2020-01-05,,7573,681184,2
1367970,2019-12-15,2020-01-05,2019-12-31,7579,506817,1
1367971,2019-12-15,2020-01-05,,7579,634694,2
1367972,2019-12-15,2020-01-05,,7579,694449,2
1367973,2019-12-15,2020-01-05,,7704,863842,2
1367974,2019-12-15,2020-01-05,,7828,74156,2
1367975,2019-12-15,2020-01-05,,7844,792761,2
1367976,2019-12-15,2020-01-05,,7867,411844,2
1367977,2019-12-15,2020-01-05,,8057,297614,2
1367978,2019-12-15,2020-01-05,,8064,20302,2
1367979,2019-12-15,2020-01-05,,8137,162163,2
1367980,2019-12-15,2020-01-05,,8202,375386,2
1367981,2019-12-15,2020-01-05,,8451,150418,2
1367982,2019-12-15,2020-01-05,,8475,496886,2
1367983,2019-12-15,2020-01-05,,8476,609256,2
1367984,2019-12-15,2020-01-05,,8511,77198,2
1367985,2019-12-15,2020-01-05,,8537,813783,2
1367986,2019-12-15,2020-01-05,,8645,25220,2
1367987,2019-12-15,2020-01-05,,8893,152252,2
1367988,2019-12-15,2020-01-05,,8939,527158,2
1367989,2019-12-15,2020-01-05,,8972,590738,2
1367990,2019-12-15,2020-01-05,,9050,100566,2
1367991,2019-12-15,2020-01-05,,9056,698708,2
1367992,2019-12-15,2020-01-05,,9149,567130,2
1367993,2019-12-15,2020-01-05,,9449,442643,2
1367994,2019-12-15,2020-01-05,,9554,752279,2
1367995,2019-12-15,2020-01-05,,9880,646370,2
1367996,2019-12-15,2020-01-05,,9889,710618,2
1367997,2019-12-15,2020-01-05,,9942,943618,2
1367998,2019-12-15,2020-01-05,2019-12-28,9979,818764,1
1367999,2019-12-15,2020-01-05,,10087,693886,2
1368000,2019-12-15,2020-01-05,,10109,63739,2
1368001,2019-12-15,2020-01-05,,10145,338103,2
1368002,2019-12-15,2020-01-05,,10432,559579,2
1368003,2019-12-15,2020-01-05,2019-12-26,10449,826292,1
1368004,2019-12-15,2020-01-05,,10472,510745,2
1368005,2019-12-15,2020-01-05,,10691,500542,2
1368006,2019-12-15,2020-01-05,,11089,630628,2
1368007,2019-12-15,2020-01-05,,11122,152037,2
1368008,2019-12-15,2020-01-05,2019-12-27,11138,421426,1
1368009,2019-12-15,2020-01-05,,11138,700538,2
1368010,2019-12-15,2020-01-05,,11209,646135,2
1368011,2019-12-15,2020-01-05,,11318,367501,2
1368012,2019-12-15,2020-01-05,,11366,825118,2
1368013,2019-12-15,2020-01-05,,11424,147582,2
1368014,2019-12-15,2020-01-05,,11424,321937,2
1368015,2019-12-15,2020-01-05,,11424,557486,2
1368016,2019-12-15,2020-01-05,,11424,588699,2
1368017,2019-12-15,2020-01-05,,11424,877632,2
1368018,2019-12-15,2020-01-05,,11424,883536,2
1368019,2019-12-15,2020-01-05,,11458,586528,2
1368020,2019-12-15,2020-01-05,,12115,687204,2
1368021,2019-12-15,2020-01-05,,12466,444793,2
1368022,2019-12-15,2020-01-05,,12470,164960,2
1368023,2019-12-15,2020-01-05,,12561,930812,2
1368024,2019-12-15,2020-01-05,,12846,785161,2
1368025,2019-12-15,2020-01-05,,13075,910287,2
1368026,2019-12-15,2020-01-05,,13078,545272,2
1368027,2019-12-15,2020-01-05,2019-12-30,13133,851011,1
1368028,2019-12-15,2020-01-05,2019-12-31,13136,677974,1
1368029,2019-12-15,2020-01-05,,13230,135719,2
1368030,2019-12-15,2020-01-05,,13399,608410,2
1368031,2019-12-15,2020-01-05,,13495,645223,2
1368032,2019-12-15,2020-01-05,,13626,677122,2
1368033,2019-12-15,2020-01-05,,13757,934810,2
1368034,2019-12-15,2020-01-05,2019-12-25,13839,189213,1
1368035,2019-12-15,2020-01-05,,13839,329922,2
1368036,2019-12-15,2020-01-05,,13839,528236,2
1368037,2019-12-15,2020-01-05,2019-12-25,13839,811682,1
1368038,2019-12-15,2020-01-05,,13839,843607,2
1368039,2019-12-15,2020-01-05,,13839,882048,2
1368040,2019-12-15,2020-01-05,,14188,145954,2
1368041,2019-12-15,2020-01-05,2019-12-29,14193,161364,1
1368042,2019-12-15,2020-01-05,,14369,603337,2
1368043,2019-12-15,2020-01-05,,14409,585082,2
1368044,2019-12-15,2020-01-05,,14445,8719,2
1368045,2019-12-15,2020-01-05,,14729,341212,2
1368046,2019-12-15,2020-01-05,2019-12-29,14864,421440,1
1368047,2019-12-15,2020-01-05,,14864,794214,2
1368048,2019-12-15,2020-01-05,,14953,629205,2
1368049,2019-12-15,2020-01-05,,15096,464808,2
1368050,2019-12-15,2020-01-05,,15115,804404,2
1368051,2019-12-15,2020-01-05,,15235,283191,2
1368052,2019-12-15,2020-01-05,,15566,869235,2
1368053,2019-12-15,2020-01-05,,16075,353149,2
1368054,2019-12-15,2020-01-05,,16392,898682,2
1368055,2019-12-15,2020-01-05,,16424,10535,2
1368056,2019-12-15,2020-01-05,,16519,511031,2
1368057,2019-12-15,2020-01-05,,16612,188303,2
1368058,2019-12-15,2020-01-05,,16674,718208,2
1368059,2019-12-15,2020-01-05,,16921,832538,2
1368060,2019-12-15,2020-01-05,,16926,673809,2
1368061,2019-12-15,2020-01-05,,16979,600712,2
1368062,2019-12-15,2020-01-05,,17094,691868,2
1368063,2019-12-15,2020-01-05,,17119,456119,2
1368064,2019-12-15,2020-01-05,,17171,201071,2
1368065,2019-12-15,2020-01-05,,17277,441953,2
1368066,2019-12-15,2020-01-05,,17277,900028,2
1368067,2019-12-15,2020-01-05,,17332,285519,2
1368068,2019-12-15,2020-01-05,,17413,185978,2
1368069,2019-12-15,2020-01-05,,17619,16102,2
1368070,2019-12-15,2020-01-05,,17706,385743,2
1368071,2019-12-15,2020-01-05,,17922,435905,2
1368072,2019-12-15,2020-01-05,2019-12-31,18009,138152,1
1368073,2019-12-15,2020-01-05,,18173,765260,2
1368074,2019-12-15,2020-01-05,,18219,901365,2
1368075,2019-12-15,2020-01-05,,18288,465171,2
1368076,2019-12-15,2020-01-05,,18292,817573,2
1368077,2019-12-15,2020-01-05,,18369,351795,2
1368078,2019-12-15,2020-01-05,,18402,799549,2
1368079,2019-12-15,2020-01-05,,18562,578884,2
1368080,2019-12-15,2020-01-05,,18622,63153,2
1368081,2019-12-15,2020-01-05,,18660,878318,2
1368082,2019-12-15,2020-01-05,2019-12-29,18690,605945,1
1368083,2019-12-15,2020-01-05,,18860,222973,2
1368084,2019-12-15,2020-01-05,,18860,333074,2
1368085,2019-12-15,2020-01-05,,18860,417117,2
1368086,2019-12-15,2020-01-05,,18860,475393,2
1368087,2019-12-15,2020-01-05,,18860,609188,2
1368088,2019-12-15,2020-01-05,,18860,615878,2
1368089,2019-12-15,2020-01-05,,18860,938572,2
1368090,2019-12-15,2020-01-05,,19001,59197,2
1368091,2019-12-15,2020-01-05,,19024,27048,2
1368092,2019-12-15,2020-01-05,,19053,262948,2
1368093,2019-12-15,2020-01-05,,19062,486048,2
1368094,2019-12-15,2020-01-05,,19086,852939,2
1368095,2019-12-15,2020-01-05,,19323,918537,2
1368096,2019-12-15,2020-01-05,,19420,248191,2
1368097,2019-12-15,2020-01-05,,19420,601929,2
1368098,2019-12-15,2020-01-05,,19441,65204,2
1368099,2019-12-15,2020-01-05,,19444,145135,2
1368100,2019-12-15,2020-01-05,,19454,307942,2
1368101,2019-12-15,2020-01-05,,19457,512109,2
1368102,2019-12-15,2020-01-05,,19540,80966,2
1368103,2019-12-15,2020-01-05,,19627,483593,2
1368104,2019-12-15,2020-01-05,,19627,591554,2
1368105,2019-12-15,2020-01-05,,19633,19749,2
1368106,2019-12-15,2020-01-05,2019-12-27,19633,432589,1
1368107,2019-12-15,2020-01-05,,19668,539132,2
1368108,2019-12-15,2020-01-05,,19738,232543,2
1368109,2019-12-15,2020-01-05,,19756,592821,2
1368110,2019-12-15,2020-01-05,,19771,340925,2
1368111,2019-12-15,2020-01-05,,19771,696680,2
1368112,2019-12-15,2020-01-05,,19804,802304,2
1368113,2019-12-15,2020-01-05,,19853,554833,2
1368114,2019-12-15,2020-01-05,,19853,886762,2
1368115,2019-12-15,2020-01-05,,19973,21071,2
1368116,2019-12-15,2020-01-05,2019-12-29,20338,372012,1
1368117,2019-12-15,2020-01-05,,20367,639830,2
1368118,2019-12-15,2020-01-05,,20367,918013,2
1368119,2019-12-15,2020-01-05,,20511,424428,2
1368120,2019-12-15,2020-01-05,,20662,405437,2
1368121,2019-12-15,2020-01-05,,20682,849750,2
1368122,2019-12-15,2020-01-05,,20897,833123,2
1368123,2019-12-15,2020-01-05,,21247,138984,2
1368124,2019-12-15,2020-01-05,,21342,193765,2
1368125,2019-12-15,2020-01-05,,21410,326224,2
1368126,2019-12-15,2020-01-05,,21410,353158,2
1368127,2019-12-15,2020-01-05,,21410,849346,2
1368128,2019-12-15,2020-01-05,,21477,545568,2
1368129,2019-12-15,2020-01-05,,21798,705753,2
1368130,2019-12-15,2020-01-05,,21989,144459,2
1368131,2019-12-15,2020-01-05,,22001,198429,2
1368132,2019-12-15,2020-01-05,,22013,568514,2
1368133,2019-12-15,2020-01-05,,22261,941780,2
1368134,2019-12-15,2020-01-05,,22327,268503,2
1368135,2019-12-15,2020-01-05,,22364,224678,2
1368136,2019-12-15,2020-01-05,,22630,634310,2
1368137,2019-12-15,2020-01-05,,22643,88169,2
1368138,2019-12-15,2020-01-05,,22659,327404,2
1368139,2019-12-15,2020-01-05,,22659,393988,2
1368140,2019-12-15,2020-01-05,,23198,945041,2
1368141,2019-12-15,2020-01-05,2019-12-31,23277,135204,1
1368142,2019-12-15,2020-01-05,,23676,812343,2
1368143,2019-12-15,2020-01-05,,23733,498209,2
1368144,2019-12-15,2020-01-05,,23867,423491,2
1368145,2019-12-15,2020-01-05,,23885,782407,2
1368146,2019-12-15,2020-01-05,,24009,353201,2
1368147,2019-12-15,2020-01-05,2019-12-31,24089,803902,1
1368148,2019-12-15,2020-01-05,,24133,892105,2
1368149,2019-12-15,2020-01-05,,24708,35112,2
1368150,2019-12-15,2020-01-05,2019-12-26,24708,356174,1
1368151,2019-12-15,2020-01-05,,24708,811678,2
1368152,2019-12-15,2020-01-05,,24744,23424,2
1368153,2019-12-15,2020-01-05,2019-12-31,24868,652431,1
1368154,2019-12-15,2020-01-05,,25046,581012,2
1368155,2019-12-15,2020-01-05,,25095,622901,2
1368156,2019-12-15,2020-01-05,,25115,477118,2
1368157,2019-12-15,2020-01-05,,25133,156919,2
1368158,2019-12-15,2020-01-05,,25170,698913,2
1368159,2019-12-15,2020-01-05,2019-12-30,25199,300242,1
1368160,2019-12-15,2020-01-05,,25204,941957,2
1368161,2019-12-15,2020-01-05,2019-12-29,25222,454942,1
1368162,2019-12-15,2020-01-05,,25313,538172,2
1368163,2019-12-15,2020-01-05,,25344,692772,2
1368164,2019-12-15,2020-01-05,,25395,573684,2
1368165,2019-12-15,2020-01-05,2019-12-30,25610,477460,1
1368166,2019-12-15,2020-01-05,,25814,123454,2
1368167,2019-12-15,2020-01-05,,25829,14459,2
1368168,2019-12-15,2020-01-05,,25829,147621,2
1368169,2019-12-15,2020-01-05,,26146,515862,2
1368170,2019-12-15,2020-01-05,,26146,612280,2
1368171,2019-12-15,2020-01-05,,26221,573314,2
1368172,2019-12-15,2020-01-05,,26359,156361,2
1368173,2019-12-15,2020-01-05,,26359,346614,2
1368174,2019-12-15,2020-01-05,,26628,840793,2
1368175,2019-12-15,2020-01-05,2019-12-26,26628,947204,1
1368176,2019-12-15,2020-01-05,,26916,56059,2
1368177,2019-12-15,2020-01-05,,27155,90501,2
1368178,2019-12-15,2020-01-05,,27256,219638,2
1368179,2019-12-15,2020-01-05,,27308,188655,2
1368180,2019-12-15,2020-01-05,,27350,161474,2
1368181,2019-12-15,2020-01-05,2019-12-30,27446,430226,1
1368182,2019-12-15,2020-01-05,,27571,312379,2
1368183,2019-12-15,2020-01-05,2019-12-29,27684,307985,1
1368184,2019-12-15,2020-01-05,,27684,420675,2
1368185,2019-12-15,2020-01-05,2019-12-29,27729,217684,1
1368186,2019-12-15,2020-01-05,,27829,35706,2
1368187,2019-12-15,2020-01-05,,27894,168807,2
1368188,2019-12-15,2020-01-05,,27936,551816,2
1368189,2019-12-15,2020-01-05,,27979,117313,2
1368190,2019-12-15,2020-01-05,,28128,403413,2
1368191,2019-12-15,2020-01-05,,28144,387372,2
1368192,2019-12-15,2020-01-05,,28225,223610,2
1368193,2019-12-15,2020-01-05,,28233,475858,2
1368194,2019-12-15,2020-01-05,,28559,684328,2
1368195,2019-12-15,2020-01-05,,28720,154438,2
1368196,2019-12-15,2020-01-05,,28847,68679,2
1368197,2019-12-15,2020-01-05,,28935,695630,2
1368198,2019-12-15,2020-01-05,,29011,105441,2
1368199,2019-12-15,2020-01-05,,29011,189748,2
1368200,2019-12-15,2020-01-05,,29011,615971,2
1368201,2019-12-15,2020-01-05,,29135,652918,2
1368202,2019-12-15,2020-01-05,,29237,904907,2
1368203,2019-12-15,2020-01-05,,29275,343920,2
1368204,2019-12-15,2020-01-05,,29563,416492,2
1368205,2019-12-15,2020-01-05,,29577,761136,2
1368206,2019-12-15,2020-01-05,,29709,678215,2
1368207,2019-12-15,2020-01-05,,29763,846162,2
1368208,2019-12-15,2020-01-05,,29796,491697,2
1368209,2019-12-15,2020-01-05,,29868,219325,2
1368210,2019-12-15,2020-01-05,,29976,104560,2
1368211,2019-12-15,2020-01-05,,30056,750147,2
1368212,2019-12-15,2020-01-05,,30112,161421,2
1368213,2019-12-15,2020-01-05,,30146,619867,2
1368214,2019-12-15,2020-01-05,,30176,540561,2
1368215,2019-12-15,2020-01-05,,30309,579401,2
1368216,2019-12-15,2020-01-05,,30323,909344,2
1368217,2019-12-15,2020-01-05,,30487,733378,2
1368218,2019-12-15,2020-01-05,,30761,836845,2
1368219,2019-12-15,2020-01-05,,30805,806100,2
1368220,2019-12-15,2020-01-05,,30878,480968,2
1368221,2019-12-15,2020-01-05,,30928,650486,2
1368222,2019-12-15,2020-01-05,,31000,401828,2
1368223,2019-12-15,2020-01-05,,31045,2800,2
1368224,2019-12-15,2020-01-05,2019-12-29,31148,49499,1
1368225,2019-12-15,2020-01-05,2019-12-29,31148,546932,1
1368226,2019-12-15,2020-01-05,,31148,748211,2
1368227,2019-12-15,2020-01-05,,31207,435128,2
1368228,2019-12-15,2020-01-05,,31312,392958,2
1368229,2019-12-15,2020-01-05,,31417,176168,2
1368230,2019-12-15,2020-01-05,,31501,434835,2
1368231,2019-12-15,2020-01-05,,31733,16890,2
1368232,2019-12-15,2020-01-05,2019-12-30,31825,754608,1
1368233,2019-12-15,2020-01-05,,31882,257410,2
1368234,2019-12-15,2020-01-05,,31882,348021,2
1368235,2019-12-15,2020-01-05,,31882,750229,2
1368236,2019-12-15,2020-01-05,,32060,207677,2
1368237,2019-12-15,2020-01-05,,32060,312523,2
1368238,2019-12-15,2020-01-05,2019-12-30,32090,954131,1
1368239,2019-12-15,2020-01-05,2019-12-29,32153,669728,1
1368240,2019-12-15,2020-01-05,,32309,201381,2
1368241,2019-12-15,2020-01-05,2019-12-31,32309,900321,1
1368242,2019-12-15,2020-01-05,,32394,142585,2
1368243,2019-12-15,2020-01-05,,32513,90746,2
1368244,2019-12-15,2020-01-05,,32565,595002,2
1368245,2019-12-15,2020-01-05,,32733,904506,2
1368246,2019-12-15,2020-01-05,,32908,627634,2
1368247,2019-12-15,2020-01-05,,33060,907853,2
1368248,2019-12-15,2020-01-05,,33063,705795,2
1368249,2019-12-15,2020-01-05,,33088,345014,2
1368250,2019-12-15,2020-01-05,,33099,828310,2
1368251,2019-12-15,2020-01-05,,33144,152103,2
1368252,2019-12-15,2020-01-05,,33144,934786,2
1368253,2019-12-15,2020-01-05,,33147,636443,2
1368254,2019-12-15,2020-01-05,,33292,335789,2
1368255,2019-12-15,2020-01-05,,33313,610791,2
1368256,2019-12-15,2020-01-05,,33393,7540,2
1368257,2019-12-15,2020-01-05,,33393,354743,2
1368258,2019-12-15,2020-01-05,,33533,131187,2
1368259,2019-12-15,2020-01-05,2019-12-27,33533,604956,1
1368260,2019-12-15,2020-01-05,2019-12-31,33816,183236,1
1368261,2019-12-15,2020-01-05,,33998,422001,2
1368262,2019-12-15,2020-01-05,,34074,56653,2
1368263,2019-12-15,2020-01-05,,34074,416989,2
1368264,2019-12-15,2020-01-05,,34199,223330,2
1368265,2019-12-15,2020-01-05,,34428,386598,2
1368266,2019-12-15,2020-01-05,,34695,525130,2
1368267,2019-12-15,2020-01-05,,34717,412397,2
1368268,2019-12-15,2020-01-05,,34717,575156,2
1368269,2019-12-15,2020-01-05,2019-12-29,34850,768526,1
1368270,2019-12-15,2020-01-05,2019-12-30,35027,542556,1
1368271,2019-12-15,2020-01-05,2019-12-28,35082,18576,1
1368272,2019-12-15,2020-01-05,2019-12-30,35110,830690,1
1368273,2019-12-15,2020-01-05,,35127,919209,2
1368274,2019-12-15,2020-01-05,,35204,75482,2
1368275,2019-12-15,2020-01-05,,35243,640716,2
1368276,2019-12-15,2020-01-05,,35271,693389,2
1368277,2019-12-15,2020-01-05,,35308,253079,2
1368278,2019-12-15,2020-01-05,,35395,255346,2
1368279,2019-12-15,2020-01-05,,35591,408670,2
1368280,2019-12-15,2020-01-05,,35702,702604,2
1368281,2019-12-15,2020-01-05,,35831,311035,2
1368282,2019-12-15,2020-01-05,,35868,52136,2
1368283,2019-12-15,2020-01-05,,35917,721240,2
1368284,2019-12-15,2020-01-05,,35936,828204,2
1368285,2019-12-15,2020-01-05,,36271,516105,2
1368286,2019-12-15,2020-01-05,2019-12-29,36406,452365,1
1368287,2019-12-15,2020-01-05,,36406,739185,2
1368288,2019-12-15,2020-01-05,,36783,733035,2
1368289,2019-12-15,2020-01-05,,36929,113785,2
1368290,2019-12-15,2020-01-05,,37213,628100,2
1368291,2019-12-15,2020-01-05,,37276,231357,2
1368292,2019-12-15,2020-01-05,,37312,382793,2
1368293,2019-12-15,2020-01-05,,37547,630597,2
1368294,2019-12-15,2020-01-05,,38018,745408,2
1368295,2019-12-15,2020-01-05,,38083,858264,2
1368296,2019-12-15,2020-01-05,,38100,579541,2
1368297,2019-12-15,2020-01-05,,38221,615581,2
1368298,2019-12-15,2020-01-05,,38416,545213,2
1368299,2019-12-15,2020-01-05,2019-12-27,38441,465852,1
1368300,2019-12-15,2020-01-05,,38753,469990,2
1368301,2019-12-15,2020-01-05,,38790,375148,2
1368302,2019-12-15,2020-01-05,,38867,153482,2
1368303,2019-12-15,2020-01-05,2019-12-28,38875,619710,1
1368304,2019-12-15,2020-01-05,,38954,245239,2
1368305,2019-12-15,2020-01-05,,38954,433548,2
1368306,2019-12-15,2020-01-05,,38954,584376,2
1368307,2019-12-15,2020-01-05,,38954,728116,2
1368308,2019-12-15,2020-01-05,,38954,808309,2
1368309,2019-12-15,2020-01-05,,39054,239781,2
1368310,2019-12-15,2020-01-05,,39173,413037,2
1368311,2019-12-15,2020-01-05,,39247,304293,2
1368312,2019-12-15,2020-01-05,,39247,904587,2
1368313,2019-12-15,2020-01-05,2019-12-28,39314,353705,1
1368314,2019-12-15,2020-01-05,2019-12-30,39391,362401,1
1368315,2019-12-15,2020-01-05,,39573,587156,2
1368316,2019-12-15,2020-01-05,,39606,415148,2
1368317,2019-12-15,2020-01-05,,39690,117509,2
1368318,2019-12-15,2020-01-05,,39717,538781,2
1368319,2019-12-15,2020-01-05,,39798,145136,2
1368320,2019-12-15,2020-01-05,2019-12-27,39903,564066,1
1368321,2019-12-15,2020-01-05,,40078,55146,2
1368322,2019-12-15,2020-01-05,,40102,844918,2
1368323,2019-12-15,2020-01-05,,40466,560610,2
1368324,2019-12-15,2020-01-05,,40466,610637,2
1368325,2019-12-15,2020-01-05,,40466,614707,2
1368326,2019-12-15,2020-01-05,,40712,432465,2
1368327,2019-12-15,2020-01-05,,40737,47603,2
1368328,2019-12-15,2020-01-05,2019-12-27,40908,36016,1
1368329,2019-12-15,2020-01-05,,40908,222289,2
1368330,2019-12-15,2020-01-05,,40991,696301,2
1368331,2019-12-15,2020-01-05,,40991,770055,2
1368332,2019-12-15,2020-01-05,,41211,7842,2
1368333,2019-12-15,2020-01-05,,41337,900722,2
1368334,2019-12-15,2020-01-05,,41351,192589,2
1368335,2019-12-15,2020-01-05,,41504,781166,2
1368336,2019-12-15,2020-01-05,,41827,96460,2
1368337,2019-12-15,2020-01-05,,41827,213686,2
1368338,2019-12-15,2020-01-05,,41841,729403,2
1368339,2019-12-15,2020-01-05,,42039,468952,2
1368340,2019-12-15,2020-01-05,,42213,472218,2
1368341,2019-12-15,2020-01-05,2019-12-30,42258,417384,1
1368342,2019-12-15,2020-01-05,,42286,162109,2
1368343,2019-12-15,2020-01-05,2019-12-28,42286,284410,1
1368344,2019-12-15,2020-01-05,,42370,491435,2
1368345,2019-12-15,2020-01-05,,42407,219064,2
1368346,2019-12-15,2020-01-05,,42695,443892,2
1368347,2019-12-15,2020-01-05,,42740,669356,2
1368348,2019-12-15,2020-01-05,,42793,602403,2
1368349,2019-12-15,2020-01-05,,42841,80725,2
1368350,2019-12-15,2020-01-05,2019-12-30,42896,449401,1
1368351,2019-12-15,2020-01-05,,42896,686747,2
1368352,2019-12-15,2020-01-05,,43000,113339,2
1368353,2019-12-15,2020-01-05,,43068,34457,2
1368354,2019-12-15,2020-01-05,,43068,96983,2
1368355,2019-12-15,2020-01-05,,43068,735314,2
1368356,2019-12-15,2020-01-05,,43068,782136,2
1368357,2019-12-15,2020-01-05,,43241,782110,2
1368358,2019-12-15,2020-01-05,2019-12-30,43282,307752,1
1368359,2019-12-15,2020-01-05,,43513,519663,2
1368360,2019-12-15,2020-01-05,,43615,9661,2
1368361,2019-12-15,2020-01-05,,43615,303899,2
1368362,2019-12-15,2020-01-05,,43615,403208,2
1368363,2019-12-15,2020-01-05,,43615,824251,2
1368364,2019-12-15,2020-01-05,,43677,464818,2
1368365,2019-12-15,2020-01-05,,43696,403787,2
1368366,2019-12-15,2020-01-05,2019-12-28,43698,763945,1
1368367,2019-12-15,2020-01-05,,43708,517437,2
1368368,2019-12-15,2020-01-05,,43868,343955,2
1368369,2019-12-15,2020-01-05,2019-12-30,43930,183406,1
1368370,2019-12-15,2020-01-05,,44312,734904,2
1368371,2019-12-15,2020-01-05,,44552,161227,2
1368372,2019-12-15,2020-01-05,,44622,889908,2
1368373,2019-12-15,2020-01-05,,44672,331332,2
1368374,2019-12-15,2020-01-05,,44904,737072,2
1368375,2019-12-15,2020-01-05,,45076,209316,2
1368376,2019-12-15,2020-01-05,,45093,773761,2
1368377,2019-12-15,2020-01-05,,45272,734236,2
1368378,2019-12-15,2020-01-05,,45303,869967,2
1368379,2019-12-15,2020-01-05,,45378,95271,2
1368380,2019-12-15,2020-01-05,2019-12-26,45559,880891,1
1368381,2019-12-15,2020-01-05,,45716,117872,2
1368382,2019-12-15,2020-01-05,,45757,310524,2
1368383,2019-12-15,2020-01-05,,45757,316757,2
1368384,2019-12-15,2020-01-05,,45757,550017,2
1368385,2019-12-15,2020-01-05,,45885,652293,2
1368386,2019-12-15,2020-01-05,2019-12-30,45982,514937,1
1368387,2019-12-15,2020-01-05,,46021,644965,2
1368388,2019-12-15,2020-01-05,,46150,856072,2
1368389,2019-12-15,2020-01-05,,46190,417602,2
1368390,2019-12-15,2020-01-05,,46280,574532,2
1368391,2019-12-15,2020-01-05,,46331,271182,2
1368392,2019-12-15,2020-01-05,,46619,666809,2
1368393,2019-12-15,2020-01-05,,46805,613551,2
1368394,2019-12-15,2020-01-05,,46805,791166,2
1368395,2019-12-15,2020-01-05,,47002,494934,2
1368396,2019-12-15,2020-01-05,,47328,804139,2
1368397,2019-12-15,2020-01-05,,47330,404264,2
1368398,2019-12-15,2020-01-05,,47340,651254,2
1368399,2019-12-15,2020-01-05,2019-12-29,47340,741836,1
1368400,2019-12-15,2020-01-05,2019-12-29,47340,770941,1
1368401,2019-12-15,2020-01-05,2019-12-29,47678,708311,1
1368402,2019-12-15,2020-01-05,,47758,242820,2
1368403,2019-12-15,2020-01-05,,47977,77376,2
1368404,2019-12-15,2020-01-05,,48019,272237,2
1368405,2019-12-15,2020-01-05,,48243,245398,2
1368406,2019-12-15,2020-01-05,,48343,229750,2
1368407,2019-12-15,2020-01-05,,48416,875688,2
1368408,2019-12-15,2020-01-05,,48547,815780,2
1368409,2019-12-15,2020-01-05,,48621,27170,2
1368410,2019-12-15,2020-01-05,,48621,562444,2
1368411,2019-12-15,2020-01-05,,48709,668864,2
1368412,2019-12-15,2020-01-05,,48750,350100,2
1368413,2019-12-15,2020-01-05,,48771,861480,2
1368414,2019-12-15,2020-01-05,2019-12-30,48774,658919,1
1368415,2019-12-15,2020-01-05,,48868,276756,2
1368416,2019-12-15,2020-01-05,,49019,705796,2
1368417,2019-12-15,2020-01-05,,49128,442295,2
1368418,2019-12-15,2020-01-05,,49131,177962,2
1368419,2019-12-15,2020-01-05,,49387,166080,2
1368420,2019-12-15,2020-01-05,,49503,389063,2
1368421,2019-12-15,2020-01-05,,49675,824179,2
1368422,2019-12-15,2020-01-05,,49962,906340,2
1368423,2019-12-15,2020-01-05,,49966,494522,2
1368424,2019-12-15,2020-01-05,2019-12-29,49970,761857,1
1368425,2019-12-15,2020-01-05,,50115,100375,2
1368426,2019-12-15,2020-01-05,,50115,906359,2
1368427,2019-12-15,2020-01-05,,50156,932246,2
1368428,2019-12-15,2020-01-05,,50246,74238,2
1368429,2019-12-15,2020-01-05,,50268,10908,2
1368430,2019-12-15,2020-01-05,,50382,192564,2
1368431,2019-12-15,2020-01-05,,50382,587187,2
1368432,2019-12-15,2020-01-05,,50538,938464,2
1368433,2019-12-15,2020-01-05,,50755,348883,2
1368434,2019-12-15,2020-01-05,,50811,194459,2
1368435,2019-12-15,2020-01-05,,50877,591447,2
1368436,2019-12-15,2020-01-05,,50946,226256,2
1368437,2019-12-15,2020-01-05,,50946,600241,2
1368438,2019-12-15,2020-01-05,,50946,678744,2
1368439,2019-12-15,2020-01-05,,50946,832385,2
1368440,2019-12-15,2020-01-05,,50983,228452,2
1368441,2019-12-15,2020-01-05,,51009,897611,2
1368442,2019-12-15,2020-01-05,,51021,734225,2
1368443,2019-12-15,2020-01-05,,51349,797432,2
1368444,2019-12-15,2020-01-05,,51422,89415,2
1368445,2019-12-15,2020-01-05,,51823,611057,2
1368446,2019-12-15,2020-01-05,,51858,394663,2
1368447,2019-12-15,2020-01-05,,51876,185924,2
1368448,2019-12-15,2020-01-05,,51881,380871,2
1368449,2019-12-15,2020-01-05,,51926,349799,2
1368450,2019-12-15,2020-01-05,,52029,36130,2
1368451,2019-12-15,2020-01-05,,52029,52358,2
1368452,2019-12-15,2020-01-05,,52029,129832,2
1368453,2019-12-15,2020-01-05,,52029,208991,2
1368454,2019-12-15,2020-01-05,,52029,664484,2
1368455,2019-12-15,2020-01-05,,52247,167765,2
1368456,2019-12-15,2020-01-05,,52281,405392,2
1368457,2019-12-15,2020-01-05,,52293,127475,2
1368458,2019-12-15,2020-01-05,2019-12-29,52457,818160,1
1368459,2019-12-15,2020-01-05,2019-12-30,52862,234640,1
1368460,2019-12-15,2020-01-05,,52979,679319,2
1368461,2019-12-15,2020-01-05,2019-12-27,52979,755573,1
1368462,2019-12-15,2020-01-05,2019-12-28,52979,761182,1
1368463,2019-12-15,2020-01-05,,53236,700370,2
1368464,2019-12-15,2020-01-05,,53255,536958,2
1368465,2019-12-15,2020-01-05,2019-12-30,53540,447991,1
1368466,2019-12-15,2020-01-05,,53617,759231,2
1368467,2019-12-15,2020-01-05,,53641,101317,2
1368468,2019-12-15,2020-01-05,,53641,576582,2
1368469,2019-12-15,2020-01-05,,53641,683108,2
1368470,2019-12-15,2020-01-05,,53728,609703,2
1368471,2019-12-15,2020-01-05,2019-12-30,53973,371379,1
1368472,2019-12-15,2020-01-05,,54043,104215,2
1368473,2019-12-15,2020-01-05,,54043,273965,2
1368474,2019-12-15,2020-01-05,,54070,616464,2
1368475,2019-12-15,2020-01-05,2019-12-27,54146,659511,1
1368476,2019-12-15,2020-01-05,,54528,208271,2
1368477,2019-12-15,2020-01-05,,54537,700398,2
1368478,2019-12-15,2020-01-05,,54537,925293,2
1368479,2019-12-15,2020-01-05,,54656,204266,2
1368480,2019-12-15,2020-01-05,,54700,721251,2
1368481,2019-12-15,2020-01-05,,54836,99869,2
1368482,2019-12-15,2020-01-05,,54870,119805,2
1368483,2019-12-15,2020-01-05,,55070,920090,2
1368484,2019-12-15,2020-01-05,,55245,842139,2
1368485,2019-12-15,2020-01-05,,55319,816214,2
1368486,2019-12-15,2020-01-05,,55893,50817,2
1368487,2019-12-15,2020-01-05,,56014,582296,2
1368488,2019-12-15,2020-01-05,,56034,212748,2
1368489,2019-12-15,2020-01-05,,56131,31024,2
1368490,2019-12-15,2020-01-05,,56131,172164,2
1368491,2019-12-15,2020-01-05,,56131,192668,2
1368492,2019-12-15,2020-01-05,,56131,192724,2
1368493,2019-12-15,2020-01-05,,56131,229123,2
1368494,2019-12-15,2020-01-05,,56131,249465,2
1368495,2019-12-15,2020-01-05,,56131,346715,2
1368496,2019-12-15,2020-01-05,,56131,372716,2
1368497,2019-12-15,2020-01-05,,56131,765811,2
1368498,2019-12-15,2020-01-05,,56131,809757,2
1368499,2019-12-15,2020-01-05,2019-12-27,56135,942432,1
1368500,2019-12-15,2020-01-05,2019-12-31,56138,229001,1
1368501,2019-12-15,2020-01-05,,56138,809758,2
1368502,2019-12-15,2020-01-05,,56353,379358,2
1368503,2019-12-15,2020-01-05,2019-12-26,56353,876567,1
1368504,2019-12-15,2020-01-05,,56486,556960,2
1368505,2019-12-15,2020-01-05,,56916,168929,2
1368506,2019-12-15,2020-01-05,,56916,370671,2
1368507,2019-12-15,2020-01-05,,56916,694757,2
1368508,2019-12-15,2020-01-05,,56916,823563,2
1368509,2019-12-15,2020-01-05,2019-12-27,56919,365646,1
1368510,2019-12-15,2020-01-05,,56919,578915,2
1368511,2019-12-15,2020-01-05,,57608,675569,2
1368512,2019-12-15,2020-01-05,,57686,580085,2
1368513,2019-12-15,2020-01-05,,57701,489656,2
1368514,2019-12-15,2020-01-05,,57701,507141,2
1368515,2019-12-15,2020-01-05,,57741,1946,2
1368516,2019-12-15,2020-01-05,2019-12-26,57849,366447,1
1368517,2019-12-15,2020-01-05,,57870,14365,2
1368518,2019-12-15,2020-01-05,,57870,275388,2
1368519,2019-12-15,2020-01-05,,57870,532166,2
1368520,2019-12-15,2020-01-05,2019-12-31,57870,639265,1
1368521,2019-12-15,2020-01-05,,58177,459781,2
1368522,2019-12-15,2020-01-05,,58181,614585,2
1368523,2019-12-15,2020-01-05,,58392,232123,2
1368524,2019-12-15,2020-01-05,,58420,182154,2
1368525,2019-12-15,2020-01-05,,58434,794640,2
1368526,2019-12-15,2020-01-05,,58493,94483,2
1368527,2019-12-15,2020-01-05,,58610,204290,2
1368528,2019-12-15,2020-01-05,,58664,737896,2
1368529,2019-12-15,2020-01-05,,58689,851590,2
1368530,2019-12-15,2020-01-05,,58868,104764,2
1368531,2019-12-15,2020-01-05,,58868,430200,2
1368532,2019-12-15,2020-01-05,,59079,934280,2
1368533,2019-12-15,2020-01-05,,59125,3493,2
1368534,2019-12-15,2020-01-05,,59125,23845,2
1368535,2019-12-15,2020-01-05,,59125,548826,2
1368536,2019-12-15,2020-01-05,,59141,893575,2
1368537,2019-12-15,2020-01-05,2019-12-31,59194,834002,1
1368538,2019-12-15,2020-01-05,,59214,657179,2
1368539,2019-12-15,2020-01-05,,59251,120268,2
1368540,2019-12-15,2020-01-05,,59294,623791,2
1368541,2019-12-15,2020-01-05,2019-12-28,59328,520727,1
1368542,2019-12-15,2020-01-05,,59340,242964,2
1368543,2019-12-15,2020-01-05,2019-12-27,59378,791086,1
1368544,2019-12-15,2020-01-05,,59469,212015,2
1368545,2019-12-15,2020-01-05,,59636,739646,2
1368546,2019-12-15,2020-01-05,,59647,335737,2
1368547,2019-12-15,2020-01-05,,59739,229365,2
1368548,2019-12-15,2020-01-05,,59739,847715,2
1368549,2019-12-15,2020-01-05,,59742,906458,2
1368550,2019-12-15,2020-01-05,,59928,244927,2
1368551,2019-12-15,2020-01-05,2019-12-28,59928,501202,1
1368552,2019-12-15,2020-01-05,2019-12-30,59928,783703,1
1368553,2019-12-15,2020-01-05,2019-12-28,60003,714763,1
1368554,2019-12-15,2020-01-05,,60033,843658,2
1368555,2019-12-15,2020-01-05,,60106,613591,2
1368556,2019-12-15,2020-01-05,,60133,239843,2
1368557,2019-12-15,2020-01-05,,60555,86660,2
1368558,2019-12-15,2020-01-05,,60560,658954,2
1368559,2019-12-15,2020-01-05,,60651,637472,2
1368560,2019-12-15,2020-01-05,,60653,43073,2
1368561,2019-12-15,2020-01-05,,60886,439671,2
1368562,2019-12-15,2020-01-05,,60998,723107,2
1368563,2019-12-15,2020-01-05,,61239,604,2
1368564,2019-12-15,2020-01-05,,61239,823744,2
1368565,2019-12-15,2020-01-05,,61239,867764,2
1368566,2019-12-15,2020-01-05,,61253,498694,2
1368567,2019-12-15,2020-01-05,,61270,851073,2
1368568,2019-12-15,2020-01-05,,61394,512423,2
1368569,2019-12-15,2020-01-05,,61431,519921,2
1368570,2019-12-15,2020-01-05,,61561,139517,2
1368571,2019-12-15,2020-01-05,,61675,676486,2
1368572,2019-12-15,2020-01-05,,61782,14058,2
1368573,2019-12-15,2020-01-05,,61864,227638,2
1368574,2019-12-15,2020-01-05,,62077,388931,2
1368575,2019-12-15,2020-01-05,,62132,96257,2
1368576,2019-12-15,2020-01-05,,62132,219710,2
1368577,2019-12-15,2020-01-05,,62265,927490,2
1368578,2019-12-15,2020-01-05,,62341,466059,2
1368579,2019-12-15,2020-01-05,,62531,149632,2
1368580,2019-12-15,2020-01-05,,62572,452459,2
1368581,2019-12-15,2020-01-05,,62575,90701,2
1368582,2019-12-15,2020-01-05,,62577,176117,2
1368583,2019-12-15,2020-01-05,,62582,371965,2
1368584,2019-12-15,2020-01-05,,62699,51138,2
1368585,2019-12-15,2020-01-05,,62963,439776,2
1368586,2019-12-15,2020-01-05,,63018,567283,2
1368587,2019-12-15,2020-01-05,,63022,674483,2
1368588,2019-12-15,2020-01-05,,63075,431004,2
1368589,2019-12-15,2020-01-05,,63258,309549,2
1368590,2019-12-15,2020-01-05,,63267,25941,2
1368591,2019-12-15,2020-01-05,,63290,830190,2
1368592,2019-12-15,2020-01-05,,63330,847172,2
1368593,2019-12-15,2020-01-05,,63350,825273,2
1368594,2019-12-15,2020-01-05,,63352,772528,2
1368595,2019-12-15,2020-01-05,,63422,335738,2
1368596,2019-12-15,2020-01-05,,63551,199707,2
1368597,2019-12-15,2020-01-05,,63561,104216,2
1368598,2019-12-15,2020-01-05,,63561,465853,2
1368599,2019-12-15,2020-01-05,,63611,104447,2
1368600,2019-12-15,2020-01-05,,63611,114101,2
1368601,2019-12-15,2020-01-05,,63611,845030,2
1368602,2019-12-15,2020-01-05,,63666,828810,2
1368603,2019-12-15,2020-01-05,,63694,615719,2
1368604,2019-12-15,2020-01-05,,63859,179378,2
1368605,2019-12-15,2020-01-05,,63962,770454,2
1368606,2019-12-15,2020-01-05,2019-12-31,64082,321306,1
1368607,2019-12-15,2020-01-05,,64082,785152,2
1368608,2019-12-15,2020-01-05,,64123,421681,2
1368609,2019-12-15,2020-01-05,,64128,386918,2
1368610,2019-12-15,2020-01-05,,64128,552323,2
1368611,2019-12-15,2020-01-05,,64193,420692,2
1368612,2019-12-15,2020-01-05,,64258,370299,2
1368613,2019-12-15,2020-01-05,,64285,215160,2
1368614,2019-12-15,2020-01-05,,64285,764012,2
1368615,2019-12-15,2020-01-05,,64450,947002,2
1368616,2019-12-15,2020-01-05,,64510,145904,2
1368617,2019-12-15,2020-01-05,,64519,180522,2
1368618,2019-12-15,2020-01-05,,64877,512019,2
1368619,2019-12-15,2020-01-05,,64902,220343,2
1368620,2019-12-15,2020-01-05,,64941,497513,2
1368621,2019-12-15,2020-01-05,,64976,371274,2
1368622,2019-12-15,2020-01-05,,64995,104217,2
1368623,2019-12-15,2020-01-05,,65077,88538,2
1368624,2019-12-15,2020-01-05,,65096,700291,2
1368625,2019-12-15,2020-01-05,,65154,815314,2
1368626,2019-12-15,2020-01-05,,65173,298547,2
1368627,2019-12-15,2020-01-05,,65249,693297,2
1368628,2019-12-15,2020-01-05,,65249,765895,2
1368629,2019-12-15,2020-01-05,,65322,336077,2
1368630,2019-12-15,2020-01-05,,65584,595430,2
1368631,2019-12-15,2020-01-05,,65615,479343,2
1368632,2019-12-15,2020-01-05,,65615,802836,2
1368633,2019-12-15,2020-01-05,,65687,164571,2
1368634,2019-12-15,2020-01-05,,65689,96462,2
1368635,2019-12-15,2020-01-05,,65689,741841,2
1368636,2019-12-15,2020-01-05,2019-12-30,65689,747454,1
1368637,2019-12-15,2020-01-05,,65689,833833,2
1368638,2019-12-15,2020-01-05,,65712,297581,2
1368639,2019-12-15,2020-01-05,,65788,673336,2
1368640,2019-12-15,2020-01-05,,65899,35369,2
1368641,2019-12-15,2020-01-05,,66077,319737,2
1368642,2019-12-15,2020-01-05,,66077,487401,2
1368643,2019-12-15,2020-01-05,,66116,668521,2
1368644,2019-12-15,2020-01-05,,66153,225790,2
1368645,2019-12-15,2020-01-05,2019-12-31,66242,939029,1
1368646,2019-12-15,2020-01-05,,66287,689730,2
1368647,2019-12-15,2020-01-05,,66287,743889,2
1368648,2019-12-15,2020-01-05,,66306,244018,2
1368649,2019-12-15,2020-01-05,,66385,840485,2
1368650,2019-12-15,2020-01-05,,66695,130410,2
1368651,2019-12-15,2020-01-05,,66712,91492,2
1368652,2019-12-15,2020-01-05,,66718,37862,2
1368653,2019-12-15,2020-01-05,,66783,366507,2
1368654,2019-12-15,2020-01-05,,66851,923188,2
1368655,2019-12-15,2020-01-05,,66891,933269,2
1368656,2019-12-15,2020-01-05,,67056,246414,2
1368657,2019-12-15,2020-01-05,,67110,349581,2
1368658,2019-12-15,2020-01-05,,67287,227383,2
1368659,2019-12-15,2020-01-05,,67489,193589,2
1368660,2019-12-15,2020-01-05,,67541,439428,2
1368661,2019-12-15,2020-01-05,,67571,345360,2
1368662,2019-12-15,2020-01-05,,67576,465470,2
1368663,2019-12-15,2020-01-05,,67621,837231,2
1368664,2019-12-15,2020-01-05,,67678,377379,2
1368665,2019-12-15,2020-01-05,,67678,580199,2
1368666,2019-12-15,2020-01-05,,67678,902897,2
1368667,2019-12-15,2020-01-05,,67750,634672,2
1368668,2019-12-15,2020-01-05,2019-12-26,67754,115019,1
1368669,2019-12-15,2020-01-05,,67926,936140,2
1368670,2019-12-15,2020-01-05,,68277,62363,2
1368671,2019-12-15,2020-01-05,,68277,73055,2
1368672,2019-12-15,2020-01-05,,68277,179379,2
1368673,2019-12-15,2020-01-05,,68277,192180,2
1368674,2019-12-15,2020-01-05,,68277,607508,2
1368675,2019-12-15,2020-01-05,,68277,640415,2
1368676,2019-12-15,2020-01-05,,68277,663585,2
1368677,2019-12-15,2020-01-05,,68312,511813,2
1368678,2019-12-15,2020-01-05,,68312,605902,2
1368679,2019-12-15,2020-01-05,2019-12-30,68312,625172,1
1368680,2019-12-15,2020-01-05,,68312,700069,2
1368681,2019-12-15,2020-01-05,,68590,320111,2
1368682,2019-12-15,2020-01-05,,68624,553145,2
1368683,2019-12-15,2020-01-05,,68624,908102,2
1368684,2019-12-15,2020-01-05,,68827,900877,2
1368685,2019-12-15,2020-01-05,,68924,230777,2
1368686,2019-12-15,2020-01-05,,68924,423939,2
1368687,2019-12-15,2020-01-05,,68924,742331,2
1368688,2019-12-15,2020-01-05,,68924,799500,2
1368689,2019-12-15,2020-01-05,2019-12-30,68924,825528,1
1368690,2019-12-15,2020-01-05,,68934,895683,2
1368691,2019-12-15,2020-01-05,,68967,695966,2
1368692,2019-12-15,2020-01-05,2019-12-26,68990,117594,1
1368693,2019-12-15,2020-01-05,,69016,261289,2
1368694,2019-12-15,2020-01-05,,69018,193526,2
1368695,2019-12-15,2020-01-05,,69365,291717,2
1368696,2019-12-15,2020-01-05,2019-12-31,69473,93533,1
1368697,2019-12-15,2020-01-05,,69487,888608,2
1368698,2019-12-15,2020-01-05,,69848,444346,2
1368699,2019-12-15,2020-01-05,,69857,104448,2
1368700,2019-12-15,2020-01-05,,69936,923154,2
1368701,2019-12-15,2020-01-05,,70268,525276,2
1368702,2019-12-15,2020-01-05,,70274,626636,2
1368703,2019-12-15,2020-01-05,,70274,884866,2
1368704,2019-12-15,2020-01-05,,70274,908404,2
1368705,2019-12-15,2020-01-05,,70348,147622,2
1368706,2019-12-15,2020-01-05,,70357,837181,2
1368707,2019-12-15,2020-01-05,,70428,913222,2
1368708,2019-12-15,2020-01-05,,70430,496875,2
1368709,2019-12-15,2020-01-05,,70517,828087,2
1368710,2019-12-15,2020-01-05,,70833,111845,2
1368711,2019-12-15,2020-01-05,,70889,368548,2
1368712,2019-12-15,2020-01-05,,71031,942093,2
1368713,2019-12-15,2020-01-05,,71110,101020,2
1368714,2019-12-15,2020-01-05,,71144,675354,2
1368715,2019-12-15,2020-01-05,,71277,834687,2
1368716,2019-12-15,2020-01-05,,71382,830026,2
1368717,2019-12-15,2020-01-05,2019-12-28,71453,754289,1
1368718,2019-12-15,2020-01-05,,71477,436205,2
1368719,2019-12-15,2020-01-05,,71530,134848,2
1368720,2019-12-15,2020-01-05,2019-12-28,71553,336523,1
1368721,2019-12-15,2020-01-05,,71691,596850,2
1368722,2019-12-15,2020-01-05,,71795,751009,2
1368723,2019-12-15,2020-01-05,,71831,185963,2
1368724,2019-12-15,2020-01-05,,71918,406533,2
1368725,2019-12-15,2020-01-05,,71938,176171,2
1368726,2019-12-15,2020-01-05,,72145,475139,2
1368727,2019-12-15,2020-01-05,,72152,39359,2
1368728,2019-12-15,2020-01-05,,72154,472708,2
1368729,2019-12-15,2020-01-05,,72199,321188,2
1368730,2019-12-15,2020-01-05,2019-12-29,72205,467881,1
1368731,2019-12-15,2020-01-05,,72330,175123,2
1368732,2019-12-15,2020-01-05,,72358,177430,2
1368733,2019-12-15,2020-01-05,,72566,40364,2
1368734,2019-12-15,2020-01-05,,72566,492933,2
1368735,2019-12-15,2020-01-05,,72609,264544,2
1368736,2019-12-15,2020-01-05,,72642,274157,2
1368737,2019-12-15,2020-01-05,,72844,808789,2
1368738,2019-12-15,2020-01-05,,72903,298548,2
1368739,2019-12-15,2020-01-05,,73013,201636,2
1368740,2019-12-15,2020-01-05,,73512,11128,2
1368741,2019-12-15,2020-01-05,,73512,121599,2
1368742,2019-12-15,2020-01-05,,73512,709534,2
1368743,2019-12-15,2020-01-05,,73561,101270,2
1368744,2019-12-15,2020-01-05,,73561,141796,2
1368745,2019-12-15,2020-01-05,,73561,508585,2
1368746,2019-12-15,2020-01-05,,73561,625237,2
1368747,2019-12-15,2020-01-05,,73585,844793,2
1368748,2019-12-15,2020-01-05,,73587,779153,2
1368749,2019-12-15,2020-01-05,,73641,667512,2
1368750,2019-12-15,2020-01-05,,73658,578474,2
1368751,2019-12-15,2020-01-05,,73740,754587,2
1368752,2019-12-15,2020-01-05,,73749,200908,2
1368753,2019-12-15,2020-01-05,2019-12-29,73749,220728,1
1368754,2019-12-15,2020-01-05,,73749,256582,2
1368755,2019-12-15,2020-01-05,2019-12-25,73749,488302,1
1368756,2019-12-15,2020-01-05,,73807,410926,2
1368757,2019-12-15,2020-01-05,,73883,558221,2
1368758,2019-12-15,2020-01-05,2019-12-25,73959,275039,1
1368759,2019-12-15,2020-01-05,2019-12-27,73959,387574,1
1368760,2019-12-15,2020-01-05,,73959,635479,2
1368761,2019-12-15,2020-01-05,2019-12-28,73959,671218,1
1368762,2019-12-15,2020-01-05,2019-12-25,73959,705647,1
1368763,2019-12-15,2020-01-05,2019-12-27,73983,2505,1
1368764,2019-12-15,2020-01-05,,74139,398975,2
1368765,2019-12-15,2020-01-05,,74146,239774,2
1368766,2019-12-15,2020-01-05,,74363,39039,2
1368767,2019-12-15,2020-01-05,,74666,842373,2
1368768,2019-12-15,2020-01-05,2019-12-26,74716,28478,1
1368769,2019-12-15,2020-01-05,,74753,434984,2
1368770,2019-12-15,2020-01-05,,74812,900328,2
1368771,2019-12-15,2020-01-05,,74863,795684,2
1368772,2019-12-15,2020-01-05,2019-12-30,75123,399339,1
1368773,2019-12-15,2020-01-05,,75162,14173,2
1368774,2019-12-15,2020-01-05,,75182,193387,2
1368775,2019-12-15,2020-01-05,,75220,494196,2
1368776,2019-12-15,2020-01-05,,75368,597035,2
1368777,2019-12-15,2020-01-05,,75497,571458,2
1368778,2019-12-15,2020-01-05,,75852,640725,2
1368779,2019-12-15,2020-01-05,,76002,356177,2
1368780,2019-12-15,2020-01-05,,76002,546945,2
1368781,2019-12-15,2020-01-05,,76008,58292,2
1368782,2019-12-15,2020-01-05,,76107,249484,2
1368783,2019-12-15,2020-01-05,,76174,922811,2
1368784,2019-12-15,2020-01-05,,76174,948366,2
1368785,2019-12-15,2020-01-05,,76307,839760,2
1368786,2019-12-15,2020-01-05,,76323,418513,2
1368787,2019-12-15,2020-01-05,2019-12-30,76440,463214,1
1368788,2019-12-15,2020-01-05,,76464,17615,2
1368789,2019-12-15,2020-01-05,,76540,336534,2
1368790,2019-12-15,2020-01-05,2019-12-31,76581,747499,1
1368791,2019-12-15,2020-01-05,,76828,120549,2
1368792,2019-12-15,2020-01-05,,76841,24881,2
1368793,2019-12-15,2020-01-05,,77083,589459,2
1368794,2019-12-15,2020-01-05,2019-12-26,77232,543313,1
1368795,2019-12-15,2020-01-05,,77250,380833,2
1368796,2019-12-15,2020-01-05,,77263,708542,2
1368797,2019-12-15,2020-01-05,,77301,60439,2
1368798,2019-12-15,2020-01-05,,77301,370136,2
1368799,2019-12-15,2020-01-05,,77301,380174,2
1368800,2019-12-15,2020-01-05,,77301,393578,2
1368801,2019-12-15,2020-01-05,,77301,502464,2
1368802,2019-12-15,2020-01-05,,77301,578329,2
1368803,2019-12-15,2020-01-05,2019-12-28,77301,763762,1
1368804,2019-12-15,2020-01-05,,77301,803418,2
1368805,2019-12-15,2020-01-05,,77301,862051,2
1368806,2019-12-15,2020-01-05,2019-12-30,77301,882959,1
1368807,2019-12-15,2020-01-05,,77301,925235,2
1368808,2019-12-15,2020-01-05,,77397,219507,2
1368809,2019-12-15,2020-01-05,,77397,341331,2
1368810,2019-12-15,2020-01-05,,77569,578048,2
1368811,2019-12-15,2020-01-05,,77587,358041,2
1368812,2019-12-15,2020-01-05,,77595,928913,2
1368813,2019-12-15,2020-01-05,,77642,699010,2
1368814,2019-12-15,2020-01-05,,77712,879379,2
1368815,2019-12-15,2020-01-05,,77715,226150,2
1368816,2019-12-15,2020-01-05,,77836,845569,2
1368817,2019-12-15,2020-01-05,,77880,377635,2
1368818,2019-12-15,2020-01-05,,77918,754437,2
1368819,2019-12-15,2020-01-05,,78724,397137,2
1368820,2019-12-15,2020-01-05,2019-12-31,78746,851645,1
1368821,2019-12-15,2020-01-05,,78808,810107,2
1368822,2019-12-15,2020-01-05,,78894,776212,2
1368823,2019-12-15,2020-01-05,,78906,223593,2
1368824,2019-12-15,2020-01-05,,78976,391900,2
1368825,2019-12-15,2020-01-05,,78985,312029,2
1368826,2019-12-15,2020-01-05,,78986,335188,2
1368827,2019-12-15,2020-01-05,,78986,834317,2
1368828,2019-12-15,2020-01-05,,79095,597898,2
1368829,2019-12-15,2020-01-05,2019-12-30,79475,394439,1
1368830,2019-12-15,2020-01-05,,79645,59617,2
1368831,2019-12-15,2020-01-05,,79695,80574,2
1368832,2019-12-15,2020-01-05,,79760,1113,2
1368833,2019-12-15,2020-01-05,,79760,42423,2
1368834,2019-12-15,2020-01-05,,79760,118380,2
1368835,2019-12-15,2020-01-05,,79760,337412,2
1368836,2019-12-15,2020-01-05,2019-12-30,79760,446137,1
1368837,2019-12-15,2020-01-05,,79760,823841,2
1368838,2019-12-15,2020-01-05,,79760,897937,2
1368839,2019-12-15,2020-01-05,,79788,126160,2
1368840,2019-12-15,2020-01-05,,79802,881872,2
1368841,2019-12-15,2020-01-05,,79908,392117,2
1368842,2019-12-15,2020-01-05,2019-12-31,79951,398850,1
1368843,2019-12-15,2020-01-05,,80070,450639,2
1368844,2019-12-15,2020-01-05,2019-12-30,80075,63568,1
1368845,2019-12-15,2020-01-05,,80075,496033,2
1368846,2019-12-15,2020-01-05,,80131,106322,2
1368847,2019-12-15,2020-01-05,,80155,185767,2
1368848,2019-12-15,2020-01-05,,80155,364315,2
1368849,2019-12-15,2020-01-05,,80155,465248,2
1368850,2019-12-15,2020-01-05,,80155,508601,2
1368851,2019-12-15,2020-01-05,,80155,874754,2
1368852,2019-12-15,2020-01-05,,80186,460255,2
1368853,2019-12-15,2020-01-05,,80229,419009,2
1368854,2019-12-15,2020-01-05,,80386,385055,2
1368855,2019-12-15,2020-01-05,,80591,190542,2
1368856,2019-12-15,2020-01-05,,80657,889463,2
1368857,2019-12-15,2020-01-05,,81083,481280,2
1368858,2019-12-15,2020-01-05,,81233,698854,2
1368859,2019-12-15,2020-01-05,,81251,566301,2
1368860,2019-12-15,2020-01-05,,81588,207629,2
1368861,2019-12-15,2020-01-05,,81588,499164,2
1368862,2019-12-15,2020-01-05,,81588,945512,2
1368863,2019-12-15,2020-01-05,,81601,604421,2
1368864,2019-12-15,2020-01-05,,81721,2013,2
1368865,2019-12-15,2020-01-05,,81875,138219,2
1368866,2019-12-15,2020-01-05,,82070,343417,2
1368867,2019-12-15,2020-01-05,,82134,460780,2
1368868,2019-12-15,2020-01-05,,82134,558922,2
1368869,2019-12-15,2020-01-05,,82204,175982,2
1368870,2019-12-15,2020-01-05,,82338,230414,2
1368871,2019-12-15,2020-01-05,,82345,251394,2
1368872,2019-12-15,2020-01-05,,82372,11078,2
1368873,2019-12-15,2020-01-05,,82372,928269,2
1368874,2019-12-15,2020-01-05,,82466,427964,2
1368875,2019-12-15,2020-01-05,,82698,773141,2
1368876,2019-12-15,2020-01-05,,82775,930012,2
1368877,2019-12-15,2020-01-05,,82781,685099,2
1368878,2019-12-15,2020-01-05,,82817,776324,2
1368879,2019-12-15,2020-01-05,,82988,554558,2
1368880,2019-12-15,2020-01-05,,83024,643906,2
1368881,2019-12-15,2020-01-05,,83083,947455,2
1368882,2019-12-15,2020-01-05,,83135,220300,2
1368883,2019-12-15,2020-01-05,,83135,229854,2
1368884,2019-12-15,2020-01-05,,83135,773906,2
1368885,2019-12-15,2020-01-05,,83135,813911,2
1368886,2019-12-15,2020-01-05,,83135,903302,2
1368887,2019-12-15,2020-01-05,,83157,569574,2
1368888,2019-12-15,2020-01-05,,83248,469239,2
1368889,2019-12-15,2020-01-05,2019-12-29,83324,237163,1
1368890,2019-12-15,2020-01-05,,83324,389958,2
1368891,2019-12-15,2020-01-05,,83358,219198,2
1368892,2019-12-15,2020-01-05,,83403,681998,2
1368893,2019-12-15,2020-01-05,,83410,104449,2
1368894,2019-12-15,2020-01-05,,83486,165258,2
1368895,2019-12-15,2020-01-05,,83492,661142,2
1368896,2019-12-15,2020-01-05,,83611,613016,2
1368897,2019-12-15,2020-01-05,2019-12-29,83838,492530,1
1368898,2019-12-15,2020-01-05,,83838,652150,2
1368899,2019-12-15,2020-01-05,2019-12-28,83854,342884,1
1368900,2019-12-15,2020-01-05,,83947,14445,2
1368901,2019-12-15,2020-01-05,2019-12-31,84083,636787,1
1368902,2019-12-15,2020-01-05,,84103,279119,2
1368903,2019-12-15,2020-01-05,,84214,771296,2
1368904,2019-12-15,2020-01-05,,84214,929822,2
1368905,2019-12-15,2020-01-05,,84226,893235,2
1368906,2019-12-15,2020-01-05,,84264,577302,2
1368907,2019-12-15,2020-01-05,,84508,621208,2
1368908,2019-12-15,2020-01-05,,84648,726491,2
1368909,2019-12-15,2020-01-05,,84781,98790,2
1368910,2019-12-15,2020-01-05,,84914,195388,2
1368911,2019-12-15,2020-01-05,,84914,606934,2
1368912,2019-12-15,2020-01-05,2019-12-29,84914,677052,1
1368913,2019-12-15,2020-01-05,,84930,870759,2
1368914,2019-12-15,2020-01-05,,84997,640619,2
1368915,2019-12-15,2020-01-05,,85117,191399,2
1368916,2019-12-15,2020-01-05,2019-12-26,85214,899026,1
1368917,2019-12-15,2020-01-05,,85226,881494,2
1368918,2019-12-15,2020-01-05,,85257,541150,2
1368919,2019-12-15,2020-01-05,,85283,309219,2
1368920,2019-12-15,2020-01-05,,85283,442929,2
1368921,2019-12-15,2020-01-05,,85313,916392,2
1368922,2019-12-15,2020-01-05,2019-12-30,85357,671114,1
1368923,2019-12-15,2020-01-05,,85601,938559,2
1368924,2019-12-15,2020-01-05,,85667,251261,2
1368925,2019-12-15,2020-01-05,,85667,295039,2
1368926,2019-12-15,2020-01-05,,85667,564486,2
1368927,2019-12-15,2020-01-05,,85711,146270,2
1368928,2019-12-15,2020-01-05,,85811,90150,2
1368929,2019-12-15,2020-01-05,,85889,50588,2
1368930,2019-12-15,2020-01-05,,85911,601875,2
1368931,2019-12-15,2020-01-05,,85958,511298,2
1368932,2019-12-15,2020-01-05,,86031,843727,2
1368933,2019-12-15,2020-01-05,,86118,286063,2
1368934,2019-12-15,2020-01-05,2019-12-31,86291,627617,1
1368935,2019-12-15,2020-01-05,,86296,592601,2
1368936,2019-12-15,2020-01-05,,86301,780057,2
1368937,2019-12-15,2020-01-05,,86374,395487,2
1368938,2019-12-15,2020-01-05,,86569,99180,2
1368939,2019-12-15,2020-01-05,,86673,334608,2
1368940,2019-12-15,2020-01-05,,86935,310198,2
1368941,2019-12-15,2020-01-05,,87103,732939,2
1368942,2019-12-15,2020-01-05,,87250,682985,2
1368943,2019-12-15,2020-01-05,,87285,378289,2
1368944,2019-12-15,2020-01-05,,87361,703401,2
1368945,2019-12-15,2020-01-05,,87442,378539,2
1368946,2019-12-15,2020-01-05,,87447,796016,2
1368947,2019-12-15,2020-01-05,,87447,830151,2
1368948,2019-12-15,2020-01-05,,87765,738826,2
1368949,2019-12-15,2020-01-05,,87850,104218,2
1368950,2019-12-15,2020-01-05,2019-12-30,87850,179734,1
1368951,2019-12-15,2020-01-05,,87850,536263,2
1368952,2019-12-15,2020-01-05,,88045,167598,2
1368953,2019-12-15,2020-01-05,,88230,629681,2
1368954,2019-12-15,2020-01-05,,88276,50820,2
1368955,2019-12-15,2020-01-05,,88276,817796,2
1368956,2019-12-15,2020-01-05,,88294,425673,2
1368957,2019-12-15,2020-01-05,,88340,150219,2
1368958,2019-12-15,2020-01-05,,88468,824931,2
1368959,2019-12-15,2020-01-05,,88524,3311,2
1368960,2019-12-15,2020-01-05,,88761,121865,2
1368961,2019-12-15,2020-01-05,2019-12-27,88811,929280,1
1368962,2019-12-15,2020-01-05,,88896,590814,2
1368963,2019-12-15,2020-01-05,,88999,9731,2
1368964,2019-12-15,2020-01-05,,89023,675261,2
1368965,2019-12-15,2020-01-05,,89057,189637,2
1368966,2019-12-15,2020-01-05,,89062,348521,2
1368967,2019-12-15,2020-01-05,,89062,466087,2
1368968,2019-12-15,2020-01-05,2019-12-30,89125,260107,1
1368969,2019-12-15,2020-01-05,,89125,742311,2
1368970,2019-12-15,2020-01-05,,89297,31153,2
1368971,2019-12-15,2020-01-05,,89345,755504,2
1368972,2019-12-15,2020-01-05,,89599,60507,2
1368973,2019-12-15,2020-01-05,,89599,379359,2
1368974,2019-12-15,2020-01-05,,89663,287922,2
1368975,2019-12-15,2020-01-05,,89739,137552,2
1368976,2019-12-15,2020-01-05,,89922,443122,2
1368977,2019-12-15,2020-01-05,2019-12-28,89936,127023,1
1368978,2019-12-15,2020-01-05,,90045,908457,2
1368979,2019-12-15,2020-01-05,,90259,382794,2
1368980,2019-12-15,2020-01-05,,90320,474464,2
1368981,2019-12-15,2020-01-05,,90485,443638,2
1368982,2019-12-15,2020-01-05,,90485,791183,2
1368983,2019-12-15,2020-01-05,,90485,871929,2
1368984,2019-12-15,2020-01-05,,90789,316798,2
1368985,2019-12-15,2020-01-05,,91038,465229,2
1368986,2019-12-15,2020-01-05,,91316,134531,2
1368987,2019-12-15,2020-01-05,,91399,267964,2
1368988,2019-12-15,2020-01-05,,91541,791956,2
1368989,2019-12-15,2020-01-05,,91561,363962,2
1368990,2019-12-15,2020-01-05,,91709,660411,2
1368991,2019-12-15,2020-01-05,,91822,129842,2
1368992,2019-12-15,2020-01-05,2019-12-30,91917,607116,1
1368993,2019-12-15,2020-01-05,,92223,120720,2
1368994,2019-12-15,2020-01-05,,92314,145137,2
1368995,2019-12-15,2020-01-05,,92318,607497,2
1368996,2019-12-15,2020-01-05,,92482,283390,2
1368997,2019-12-15,2020-01-05,,92577,1203,2
1368998,2019-12-15,2020-01-05,,92610,628487,2
1368999,2019-12-15,2020-01-05,,92616,65236,2
1369000,2019-12-15,2020-01-05,,92631,304235,2
1369001,2019-12-15,2020-01-05,,92701,772806,2
1369002,2019-12-15,2020-01-05,,92908,332939,2
1369003,2019-12-15,2020-01-05,,92940,23267,2
1369004,2019-12-15,2020-01-05,2019-12-29,93112,858484,1
1369005,2019-12-15,2020-01-05,,93164,87969,2
1369006,2019-12-15,2020-01-05,,93164,271664,2
1369007,2019-12-15,2020-01-05,,93338,532759,2
1369008,2019-12-15,2020-01-05,,93387,194767,2
1369009,2019-12-15,2020-01-05,,93400,702154,2
1369010,2019-12-15,2020-01-05,,93480,377242,2
1369011,2019-12-15,2020-01-05,,93669,571904,2
1369012,2019-12-15,2020-01-05,,93929,362392,2
1369013,2019-12-15,2020-01-05,2019-12-27,93935,946977,1
1369014,2019-12-15,2020-01-05,,94084,218826,2
1369015,2019-12-15,2020-01-05,,94167,111417,2
1369016,2019-12-15,2020-01-05,,94238,387842,2
1369017,2019-12-15,2020-01-05,,94544,107736,2
1369018,2019-12-15,2020-01-05,,94562,453902,2
1369019,2019-12-15,2020-01-05,,94562,515882,2
1369020,2019-12-15,2020-01-05,,94651,358226,2
1369021,2019-12-15,2020-01-05,,94658,443725,2
1369022,2019-12-15,2020-01-05,,94719,443760,2
1369023,2019-12-15,2020-01-05,,94719,670534,2
1369024,2019-12-15,2020-01-05,,94719,681216,2
1369025,2019-12-15,2020-01-05,,94799,699919,2
1369026,2019-12-15,2020-01-05,,94799,795475,2
1369027,2019-12-15,2020-01-05,,94814,257316,2
1369028,2019-12-15,2020-01-05,,94909,772585,2
1369029,2019-12-15,2020-01-05,,94967,58230,2
1369030,2019-12-15,2020-01-05,,94996,46123,2
1369031,2019-12-15,2020-01-05,,95233,665339,2
1369032,2019-12-15,2020-01-05,,95247,406023,2
1369033,2019-12-15,2020-01-05,,95263,863970,2
1369034,2019-12-15,2020-01-05,,95500,577570,2
1369035,2019-12-15,2020-01-05,,95786,398114,2
1369036,2019-12-15,2020-01-05,,95806,518873,2
1369037,2019-12-15,2020-01-05,,95854,398314,2
1369038,2019-12-15,2020-01-05,,95858,424884,2
1369039,2019-12-15,2020-01-05,,95947,100259,2
1369040,2019-12-15,2020-01-05,,95952,190716,2
1369041,2019-12-15,2020-01-05,,96052,142404,2
1369042,2019-12-15,2020-01-05,2019-12-29,96202,517359,1
1369043,2019-12-15,2020-01-05,,96225,603711,2
1369044,2019-12-15,2020-01-05,,96438,283684,2
1369045,2019-12-15,2020-01-05,2019-12-27,96784,479352,1
1369046,2019-12-15,2020-01-05,,96904,524548,2
1369047,2019-12-15,2020-01-05,,96957,238535,2
1369048,2019-12-15,2020-01-05,,96970,240455,2
1369049,2019-12-15,2020-01-05,,96970,597234,2
1369050,2019-12-15,2020-01-05,,97065,572770,2
1369051,2019-12-15,2020-01-05,,97219,545024,2
1369052,2019-12-15,2020-01-05,2019-12-31,97248,924779,1
1369053,2019-12-15,2020-01-05,,97568,590268,2
1369054,2019-12-15,2020-01-05,,97639,304666,2
1369055,2019-12-15,2020-01-05,,97751,555968,2
1369056,2019-12-15,2020-01-05,,98075,92957,2
1369057,2019-12-15,2020-01-05,,98430,305264,2
1369058,2019-12-15,2020-01-05,,98643,460295,2
1369059,2019-12-15,2020-01-05,,98870,587581,2
1369060,2019-12-15,2020-01-05,,98984,382719,2
1369061,2019-12-15,2020-01-05,,99008,744406,2
1369062,2019-12-15,2020-01-05,,99042,88539,2
1369063,2019-12-15,2020-01-05,,99171,357432,2
1369064,2019-12-15,2020-01-05,2019-12-30,99171,393794,1
1369065,2019-12-15,2020-01-05,,99171,472034,2
1369066,2019-12-15,2020-01-05,,99171,830215,2
1369067,2019-12-15,2020-01-05,,99295,192809,2
1369068,2019-12-15,2020-01-05,,99355,258221,2
1369069,2019-12-15,2020-01-05,,99414,461571,2
1369070,2019-12-15,2020-01-05,,99791,897780,2
1369071,2019-12-15,2020-01-05,,99814,728997,2
1369072,2019-12-15,2020-01-05,,99819,192656,2
1369073,2019-12-15,2020-01-05,,99915,101843,2
1369074,2019-12-15,2020-01-05,,99919,267108,2
1369075,2019-12-15,2020-01-05,,100021,175937,2
1369076,2019-12-15,2020-01-05,,100212,92444,2
1369077,2019-12-15,2020-01-05,,100213,424681,2
1369078,2019-12-15,2020-01-05,,100213,452121,2
1369079,2019-12-15,2020-01-05,,100354,48557,2
1369080,2019-12-15,2020-01-05,,100354,691661,2
1369081,2019-12-15,2020-01-05,,100354,734726,2
1369082,2019-12-15,2020-01-05,,100354,871290,2
1369083,2019-12-15,2020-01-05,2019-12-31,100354,932348,1
1369084,2019-12-15,2020-01-05,,100605,586547,2
1369085,2019-12-15,2020-01-05,2019-12-30,100608,783216,1
1369086,2019-12-15,2020-01-05,,100673,311776,2
1369087,2019-12-15,2020-01-05,,100778,357976,2
1369088,2019-12-15,2020-01-05,,100791,482863,2
1369089,2019-12-15,2020-01-05,2019-12-28,101028,633184,1
1369090,2019-12-15,2020-01-05,,101081,864860,2
1369091,2019-12-15,2020-01-05,,101095,595509,2
1369092,2019-12-15,2020-01-05,,101217,529119,2
1369093,2019-12-15,2020-01-05,2019-12-29,101217,932372,1
1369094,2019-12-15,2020-01-05,,101329,345108,2
1369095,2019-12-15,2020-01-05,,101401,615601,2
1369096,2019-12-15,2020-01-05,,101548,559623,2
1369097,2019-12-15,2020-01-05,,101793,646419,2
1369098,2019-12-15,2020-01-05,,101930,189909,2
1369099,2019-12-15,2020-01-05,,102021,803891,2
1369100,2019-12-15,2020-01-05,,102139,834665,2
1369101,2019-12-15,2020-01-05,,102290,614131,2
1369102,2019-12-15,2020-01-05,,102498,360019,2
1369103,2019-12-15,2020-01-05,,102565,194046,2
1369104,2019-12-15,2020-01-05,,102645,330686,2
1369105,2019-12-15,2020-01-05,,103066,355993,2
1369106,2019-12-15,2020-01-05,,103130,724129,2
1369107,2019-12-15,2020-01-05,,103183,789504,2
1369108,2019-12-15,2020-01-05,,103568,548204,2
1369109,2019-12-15,2020-01-05,,103651,59086,2
1369110,2019-12-15,2020-01-05,,103749,41993,2
1369111,2019-12-15,2020-01-05,,103749,425391,2
1369112,2019-12-15,2020-01-05,,103749,619637,2
1369113,2019-12-15,2020-01-05,,103814,26404,2
1369114,2019-12-15,2020-01-05,,103882,740858,2
1369115,2019-12-15,2020-01-05,,103904,145183,2
1369116,2019-12-15,2020-01-05,,103904,681721,2
1369117,2019-12-15,2020-01-05,,103915,501441,2
1369118,2019-12-15,2020-01-05,,103951,282273,2
1369119,2019-12-15,2020-01-05,2019-12-28,104013,947477,1
1369120,2019-12-15,2020-01-05,2019-12-28,104037,92936,1
1369121,2019-12-15,2020-01-05,,104351,916120,2
1369122,2019-12-15,2020-01-05,2019-12-31,104507,176897,1
1369123,2019-12-15,2020-01-05,,104550,535339,2
1369124,2019-12-15,2020-01-05,2019-12-26,104849,133601,1
1369125,2019-12-15,2020-01-05,,104869,108168,2
1369126,2019-12-15,2020-01-05,,105222,682206,2
1369127,2019-12-15,2020-01-05,,105310,129113,2
1369128,2019-12-15,2020-01-05,,105593,543473,2
1369129,2019-12-15,2020-01-05,,105595,803468,2
1369130,2019-12-15,2020-01-05,,105818,768236,2
1369131,2019-12-15,2020-01-05,2019-12-26,105860,581834,1
1369132,2019-12-15,2020-01-05,2019-12-25,105906,384348,1
1369133,2019-12-15,2020-01-05,,106237,163765,2
1369134,2019-12-15,2020-01-05,2019-12-28,106356,19046,1
1369135,2019-12-15,2020-01-05,,106356,462019,2
1369136,2019-12-15,2020-01-05,,106364,10909,2
1369137,2019-12-15,2020-01-05,,106364,176088,2
1369138,2019-12-15,2020-01-05,,106364,650143,2
1369139,2019-12-15,2020-01-05,2019-12-31,106544,77944,1
1369140,2019-12-15,2020-01-05,,106553,931087,2
1369141,2019-12-15,2020-01-05,,106714,246378,2
1369142,2019-12-15,2020-01-05,,106778,505896,2
1369143,2019-12-15,2020-01-05,,106968,907635,2
1369144,2019-12-15,2020-01-05,,107057,679183,2
1369145,2019-12-15,2020-01-05,,107153,121298,2
1369146,2019-12-15,2020-01-05,,107156,406323,2
1369147,2019-12-15,2020-01-05,,107286,944443,2
1369148,2019-12-15,2020-01-05,2019-12-31,107667,836225,1
1369149,2019-12-15,2020-01-05,,107847,208922,2
1369150,2019-12-15,2020-01-05,,107876,632594,2
1369151,2019-12-15,2020-01-05,,108039,911816,2
1369152,2019-12-15,2020-01-05,,108243,752922,2
1369153,2019-12-15,2020-01-05,,108271,354991,2
1369154,2019-12-15,2020-01-05,,108570,312819,2
1369155,2019-12-15,2020-01-05,,108570,823564,2
1369156,2019-12-15,2020-01-05,,108621,592385,2
1369157,2019-12-15,2020-01-05,,108651,391675,2
1369158,2019-12-15,2020-01-05,2019-12-28,108665,896917,1
1369159,2019-12-15,2020-01-05,,109021,516638,2
1369160,2019-12-15,2020-01-05,,109064,202650,2
1369161,2019-12-15,2020-01-05,,109104,149752,2
1369162,2019-12-15,2020-01-05,,109410,23857,2
1369163,2019-12-15,2020-01-05,2019-12-30,109494,470819,1
1369164,2019-12-15,2020-01-05,,109513,144197,2
1369165,2019-12-15,2020-01-05,,109574,185750,2
1369166,2019-12-15,2020-01-05,,109691,305502,2
1369167,2019-12-15,2020-01-05,,109917,83558,2
1369168,2019-12-15,2020-01-05,,109954,784461,2
1369169,2019-12-15,2020-01-05,,110116,181538,2
1369170,2019-12-15,2020-01-05,,110362,834220,2
1369171,2019-12-15,2020-01-05,,110515,844963,2
1369172,2019-12-15,2020-01-05,,110531,72265,2
1369173,2019-12-15,2020-01-05,,110534,800630,2
1369174,2019-12-15,2020-01-05,,110766,66007,2
1369175,2019-12-15,2020-01-05,,110790,538133,2
1369176,2019-12-15,2020-01-05,,110790,569722,2
1369177,2019-12-15,2020-01-05,,110798,944520,2
1369178,2019-12-15,2020-01-05,,110806,262954,2
1369179,2019-12-15,2020-01-05,,110860,57741,2
1369180,2019-12-15,2020-01-05,2019-12-27,110860,868831,1
1369181,2019-12-15,2020-01-05,,110907,952453,2
1369182,2019-12-15,2020-01-05,2019-12-27,110950,646799,1
1369183,2019-12-15,2020-01-05,,110970,899341,2
1369184,2019-12-15,2020-01-05,,111160,83151,2
1369185,2019-12-15,2020-01-05,,111252,278694,2
1369186,2019-12-15,2020-01-05,,111252,333810,2
1369187,2019-12-15,2020-01-05,,111316,638609,2
1369188,2019-12-15,2020-01-05,,111451,825249,2
1369189,2019-12-15,2020-01-05,,111470,445972,2
1369190,2019-12-15,2020-01-05,,111584,317332,2
1369191,2019-12-15,2020-01-05,2019-12-26,111747,500002,1
1369192,2019-12-15,2020-01-05,,112068,232092,2
1369193,2019-12-15,2020-01-05,2019-12-30,112288,137139,1
1369194,2019-12-15,2020-01-05,,112386,816775,2
1369195,2019-12-15,2020-01-05,,112493,6605,2
1369196,2019-12-15,2020-01-05,,112493,571901,2
1369197,2019-12-15,2020-01-05,,112493,758487,2
1369198,2019-12-15,2020-01-05,,112493,826675,2
1369199,2019-12-15,2020-01-05,,112841,607378,2
1369200,2019-12-15,2020-01-05,,112919,302663,2
1369201,2019-12-15,2020-01-05,2019-12-29,113053,326766,1
1369202,2019-12-15,2020-01-05,,113359,657467,2
1369203,2019-12-15,2020-01-05,,113399,936632,2
1369204,2019-12-15,2020-01-05,,113443,330177,2
1369205,2019-12-15,2020-01-05,2019-12-30,113732,652615,1
1369206,2019-12-15,2020-01-05,2019-12-29,113797,179124,1
1369207,2019-12-15,2020-01-05,,113797,385953,2
1369208,2019-12-15,2020-01-05,,113797,664791,2
1369209,2019-12-15,2020-01-05,,113806,285546,2
1369210,2019-12-15,2020-01-05,,113909,856034,2
1369211,2019-12-15,2020-01-05,,113913,622584,2
1369212,2019-12-15,2020-01-05,,113960,309565,2
1369213,2019-12-15,2020-01-05,,114067,147513,2
1369214,2019-12-15,2020-01-05,2019-12-29,114115,369353,1
1369215,2019-12-15,2020-01-05,,114141,546210,2
1369216,2019-12-15,2020-01-05,,114312,614523,2
1369217,2019-12-15,2020-01-05,,114445,204830,2
1369218,2019-12-15,2020-01-05,2019-12-31,114632,337046,1
1369219,2019-12-15,2020-01-05,2019-12-29,114644,863358,1
1369220,2019-12-15,2020-01-05,,114782,88761,2
1369221,2019-12-15,2020-01-05,,114872,786244,2
1369222,2019-12-15,2020-01-05,,114923,638653,2
1369223,2019-12-15,2020-01-05,,115007,116662,2
1369224,2019-12-15,2020-01-05,,115529,94299,2
1369225,2019-12-15,2020-01-05,,115529,586529,2
1369226,2019-12-15,2020-01-05,,115648,267258,2
1369227,2019-12-15,2020-01-05,,115967,393996,2
1369228,2019-12-15,2020-01-05,,116242,365570,2
1369229,2019-12-15,2020-01-05,,116258,184125,2
1369230,2019-12-15,2020-01-05,2019-12-31,116379,54775,1
1369231,2019-12-15,2020-01-05,,116379,368496,2
1369232,2019-12-15,2020-01-05,,116430,222147,2
1369233,2019-12-15,2020-01-05,,116450,103927,2
1369234,2019-12-15,2020-01-05,,116607,782916,2
1369235,2019-12-15,2020-01-05,,116640,282188,2
1369236,2019-12-15,2020-01-05,,116640,757066,2
1369237,2019-12-15,2020-01-05,2019-12-29,116773,757982,1
1369238,2019-12-15,2020-01-05,,116796,325660,2
1369239,2019-12-15,2020-01-05,,116801,436011,2
1369240,2019-12-15,2020-01-05,,116841,125670,2
1369241,2019-12-15,2020-01-05,,116843,231736,2
1369242,2019-12-15,2020-01-05,,116952,748591,2
1369243,2019-12-15,2020-01-05,,117029,312474,2
1369244,2019-12-15,2020-01-05,,117144,606322,2
1369245,2019-12-15,2020-01-05,,117147,750157,2
1369246,2019-12-15,2020-01-05,,117489,128026,2
1369247,2019-12-15,2020-01-05,,117504,119049,2
1369248,2019-12-15,2020-01-05,,117596,269754,2
1369249,2019-12-15,2020-01-05,,117864,20784,2
1369250,2019-12-15,2020-01-05,,117877,686493,2
1369251,2019-12-15,2020-01-05,,117923,93181,2
1369252,2019-12-15,2020-01-05,,117923,410723,2
1369253,2019-12-15,2020-01-05,,117923,430934,2
1369254,2019-12-15,2020-01-05,,117923,467906,2
1369255,2019-12-15,2020-01-05,,117923,477738,2
1369256,2019-12-15,2020-01-05,2019-12-30,117923,671107,1
1369257,2019-12-15,2020-01-05,,117960,918564,2
1369258,2019-12-15,2020-01-05,,118057,34337,2
1369259,2019-12-15,2020-01-05,,118103,503320,2
1369260,2019-12-15,2020-01-05,,118149,767614,2
1369261,2019-12-15,2020-01-05,,118234,350387,2
1369262,2019-12-15,2020-01-05,,118356,755310,2
1369263,2019-12-15,2020-01-05,,118406,844209,2
1369264,2019-12-15,2020-01-05,,118461,885729,2
1369265,2019-12-15,2020-01-05,,118529,664078,2
1369266,2019-12-15,2020-01-05,,118626,463753,2
1369267,2019-12-15,2020-01-05,,118626,626846,2
1369268,2019-12-15,2020-01-05,,118626,640560,2
1369269,2019-12-15,2020-01-05,,118665,621425,2
1369270,2019-12-15,2020-01-05,,118830,731952,2
1369271,2019-12-15,2020-01-05,,118884,547548,2
1369272,2019-12-15,2020-01-05,,119040,804479,2
1369273,2019-12-15,2020-01-05,,119110,288328,2
1369274,2019-12-15,2020-01-05,,119298,731838,2
1369275,2019-12-15,2020-01-05,,119436,509892,2
1369276,2019-12-15,2020-01-05,,119456,103428,2
1369277,2019-12-15,2020-01-05,,119458,111349,2
1369278,2019-12-15,2020-01-05,,119582,178305,2
1369279,2019-12-15,2020-01-05,,119747,10393,2
1369280,2019-12-15,2020-01-05,2019-12-28,119764,675922,1
1369281,2019-12-15,2020-01-05,,119827,844999,2
1369282,2019-12-15,2020-01-05,,120029,321749,2
1369283,2019-12-15,2020-01-05,,120029,832623,2
1369284,2019-12-15,2020-01-05,,120254,37430,2
1369285,2019-12-15,2020-01-05,,120359,248893,2
1369286,2019-12-15,2020-01-05,,120372,550749,2
1369287,2019-12-15,2020-01-05,,120428,642239,2
1369288,2019-12-15,2020-01-05,,120551,906378,2
1369289,2019-12-15,2020-01-05,2019-12-30,120583,541617,1
1369290,2019-12-15,2020-01-05,2019-12-28,120631,599300,1
1369291,2019-12-15,2020-01-05,,120930,727470,2
1369292,2019-12-15,2020-01-05,,120974,217102,2
1369293,2019-12-15,2020-01-05,2019-12-28,120995,440740,1
1369294,2019-12-15,2020-01-05,,121126,171181,2
1369295,2019-12-15,2020-01-05,,121221,104942,2
1369296,2019-12-15,2020-01-05,,121303,259855,2
1369297,2019-12-15,2020-01-05,,121491,69056,2
1369298,2019-12-15,2020-01-05,,121491,687626,2
1369299,2019-12-15,2020-01-05,,121498,110153,2
1369300,2019-12-15,2020-01-05,2019-12-28,121509,951698,1
1369301,2019-12-15,2020-01-05,,121557,365211,2
1369302,2019-12-15,2020-01-05,2019-12-28,122062,915252,1
1369303,2019-12-15,2020-01-05,,122144,383044,2
1369304,2019-12-15,2020-01-05,,122275,122440,2
1369305,2019-12-15,2020-01-05,,122501,610984,2
1369306,2019-12-15,2020-01-05,,122531,698946,2
1369307,2019-12-15,2020-01-05,,122531,953903,2
1369308,2019-12-15,2020-01-05,,122548,78333,2
1369309,2019-12-15,2020-01-05,,122655,569529,2
1369310,2019-12-15,2020-01-05,,122672,685302,2
1369311,2019-12-15,2020-01-05,,122714,216542,2
1369312,2019-12-15,2020-01-05,,122838,766456,2
1369313,2019-12-15,2020-01-05,,123108,489477,2
1369314,2019-12-15,2020-01-05,,123257,673313,2
1369315,2019-12-15,2020-01-05,,123752,718502,2
1369316,2019-12-15,2020-01-05,,124152,844876,2
1369317,2019-12-15,2020-01-05,,124166,683180,2
1369318,2019-12-15,2020-01-05,,124322,707938,2
1369319,2019-12-15,2020-01-05,,124505,364765,2
1369320,2019-12-15,2020-01-05,,124540,194019,2
1369321,2019-12-15,2020-01-05,,124627,673447,2
1369322,2019-12-15,2020-01-05,,124689,786248,2
1369323,2019-12-15,2020-01-05,,124706,948,2
1369324,2019-12-15,2020-01-05,,124708,608820,2
1369325,2019-12-15,2020-01-05,,124875,21120,2
1369326,2019-12-15,2020-01-05,,124941,955045,2
1369327,2019-12-15,2020-01-05,,125071,785304,2
1369328,2019-12-15,2020-01-05,,125107,870891,2
1369329,2019-12-15,2020-01-05,,125225,435023,2
1369330,2019-12-15,2020-01-05,,125247,161156,2
1369331,2019-12-15,2020-01-05,,125253,893256,2
1369332,2019-12-15,2020-01-05,,125546,119579,2
1369333,2019-12-15,2020-01-05,2019-12-27,125658,773571,1
1369334,2019-12-15,2020-01-05,,125659,202819,2
1369335,2019-12-15,2020-01-05,2019-12-30,125763,369357,1
1369336,2019-12-15,2020-01-05,,125774,849045,2
1369337,2019-12-15,2020-01-05,,126439,693590,2
1369338,2019-12-15,2020-01-05,,126667,441675,2
1369339,2019-12-15,2020-01-05,,126707,4523,2
1369340,2019-12-15,2020-01-05,,126755,720347,2
1369341,2019-12-15,2020-01-05,,126763,881472,2
1369342,2019-12-15,2020-01-05,,126838,837020,2
1369343,2019-12-15,2020-01-05,,126842,177167,2
1369344,2019-12-15,2020-01-05,,126928,289235,2
1369345,2019-12-15,2020-01-05,,126981,740288,2
1369346,2019-12-15,2020-01-05,,127263,877682,2
1369347,2019-12-15,2020-01-05,,127356,369800,2
1369348,2019-12-15,2020-01-05,,127451,849570,2
1369349,2019-12-15,2020-01-05,,127535,119794,2
1369350,2019-12-15,2020-01-05,,127579,255566,2
1369351,2019-12-15,2020-01-05,,127677,568362,2
1369352,2019-12-15,2020-01-05,,127685,580086,2
1369353,2019-12-15,2020-01-05,,127685,941861,2
1369354,2019-12-15,2020-01-05,,127797,851909,2
1369355,2019-12-15,2020-01-05,,127927,8565,2
1369356,2019-12-15,2020-01-05,,128089,175885,2
1369357,2019-12-15,2020-01-05,,128250,257067,2
1369358,2019-12-15,2020-01-05,,128364,569316,2
1369359,2019-12-15,2020-01-05,,128465,691583,2
1369360,2019-12-15,2020-01-05,,128476,918774,2
1369361,2019-12-15,2020-01-05,,128542,333654,2
1369362,2019-12-15,2020-01-05,,128722,397374,2
1369363,2019-12-15,2020-01-05,,128776,841119,2
1369364,2019-12-15,2020-01-05,,128954,930947,2
1369365,2019-12-15,2020-01-05,,129107,173649,2
1369366,2019-12-15,2020-01-05,,129132,614738,2
1369367,2019-12-15,2020-01-05,,129196,804539,2
1369368,2019-12-15,2020-01-05,,129483,286000,2
1369369,2019-12-15,2020-01-05,,129483,817429,2
1369370,2019-12-15,2020-01-05,,129503,576995,2
1369371,2019-12-15,2020-01-05,,129534,646425,2
1369372,2019-12-15,2020-01-05,,129544,252163,2
1369373,2019-12-15,2020-01-05,2019-12-30,129582,889207,1
1369374,2019-12-15,2020-01-05,,129596,435734,2
1369375,2019-12-15,2020-01-05,2019-12-31,129639,455446,1
1369376,2019-12-15,2020-01-05,,129663,619705,2
1369377,2019-12-15,2020-01-05,,129728,864333,2
1369378,2019-12-15,2020-01-05,,129877,330644,2
1369379,2019-12-15,2020-01-05,,129896,65451,2
1369380,2019-12-15,2020-01-05,,129957,663897,2
1369381,2019-12-15,2020-01-05,,130113,792109,2
1369382,2019-12-15,2020-01-05,,130113,801284,2
1369383,2019-12-15,2020-01-05,,130126,363078,2
1369384,2019-12-15,2020-01-05,,130126,597721,2
1369385,2019-12-15,2020-01-05,,130126,721140,2
1369386,2019-12-15,2020-01-05,,130173,909929,2
1369387,2019-12-15,2020-01-05,,130307,382720,2
1369388,2019-12-15,2020-01-05,,130307,686725,2
1369389,2019-12-15,2020-01-05,,130321,276333,2
1369390,2019-12-15,2020-01-05,,130413,39449,2
1369391,2019-12-15,2020-01-05,,130559,178377,2
1369392,2019-12-15,2020-01-05,,130597,693244,2
1369393,2019-12-15,2020-01-05,,130618,554348,2
1369394,2019-12-15,2020-01-05,,130673,197168,2
1369395,2019-12-15,2020-01-05,,130673,627918,2
1369396,2019-12-15,2020-01-05,,130673,864800,2
1369397,2019-12-15,2020-01-05,,130685,314859,2
1369398,2019-12-15,2020-01-05,,130799,185763,2
1369399,2019-12-15,2020-01-05,,130956,875732,2
1369400,2019-12-15,2020-01-05,2019-12-30,131036,585738,1
1369401,2019-12-15,2020-01-05,2019-12-27,131131,671229,1
1369402,2019-12-15,2020-01-05,,131524,646255,2
1369403,2019-12-15,2020-01-05,,131591,952526,2
1369404,2019-12-15,2020-01-05,,131615,572589,2
1369405,2019-12-15,2020-01-05,,131741,541276,2
1369406,2019-12-15,2020-01-05,,131968,450652,2
1369407,2019-12-15,2020-01-05,,131993,279476,2
1369408,2019-12-15,2020-01-05,,132133,447629,2
1369409,2019-12-15,2020-01-05,,132133,535562,2
1369410,2019-12-15,2020-01-05,,132133,764019,2
1369411,2019-12-15,2020-01-05,,132133,923835,2
1369412,2019-12-15,2020-01-05,2019-12-31,132138,852575,1
1369413,2019-12-15,2020-01-05,,132144,504034,2
1369414,2019-12-15,2020-01-05,,132211,277266,2
1369415,2019-12-15,2020-01-05,,132351,952208,2
1369416,2019-12-15,2020-01-05,,132516,563160,2
1369417,2019-12-15,2020-01-05,,132532,707204,2
1369418,2019-12-15,2020-01-05,,132679,848432,2
1369419,2019-12-15,2020-01-05,,132691,380240,2
1369420,2019-12-15,2020-01-05,,132820,681590,2
1369421,2019-12-15,2020-01-05,,132820,845000,2
1369422,2019-12-15,2020-01-05,,132878,546959,2
1369423,2019-12-15,2020-01-05,,132913,419622,2
1369424,2019-12-15,2020-01-05,,133090,889034,2
1369425,2019-12-15,2020-01-05,,133200,719723,2
1369426,2019-12-15,2020-01-05,,133258,145138,2
1369427,2019-12-15,2020-01-05,,133269,548556,2
1369428,2019-12-15,2020-01-05,2019-12-26,133287,323203,1
1369429,2019-12-15,2020-01-05,,133327,825344,2
1369430,2019-12-15,2020-01-05,,133445,281710,2
1369431,2019-12-15,2020-01-05,,133491,460874,2
1369432,2019-12-15,2020-01-05,,133511,761843,2
1369433,2019-12-15,2020-01-05,,133606,900562,2
1369434,2019-12-15,2020-01-05,,133623,683681,2
1369435,2019-12-15,2020-01-05,,133774,121814,2
1369436,2019-12-15,2020-01-05,,133839,312035,2
1369437,2019-12-15,2020-01-05,,133954,933921,2
1369438,2019-12-15,2020-01-05,,133984,717208,2
1369439,2019-12-15,2020-01-05,,134049,687086,2
1369440,2019-12-15,2020-01-05,,134078,609258,2
1369441,2019-12-15,2020-01-05,,134309,201669,2
1369442,2019-12-15,2020-01-05,2019-12-29,134367,471313,1
1369443,2019-12-15,2020-01-05,,134480,596068,2
1369444,2019-12-15,2020-01-05,,134560,150789,2
1369445,2019-12-15,2020-01-05,,134575,479298,2
1369446,2019-12-15,2020-01-05,,134575,923189,2
1369447,2019-12-15,2020-01-05,,134666,321666,2
1369448,2019-12-15,2020-01-05,,134687,357883,2
1369449,2019-12-15,2020-01-05,,134695,800981,2
1369450,2019-12-15,2020-01-05,,134826,81539,2
1369451,2019-12-15,2020-01-05,,134847,504916,2
1369452,2019-12-15,2020-01-05,,134946,511019,2
1369453,2019-12-15,2020-01-05,,135041,585653,2
1369454,2019-12-15,2020-01-05,,135056,475992,2
1369455,2019-12-15,2020-01-05,,135301,288301,2
1369456,2019-12-15,2020-01-05,,135630,497833,2
1369457,2019-12-15,2020-01-05,,135783,72273,2
1369458,2019-12-15,2020-01-05,,135783,299208,2
1369459,2019-12-15,2020-01-05,,135783,322234,2
1369460,2019-12-15,2020-01-05,,135862,423365,2
1369461,2019-12-15,2020-01-05,,135972,264599,2
1369462,2019-12-15,2020-01-05,,135972,322133,2
1369463,2019-12-15,2020-01-05,,136353,381823,2
1369464,2019-12-15,2020-01-05,,136353,598797,2
1369465,2019-12-15,2020-01-05,,136402,96173,2
1369466,2019-12-15,2020-01-05,,136450,104309,2
1369467,2019-12-15,2020-01-05,,136450,316026,2
1369468,2019-12-15,2020-01-05,,136450,481278,2
1369469,2019-12-15,2020-01-05,,136636,95541,2
1369470,2019-12-15,2020-01-05,,136670,567782,2
1369471,2019-12-15,2020-01-05,2019-12-30,136778,768544,1
1369472,2019-12-15,2020-01-05,,137086,847086,2
1369473,2019-12-15,2020-01-05,,137460,932739,2
1369474,2019-12-15,2020-01-05,,137470,670167,2
1369475,2019-12-15,2020-01-05,,137564,800753,2
1369476,2019-12-15,2020-01-05,,137609,306873,2
1369477,2019-12-15,2020-01-05,,137660,533415,2
1369478,2019-12-15,2020-01-05,,137733,849728,2
1369479,2019-12-15,2020-01-05,,137767,378058,2
1369480,2019-12-15,2020-01-05,,137980,56169,2
1369481,2019-12-15,2020-01-05,,138145,942377,2
1369482,2019-12-15,2020-01-05,,138587,832539,2
1369483,2019-12-15,2020-01-05,,138623,698614,2
1369484,2019-12-15,2020-01-05,,138649,737760,2
1369485,2019-12-15,2020-01-05,,138683,180301,2
1369486,2019-12-15,2020-01-05,,138694,104219,2
1369487,2019-12-15,2020-01-05,,138823,215791,2
1369488,2019-12-15,2020-01-05,,138882,364216,2
1369489,2019-12-15,2020-01-05,2019-12-26,139013,199169,1
1369490,2019-12-15,2020-01-05,2019-12-30,139032,721737,1
1369491,2019-12-15,2020-01-05,,139041,645838,2
1369492,2019-12-15,2020-01-05,,139196,884335,2
1369493,2019-12-15,2020-01-05,2019-12-27,139477,722542,1
1369494,2019-12-15,2020-01-05,,139551,216295,2
1369495,2019-12-15,2020-01-05,,139664,80470,2
1369496,2019-12-15,2020-01-05,,139699,145743,2
1369497,2019-12-15,2020-01-05,,139901,584184,2
1369498,2019-12-15,2020-01-05,,139905,572840,2
1369499,2019-12-15,2020-01-05,,139930,336243,2
1369500,2019-12-15,2020-01-05,,139947,74405,2
1369501,2019-12-15,2020-01-05,,140068,573767,2
1369502,2019-12-15,2020-01-05,,140181,332014,2
1369503,2019-12-15,2020-01-05,,140192,138530,2
1369504,2019-12-15,2020-01-05,,140196,533650,2
1369505,2019-12-15,2020-01-05,,140252,6470,2
1369506,2019-12-15,2020-01-05,,140291,558923,2
1369507,2019-12-15,2020-01-05,,140291,618262,2
1369508,2019-12-15,2020-01-05,,140436,232880,2
1369509,2019-12-15,2020-01-05,,140816,230495,2
1369510,2019-12-15,2020-01-05,,141015,786258,2
1369511,2019-12-15,2020-01-05,,141149,796515,2
1369512,2019-12-15,2020-01-05,,141156,452120,2
1369513,2019-12-15,2020-01-05,,141428,331770,2
1369514,2019-12-15,2020-01-05,,141428,549575,2
1369515,2019-12-15,2020-01-05,,141428,676273,2
1369516,2019-12-15,2020-01-05,,141437,460296,2
1369517,2019-12-15,2020-01-05,,141621,726945,2
1369518,2019-12-15,2020-01-05,,141705,116140,2
1369519,2019-12-15,2020-01-05,,141853,106066,2
1369520,2019-12-15,2020-01-05,,141893,202901,2
1369521,2019-12-15,2020-01-05,,141901,322895,2
1369522,2019-12-15,2020-01-05,,141901,397579,2
1369523,2019-12-15,2020-01-05,,141977,918003,2
1369524,2019-12-15,2020-01-05,,142332,382795,2
1369525,2019-12-15,2020-01-05,,142332,621742,2
1369526,2019-12-15,2020-01-05,,142346,348505,2
1369527,2019-12-15,2020-01-05,,142359,357798,2
1369528,2019-12-15,2020-01-05,,142484,346853,2
1369529,2019-12-15,2020-01-05,,142574,444147,2
1369530,2019-12-15,2020-01-05,,142705,518839,2
1369531,2019-12-15,2020-01-05,,142898,624340,2
1369532,2019-12-15,2020-01-05,,142912,104220,2
1369533,2019-12-15,2020-01-05,,142914,634686,2
1369534,2019-12-15,2020-01-05,,142971,554007,2
1369535,2019-12-15,2020-01-05,,143013,535914,2
1369536,2019-12-15,2020-01-05,,143026,653761,2
1369537,2019-12-15,2020-01-05,,143111,442633,2
1369538,2019-12-15,2020-01-05,,143227,198845,2
1369539,2019-12-15,2020-01-05,,143264,418673,2
1369540,2019-12-15,2020-01-05,,143338,405115,2
1369541,2019-12-15,2020-01-05,,143338,608632,2
1369542,2019-12-15,2020-01-05,,143451,408322,2
1369543,2019-12-15,2020-01-05,,143531,445880,2
1369544,2019-12-15,2020-01-05,,143598,873505,2
1369545,2019-12-15,2020-01-05,,143640,729742,2
1369546,2019-12-15,2020-01-05,2019-12-29,143713,109632,1
1369547,2019-12-15,2020-01-05,,143713,132778,2
1369548,2019-12-15,2020-01-05,,143795,233686,2
1369549,2019-12-15,2020-01-05,,143795,689152,2
1369550,2019-12-15,2020-01-05,2019-12-30,143807,297625,1
1369551,2019-12-15,2020-01-05,,143807,329849,2
1369552,2019-12-15,2020-01-05,,143845,707205,2
1369553,2019-12-15,2020-01-05,2019-12-26,143979,752293,1
1369554,2019-12-15,2020-01-05,,143979,891115,2
1369555,2019-12-15,2020-01-05,,144087,944880,2
1369556,2019-12-15,2020-01-05,,144197,446323,2
1369557,2019-12-15,2020-01-05,,144225,299958,2
1369558,2019-12-15,2020-01-05,,144480,696796,2
1369559,2019-12-15,2020-01-05,,144862,23299,2
1369560,2019-12-15,2020-01-05,,144991,61563,2
1369561,2019-12-15,2020-01-05,,145008,918524,2
1369562,2019-12-15,2020-01-05,,145369,848314,2
1369563,2019-12-15,2020-01-05,,145380,214200,2
1369564,2019-12-15,2020-01-05,,145397,747818,2
1369565,2019-12-15,2020-01-05,,145437,354269,2
1369566,2019-12-15,2020-01-05,,145593,916886,2
1369567,2019-12-15,2020-01-05,,145706,94474,2
1369568,2019-12-15,2020-01-05,,145887,601990,2
1369569,2019-12-15,2020-01-05,,145939,586160,2
1369570,2019-12-15,2020-01-05,,146019,107114,2
1369571,2019-12-15,2020-01-05,,146282,92983,2
1369572,2019-12-15,2020-01-05,,146416,649889,2
1369573,2019-12-15,2020-01-05,2019-12-28,146637,21912,1
1369574,2019-12-15,2020-01-05,,146688,237381,2
1369575,2019-12-15,2020-01-05,2019-12-30,146730,88524,1
1369576,2019-12-15,2020-01-05,,147000,235868,2
1369577,2019-12-15,2020-01-05,,147184,471017,2
1369578,2019-12-15,2020-01-05,,147391,728885,2
1369579,2019-12-15,2020-01-05,,147430,852374,2
1369580,2019-12-15,2020-01-05,,147495,397290,2
1369581,2019-12-15,2020-01-05,,147704,653569,2
1369582,2019-12-15,2020-01-05,,147823,1014,2
1369583,2019-12-15,2020-01-05,2019-12-28,147844,311188,1
1369584,2019-12-15,2020-01-05,,147854,115997,2
1369585,2019-12-15,2020-01-05,,147998,818489,2
1369586,2019-12-15,2020-01-05,,148065,48493,2
1369587,2019-12-15,2020-01-05,,148347,694505,2
1369588,2019-12-15,2020-01-05,,148353,369645,2
1369589,2019-12-15,2020-01-05,,148479,430733,2
1369590,2019-12-15,2020-01-05,2019-12-30,148503,1506,1
1369591,2019-12-15,2020-01-05,,148539,648407,2
1369592,2019-12-15,2020-01-05,2019-12-29,148640,640823,1
1369593,2019-12-15,2020-01-05,,148681,151376,2
1369594,2019-12-15,2020-01-05,,148681,311855,2
1369595,2019-12-15,2020-01-05,,148681,334962,2
1369596,2019-12-15,2020-01-05,,148681,864783,2
1369597,2019-12-15,2020-01-05,,149025,579029,2
1369598,2019-12-15,2020-01-05,,149060,80811,2
1369599,2019-12-15,2020-01-05,,149129,395233,2
1369600,2019-12-15,2020-01-05,,149130,782129,2
1369601,2019-12-15,2020-01-05,,149299,282141,2
1369602,2019-12-15,2020-01-05,,149481,699721,2
1369603,2019-12-15,2020-01-05,,149497,845703,2
1369604,2019-12-15,2020-01-05,,149532,168795,2
1369605,2019-12-15,2020-01-05,,149707,19779,2
1369606,2019-12-15,2020-01-05,,149719,910317,2
1369607,2019-12-15,2020-01-05,,149811,546915,2
1369608,2019-12-15,2020-01-05,,149811,879686,2
1369609,2019-12-15,2020-01-05,2019-12-31,149866,705860,1
1369610,2019-12-15,2020-01-05,,150041,948081,2
1369611,2019-12-15,2020-01-05,2019-12-27,150078,685990,1
1369612,2019-12-15,2020-01-05,,150228,89074,2
1369613,2019-12-15,2020-01-05,,150245,58324,2
1369614,2019-12-15,2020-01-05,,150245,97931,2
1369615,2019-12-15,2020-01-05,,150245,162260,2
1369616,2019-12-15,2020-01-05,,150245,344119,2
1369617,2019-12-15,2020-01-05,,150245,881133,2
1369618,2019-12-15,2020-01-05,,150280,241234,2
1369619,2019-12-15,2020-01-05,2019-12-30,150282,368808,1
1369620,2019-12-15,2020-01-05,2019-12-31,150282,556720,1
1369621,2019-12-15,2020-01-05,,150383,519561,2
1369622,2019-12-15,2020-01-05,,150549,51031,2
1369623,2019-12-15,2020-01-05,,150709,678586,2
1369624,2019-12-15,2020-01-05,,150755,95175,2
1369625,2019-12-15,2020-01-05,,150822,144400,2
1369626,2019-12-15,2020-01-05,,150894,692055,2
1369627,2019-12-15,2020-01-05,,150969,59361,2
1369628,2019-12-15,2020-01-05,,151252,666944,2
1369629,2019-12-15,2020-01-05,2019-12-26,151253,428472,1
1369630,2019-12-15,2020-01-05,,151324,205223,2
1369631,2019-12-15,2020-01-05,,151352,213124,2
1369632,2019-12-15,2020-01-05,,151821,580454,2
1369633,2019-12-15,2020-01-05,,152015,265338,2
1369634,2019-12-15,2020-01-05,,152119,164559,2
1369635,2019-12-15,2020-01-05,,152123,242209,2
1369636,2019-12-15,2020-01-05,,152158,118216,2
1369637,2019-12-15,2020-01-05,,152294,869046,2
1369638,2019-12-15,2020-01-05,,152412,51332,2
1369639,2019-12-15,2020-01-05,,152534,827981,2
1369640,2019-12-15,2020-01-05,,152669,757951,2
1369641,2019-12-15,2020-01-05,,152684,48400,2
1369642,2019-12-15,2020-01-05,,152694,101306,2
1369643,2019-12-15,2020-01-05,2019-12-29,152694,173189,1
1369644,2019-12-15,2020-01-05,,152694,198277,2
1369645,2019-12-15,2020-01-05,2019-12-30,152694,278695,1
1369646,2019-12-15,2020-01-05,,152694,335885,2
1369647,2019-12-15,2020-01-05,,152694,545701,2
1369648,2019-12-15,2020-01-05,,152694,787005,2
1369649,2019-12-15,2020-01-05,,152694,848315,2
1369650,2019-12-15,2020-01-05,,152932,104362,2
1369651,2019-12-15,2020-01-05,,152958,508488,2
1369652,2019-12-15,2020-01-05,,153272,104763,2
1369653,2019-12-15,2020-01-05,,153344,902616,2
1369654,2019-12-15,2020-01-05,,153394,808647,2
1369655,2019-12-15,2020-01-05,,153731,127857,2
1369656,2019-12-15,2020-01-05,,153772,699011,2
1369657,2019-12-15,2020-01-05,,153810,750711,2
1369658,2019-12-15,2020-01-05,,153842,451366,2
1369659,2019-12-15,2020-01-05,,153983,76958,2
1369660,2019-12-15,2020-01-05,,154168,653831,2
1369661,2019-12-15,2020-01-05,,154181,743512,2
1369662,2019-12-15,2020-01-05,,154320,281672,2
1369663,2019-12-15,2020-01-05,,154325,238428,2
1369664,2019-12-15,2020-01-05,,154389,204109,2
1369665,2019-12-15,2020-01-05,,154405,861164,2
1369666,2019-12-15,2020-01-05,,154435,34386,2
1369667,2019-12-15,2020-01-05,,154563,311201,2
1369668,2019-12-15,2020-01-05,,154563,833786,2
1369669,2019-12-15,2020-01-05,,154640,562393,2
1369670,2019-12-15,2020-01-05,,154763,756509,2
1369671,2019-12-15,2020-01-05,,154902,943797,2
1369672,2019-12-15,2020-01-05,,154972,234533,2
1369673,2019-12-15,2020-01-05,,155145,337794,2
1369674,2019-12-15,2020-01-05,,155215,105979,2
1369675,2019-12-15,2020-01-05,,155215,554051,2
1369676,2019-12-15,2020-01-05,,155343,244169,2
1369677,2019-12-15,2020-01-05,,155568,532563,2
1369678,2019-12-15,2020-01-05,,155568,605528,2
1369679,2019-12-15,2020-01-05,2019-12-31,155704,955398,1
1369680,2019-12-15,2020-01-05,,155840,829325,2
1369681,2019-12-15,2020-01-05,,155898,277625,2
1369682,2019-12-15,2020-01-05,,156203,764454,2
1369683,2019-12-15,2020-01-05,,156273,272948,2
1369684,2019-12-15,2020-01-05,,156315,91878,2
1369685,2019-12-15,2020-01-05,2019-12-29,156413,494800,1
1369686,2019-12-15,2020-01-05,,156456,467910,2
1369687,2019-12-15,2020-01-05,,156493,368677,2
1369688,2019-12-15,2020-01-05,2019-12-26,156493,564818,1
1369689,2019-12-15,2020-01-05,2019-12-28,156493,883013,1
1369690,2019-12-15,2020-01-05,,156786,571418,2
1369691,2019-12-15,2020-01-05,,156856,222189,2
1369692,2019-12-15,2020-01-05,,156912,476019,2
1369693,2019-12-15,2020-01-05,,156912,539260,2
1369694,2019-12-15,2020-01-05,2019-12-28,156912,770795,1
1369695,2019-12-15,2020-01-05,,156979,61789,2
1369696,2019-12-15,2020-01-05,,157040,832540,2
1369697,2019-12-15,2020-01-05,,157145,254675,2
1369698,2019-12-15,2020-01-05,,157179,333520,2
1369699,2019-12-15,2020-01-05,,157272,87274,2
1369700,2019-12-15,2020-01-05,,157380,705828,2
1369701,2019-12-15,2020-01-05,,157481,864811,2
1369702,2019-12-15,2020-01-05,,157481,937629,2
1369703,2019-12-15,2020-01-05,,157549,511118,2
1369704,2019-12-15,2020-01-05,,157694,383587,2
1369705,2019-12-15,2020-01-05,,157697,742844,2
1369706,2019-12-15,2020-01-05,,157830,873209,2
1369707,2019-12-15,2020-01-05,,157952,147561,2
1369708,2019-12-15,2020-01-05,,158007,683181,2
1369709,2019-12-15,2020-01-05,,158120,240562,2
1369710,2019-12-15,2020-01-05,,158120,899007,2
1369711,2019-12-15,2020-01-05,,158213,384887,2
1369712,2019-12-15,2020-01-05,,158384,381195,2
1369713,2019-12-15,2020-01-05,2019-12-30,158611,117640,1
1369714,2019-12-15,2020-01-05,,158611,714630,2
1369715,2019-12-15,2020-01-05,2019-12-30,158697,442697,1
1369716,2019-12-15,2020-01-05,,158761,224482,2
1369717,2019-12-15,2020-01-05,,158801,23211,2
1369718,2019-12-15,2020-01-05,,158831,13098,2
1369719,2019-12-15,2020-01-05,,158831,279601,2
1369720,2019-12-15,2020-01-05,,159089,772822,2
1369721,2019-12-15,2020-01-05,,159397,42723,2
1369722,2019-12-15,2020-01-05,,159595,575287,2
1369723,2019-12-16,2020-01-06,,21,517055,2
1369724,2019-12-16,2020-01-06,2019-12-31,36,289893,1
1369725,2019-12-16,2020-01-06,,46,259329,2
1369726,2019-12-16,2020-01-06,2019-12-31,51,945846,1
1369727,2019-12-16,2020-01-06,,106,606377,2
1369728,2019-12-16,2020-01-06,,109,560783,2
1369729,2019-12-16,2020-01-06,,156,72155,2
1369730,2019-12-16,2020-01-06,,275,80656,2
1369731,2019-12-16,2020-01-06,2019-12-31,275,440723,1
1369732,2019-12-16,2020-01-06,,275,462792,2
1369733,2019-12-16,2020-01-06,2019-12-29,275,820787,1
1369734,2019-12-16,2020-01-06,,275,843285,2
1369735,2019-12-16,2020-01-06,,323,703853,2
1369736,2019-12-16,2020-01-06,,340,718089,2
1369737,2019-12-16,2020-01-06,,631,707240,2
1369738,2019-12-16,2020-01-06,,761,928429,2
1369739,2019-12-16,2020-01-06,,807,171874,2
1369740,2019-12-16,2020-01-06,,886,366660,2
1369741,2019-12-16,2020-01-06,,886,415717,2
1369742,2019-12-16,2020-01-06,,886,610285,2
1369743,2019-12-16,2020-01-06,,886,661508,2
1369744,2019-12-16,2020-01-06,,886,742666,2
1369745,2019-12-16,2020-01-06,,886,872431,2
1369746,2019-12-16,2020-01-06,,941,44952,2
1369747,2019-12-16,2020-01-06,,1081,240534,2
1369748,2019-12-16,2020-01-06,2019-12-31,1081,759745,1
1369749,2019-12-16,2020-01-06,,1739,445438,2
1369750,2019-12-16,2020-01-06,,1739,460286,2
1369751,2019-12-16,2020-01-06,,1739,851785,2
1369752,2019-12-16,2020-01-06,,1854,517605,2
1369753,2019-12-16,2020-01-06,,2090,104171,2
1369754,2019-12-16,2020-01-06,2019-12-30,2345,151392,1
1369755,2019-12-16,2020-01-06,,2374,244797,2
1369756,2019-12-16,2020-01-06,,2471,437841,2
1369757,2019-12-16,2020-01-06,,2489,605298,2
1369758,2019-12-16,2020-01-06,,2845,612841,2
1369759,2019-12-16,2020-01-06,,2907,243858,2
1369760,2019-12-16,2020-01-06,,3191,248220,2
1369761,2019-12-16,2020-01-06,,3225,674193,2
1369762,2019-12-16,2020-01-06,,3243,577241,2
1369763,2019-12-16,2020-01-06,,3358,484331,2
1369764,2019-12-16,2020-01-06,,3420,764538,2
1369765,2019-12-16,2020-01-06,,3559,234514,2
1369766,2019-12-16,2020-01-06,,3588,818250,2
1369767,2019-12-16,2020-01-06,2019-12-28,3607,512282,1
1369768,2019-12-16,2020-01-06,,3819,237985,2
1369769,2019-12-16,2020-01-06,,3819,945625,2
1369770,2019-12-16,2020-01-06,,3836,779217,2
1369771,2019-12-16,2020-01-06,,4056,182636,2
1369772,2019-12-16,2020-01-06,,4076,188358,2
1369773,2019-12-16,2020-01-06,,4151,681483,2
1369774,2019-12-16,2020-01-06,,4273,838606,2
1369775,2019-12-16,2020-01-06,,4403,815254,2
1369776,2019-12-16,2020-01-06,,4479,359007,2
1369777,2019-12-16,2020-01-06,,4545,878661,2
1369778,2019-12-16,2020-01-06,2019-12-31,4683,73834,1
1369779,2019-12-16,2020-01-06,,4756,561293,2
1369780,2019-12-16,2020-01-06,,4858,147636,2
1369781,2019-12-16,2020-01-06,2019-12-31,4858,241327,1
1369782,2019-12-16,2020-01-06,,4858,668560,2
1369783,2019-12-16,2020-01-06,,5056,25642,2
1369784,2019-12-16,2020-01-06,,5094,618021,2
1369785,2019-12-16,2020-01-06,,5577,138535,2
1369786,2019-12-16,2020-01-06,,5637,428970,2
1369787,2019-12-16,2020-01-06,,5654,804000,2
1369788,2019-12-16,2020-01-06,,5688,604060,2
1369789,2019-12-16,2020-01-06,,5754,955992,2
1369790,2019-12-16,2020-01-06,,5756,753198,2
1369791,2019-12-16,2020-01-06,,5870,837204,2
1369792,2019-12-16,2020-01-06,2019-12-30,6006,95272,1
1369793,2019-12-16,2020-01-06,,6062,533151,2
1369794,2019-12-16,2020-01-06,,6236,552372,2
1369795,2019-12-16,2020-01-06,,6359,34713,2
1369796,2019-12-16,2020-01-06,,6477,675827,2
1369797,2019-12-16,2020-01-06,,6477,815315,2
1369798,2019-12-16,2020-01-06,,6477,889453,2
1369799,2019-12-16,2020-01-06,,6517,183847,2
1369800,2019-12-16,2020-01-06,,6517,340641,2
1369801,2019-12-16,2020-01-06,,6563,298820,2
1369802,2019-12-16,2020-01-06,,6563,703722,2
1369803,2019-12-16,2020-01-06,,6619,178052,2
1369804,2019-12-16,2020-01-06,,6619,736267,2
1369805,2019-12-16,2020-01-06,2019-12-31,6708,707246,1
1369806,2019-12-16,2020-01-06,,6725,633346,2
1369807,2019-12-16,2020-01-06,,6725,867511,2
1369808,2019-12-16,2020-01-06,,6773,905978,2
1369809,2019-12-16,2020-01-06,,6854,213490,2
1369810,2019-12-16,2020-01-06,,6882,304902,2
1369811,2019-12-16,2020-01-06,,7150,864907,2
1369812,2019-12-16,2020-01-06,,7203,667791,2
1369813,2019-12-16,2020-01-06,,7312,82083,2
1369814,2019-12-16,2020-01-06,,7486,927237,2
1369815,2019-12-16,2020-01-06,,8057,432608,2
1369816,2019-12-16,2020-01-06,,8064,936120,2
1369817,2019-12-16,2020-01-06,,8194,579952,2
1369818,2019-12-16,2020-01-06,,8236,192080,2
1369819,2019-12-16,2020-01-06,,8245,315378,2
1369820,2019-12-16,2020-01-06,,8330,173687,2
1369821,2019-12-16,2020-01-06,,8453,424244,2
1369822,2019-12-16,2020-01-06,,8466,104221,2
1369823,2019-12-16,2020-01-06,,8805,912281,2
1369824,2019-12-16,2020-01-06,,8848,440255,2
1369825,2019-12-16,2020-01-06,,9015,434657,2
1369826,2019-12-16,2020-01-06,,9294,664837,2
1369827,2019-12-16,2020-01-06,,9577,510550,2
1369828,2019-12-16,2020-01-06,,9754,189490,2
1369829,2019-12-16,2020-01-06,,9788,225722,2
1369830,2019-12-16,2020-01-06,,10028,401666,2
1369831,2019-12-16,2020-01-06,,10077,613577,2
1369832,2019-12-16,2020-01-06,,10185,315753,2
1369833,2019-12-16,2020-01-06,,10216,803604,2
1369834,2019-12-16,2020-01-06,,10220,219994,2
1369835,2019-12-16,2020-01-06,,10316,841597,2
1369836,2019-12-16,2020-01-06,,10383,732850,2
1369837,2019-12-16,2020-01-06,2019-12-27,10432,422779,1
1369838,2019-12-16,2020-01-06,,10458,564373,2
1369839,2019-12-16,2020-01-06,,10493,708226,2
1369840,2019-12-16,2020-01-06,,10556,487548,2
1369841,2019-12-16,2020-01-06,,10558,104222,2
1369842,2019-12-16,2020-01-06,,10602,102527,2
1369843,2019-12-16,2020-01-06,,10624,719306,2
1369844,2019-12-16,2020-01-06,,10779,23586,2
1369845,2019-12-16,2020-01-06,,10996,680562,2
1369846,2019-12-16,2020-01-06,,11181,452075,2
1369847,2019-12-16,2020-01-06,,11227,351389,2
1369848,2019-12-16,2020-01-06,,11239,496440,2
1369849,2019-12-16,2020-01-06,,11253,177709,2
1369850,2019-12-16,2020-01-06,,11381,23002,2
1369851,2019-12-16,2020-01-06,,11381,786103,2
1369852,2019-12-16,2020-01-06,,11408,917563,2
1369853,2019-12-16,2020-01-06,,11424,19753,2
1369854,2019-12-16,2020-01-06,,11425,299961,2
1369855,2019-12-16,2020-01-06,,11431,526710,2
1369856,2019-12-16,2020-01-06,,11542,722631,2
1369857,2019-12-16,2020-01-06,,11667,713843,2
1369858,2019-12-16,2020-01-06,,11854,840738,2
1369859,2019-12-16,2020-01-06,,12039,366508,2
1369860,2019-12-16,2020-01-06,,12097,897363,2
1369861,2019-12-16,2020-01-06,,12428,561989,2
1369862,2019-12-16,2020-01-06,,12455,372601,2
1369863,2019-12-16,2020-01-06,,12707,17732,2
1369864,2019-12-16,2020-01-06,,12707,653446,2
1369865,2019-12-16,2020-01-06,,12714,30386,2
1369866,2019-12-16,2020-01-06,,12724,271613,2
1369867,2019-12-16,2020-01-06,,12767,558968,2
1369868,2019-12-16,2020-01-06,,12846,726701,2
1369869,2019-12-16,2020-01-06,2019-12-28,12931,777392,1
1369870,2019-12-16,2020-01-06,,12977,911941,2
1369871,2019-12-16,2020-01-06,,13029,203458,2
1369872,2019-12-16,2020-01-06,,13029,508578,2
1369873,2019-12-16,2020-01-06,,13029,760592,2
1369874,2019-12-16,2020-01-06,,13127,600169,2
1369875,2019-12-16,2020-01-06,,13282,581151,2
1369876,2019-12-16,2020-01-06,,13340,288341,2
1369877,2019-12-16,2020-01-06,,13472,898354,2
1369878,2019-12-16,2020-01-06,,13499,254198,2
1369879,2019-12-16,2020-01-06,,13561,418498,2
1369880,2019-12-16,2020-01-06,,13788,433701,2
1369881,2019-12-16,2020-01-06,,13851,196761,2
1369882,2019-12-16,2020-01-06,,13887,154130,2
1369883,2019-12-16,2020-01-06,,13894,797551,2
1369884,2019-12-16,2020-01-06,,14033,607801,2
1369885,2019-12-16,2020-01-06,,14141,909296,2
1369886,2019-12-16,2020-01-06,,14179,478848,2
1369887,2019-12-16,2020-01-06,,14270,709290,2
1369888,2019-12-16,2020-01-06,,14296,105893,2
1369889,2019-12-16,2020-01-06,,14369,673343,2
1369890,2019-12-16,2020-01-06,,14369,926969,2
1369891,2019-12-16,2020-01-06,,14440,466681,2
1369892,2019-12-16,2020-01-06,,14631,853784,2
1369893,2019-12-16,2020-01-06,2019-12-30,14664,137311,1
1369894,2019-12-16,2020-01-06,,14864,101543,2
1369895,2019-12-16,2020-01-06,,14864,322896,2
1369896,2019-12-16,2020-01-06,2019-12-30,14864,608629,1
1369897,2019-12-16,2020-01-06,,14864,705636,2
1369898,2019-12-16,2020-01-06,,14864,900849,2
1369899,2019-12-16,2020-01-06,,14867,888315,2
1369900,2019-12-16,2020-01-06,,14910,669552,2
1369901,2019-12-16,2020-01-06,2019-12-31,14931,77177,1
1369902,2019-12-16,2020-01-06,,14985,2422,2
1369903,2019-12-16,2020-01-06,,15210,391685,2
1369904,2019-12-16,2020-01-06,,15506,46526,2
1369905,2019-12-16,2020-01-06,,15506,130015,2
1369906,2019-12-16,2020-01-06,,15506,204422,2
1369907,2019-12-16,2020-01-06,,15506,262302,2
1369908,2019-12-16,2020-01-06,,15506,494901,2
1369909,2019-12-16,2020-01-06,,15506,641345,2
1369910,2019-12-16,2020-01-06,,15835,201478,2
1369911,2019-12-16,2020-01-06,,15835,216848,2
1369912,2019-12-16,2020-01-06,,15951,606636,2
1369913,2019-12-16,2020-01-06,,16006,861339,2
1369914,2019-12-16,2020-01-06,,16159,164316,2
1369915,2019-12-16,2020-01-06,,16198,519742,2
1369916,2019-12-16,2020-01-06,2019-12-27,16233,927012,1
1369917,2019-12-16,2020-01-06,,16289,106667,2
1369918,2019-12-16,2020-01-06,,16348,793242,2
1369919,2019-12-16,2020-01-06,,16356,934853,2
1369920,2019-12-16,2020-01-06,,16405,86734,2
1369921,2019-12-16,2020-01-06,,16405,951917,2
1369922,2019-12-16,2020-01-06,,16519,31637,2
1369923,2019-12-16,2020-01-06,,16519,42208,2
1369924,2019-12-16,2020-01-06,,16536,863707,2
1369925,2019-12-16,2020-01-06,,16570,880818,2
1369926,2019-12-16,2020-01-06,,16698,105730,2
1369927,2019-12-16,2020-01-06,,16894,720460,2
1369928,2019-12-16,2020-01-06,,16938,467517,2
1369929,2019-12-16,2020-01-06,,17151,841969,2
1369930,2019-12-16,2020-01-06,,17155,634680,2
1369931,2019-12-16,2020-01-06,,17277,16087,2
1369932,2019-12-16,2020-01-06,,17277,92333,2
1369933,2019-12-16,2020-01-06,,17277,506674,2
1369934,2019-12-16,2020-01-06,,17277,641800,2
1369935,2019-12-16,2020-01-06,,17277,897097,2
1369936,2019-12-16,2020-01-06,,17352,191400,2
1369937,2019-12-16,2020-01-06,,17521,278999,2
1369938,2019-12-16,2020-01-06,,17522,912984,2
1369939,2019-12-16,2020-01-06,,17576,645614,2
1369940,2019-12-16,2020-01-06,,17612,923190,2
1369941,2019-12-16,2020-01-06,2019-12-27,17619,432267,1
1369942,2019-12-16,2020-01-06,,17634,452911,2
1369943,2019-12-16,2020-01-06,,17708,588351,2
1369944,2019-12-16,2020-01-06,2019-12-27,18095,648542,1
1369945,2019-12-16,2020-01-06,,18123,620413,2
1369946,2019-12-16,2020-01-06,,18145,647858,2
1369947,2019-12-16,2020-01-06,,18162,423577,2
1369948,2019-12-16,2020-01-06,,18192,565820,2
1369949,2019-12-16,2020-01-06,,18204,382296,2
1369950,2019-12-16,2020-01-06,,18505,890325,2
1369951,2019-12-16,2020-01-06,2019-12-30,18520,818090,1
1369952,2019-12-16,2020-01-06,,18725,574742,2
1369953,2019-12-16,2020-01-06,,18817,617185,2
1369954,2019-12-16,2020-01-06,2019-12-27,18877,867286,1
1369955,2019-12-16,2020-01-06,2019-12-31,18928,918813,1
1369956,2019-12-16,2020-01-06,,18940,542606,2
1369957,2019-12-16,2020-01-06,,18976,96500,2
1369958,2019-12-16,2020-01-06,,19196,922971,2
1369959,2019-12-16,2020-01-06,,19379,224335,2
1369960,2019-12-16,2020-01-06,,19534,478880,2
1369961,2019-12-16,2020-01-06,,19537,375051,2
1369962,2019-12-16,2020-01-06,,19564,325718,2
1369963,2019-12-16,2020-01-06,,19582,511301,2
1369964,2019-12-16,2020-01-06,,19784,473969,2
1369965,2019-12-16,2020-01-06,,19808,252895,2
1369966,2019-12-16,2020-01-06,,19849,576694,2
1369967,2019-12-16,2020-01-06,,19923,278507,2
1369968,2019-12-16,2020-01-06,,19937,454397,2
1369969,2019-12-16,2020-01-06,,19964,504854,2
1369970,2019-12-16,2020-01-06,2019-12-27,19964,613974,1
1369971,2019-12-16,2020-01-06,,19964,852383,2
1369972,2019-12-16,2020-01-06,,20014,221989,2
1369973,2019-12-16,2020-01-06,,20055,602202,2
1369974,2019-12-16,2020-01-06,,20306,234904,2
1369975,2019-12-16,2020-01-06,,20396,524880,2
1369976,2019-12-16,2020-01-06,,20421,520708,2
1369977,2019-12-16,2020-01-06,,20446,133299,2
1369978,2019-12-16,2020-01-06,,21029,862626,2
1369979,2019-12-16,2020-01-06,,21131,422780,2
1369980,2019-12-16,2020-01-06,,21247,568480,2
1369981,2019-12-16,2020-01-06,,21474,691954,2
1369982,2019-12-16,2020-01-06,,21554,470788,2
1369983,2019-12-16,2020-01-06,,21690,908704,2
1369984,2019-12-16,2020-01-06,,21888,290021,2
1369985,2019-12-16,2020-01-06,2019-12-31,21955,305894,1
1369986,2019-12-16,2020-01-06,,22301,405393,2
1369987,2019-12-16,2020-01-06,,22318,556731,2
1369988,2019-12-16,2020-01-06,,22346,441089,2
1369989,2019-12-16,2020-01-06,,22346,748544,2
1369990,2019-12-16,2020-01-06,,22346,774759,2
1369991,2019-12-16,2020-01-06,,22661,569908,2
1369992,2019-12-16,2020-01-06,,22685,624927,2
1369993,2019-12-16,2020-01-06,,22698,519656,2
1369994,2019-12-16,2020-01-06,,22843,706124,2
1369995,2019-12-16,2020-01-06,,22913,755291,2
1369996,2019-12-16,2020-01-06,,23038,581053,2
1369997,2019-12-16,2020-01-06,,23178,99535,2
1369998,2019-12-16,2020-01-06,,23450,194446,2
1369999,2019-12-16,2020-01-06,,23602,4528,2
1370000,2019-12-16,2020-01-06,2019-12-30,23602,105246,1
1370001,2019-12-16,2020-01-06,,23602,273968,2
1370002,2019-12-16,2020-01-06,,23650,485077,2
1370003,2019-12-16,2020-01-06,2019-12-29,23763,757042,1
1370004,2019-12-16,2020-01-06,,23822,697424,2
1370005,2019-12-16,2020-01-06,,23902,56335,2
1370006,2019-12-16,2020-01-06,,23915,306365,2
1370007,2019-12-16,2020-01-06,,23966,167464,2
1370008,2019-12-16,2020-01-06,,24055,877884,2
1370009,2019-12-16,2020-01-06,,24219,103944,2
1370010,2019-12-16,2020-01-06,,24219,688371,2
1370011,2019-12-16,2020-01-06,,24438,694670,2
1370012,2019-12-16,2020-01-06,,24453,481185,2
1370013,2019-12-16,2020-01-06,,24538,484880,2
1370014,2019-12-16,2020-01-06,,24545,936206,2
1370015,2019-12-16,2020-01-06,,24604,461302,2
1370016,2019-12-16,2020-01-06,,24684,602885,2
1370017,2019-12-16,2020-01-06,,24769,745409,2
1370018,2019-12-16,2020-01-06,,24795,117050,2
1370019,2019-12-16,2020-01-06,,24850,14837,2
1370020,2019-12-16,2020-01-06,2019-12-31,24850,922872,1
1370021,2019-12-16,2020-01-06,,24921,309903,2
1370022,2019-12-16,2020-01-06,,24921,705754,2
1370023,2019-12-16,2020-01-06,,24921,782111,2
1370024,2019-12-16,2020-01-06,,24936,412333,2
1370025,2019-12-16,2020-01-06,,25046,10666,2
1370026,2019-12-16,2020-01-06,,25186,656236,2
1370027,2019-12-16,2020-01-06,,25203,699903,2
1370028,2019-12-16,2020-01-06,,25414,783043,2
1370029,2019-12-16,2020-01-06,,25829,367893,2
1370030,2019-12-16,2020-01-06,,25840,867578,2
1370031,2019-12-16,2020-01-06,,25944,851967,2
1370032,2019-12-16,2020-01-06,,26160,154171,2
1370033,2019-12-16,2020-01-06,,26431,539127,2
1370034,2019-12-16,2020-01-06,,26500,179888,2
1370035,2019-12-16,2020-01-06,,26522,313113,2
1370036,2019-12-16,2020-01-06,,26671,41239,2
1370037,2019-12-16,2020-01-06,,26708,248706,2
1370038,2019-12-16,2020-01-06,,26708,842206,2
1370039,2019-12-16,2020-01-06,,26708,934200,2
1370040,2019-12-16,2020-01-06,,26724,418894,2
1370041,2019-12-16,2020-01-06,,26724,947794,2
1370042,2019-12-16,2020-01-06,,26741,62364,2
1370043,2019-12-16,2020-01-06,,26741,425060,2
1370044,2019-12-16,2020-01-06,,26741,448799,2
1370045,2019-12-16,2020-01-06,,26827,340749,2
1370046,2019-12-16,2020-01-06,,27296,22697,2
1370047,2019-12-16,2020-01-06,,27530,435131,2
1370048,2019-12-16,2020-01-06,,27570,826752,2
1370049,2019-12-16,2020-01-06,,27642,769811,2
1370050,2019-12-16,2020-01-06,2019-12-29,27684,550312,1
1370051,2019-12-16,2020-01-06,,27684,868853,2
1370052,2019-12-16,2020-01-06,,27802,687014,2
1370053,2019-12-16,2020-01-06,,27946,128718,2
1370054,2019-12-16,2020-01-06,,28271,35091,2
1370055,2019-12-16,2020-01-06,,28384,217527,2
1370056,2019-12-16,2020-01-06,,28695,483487,2
1370057,2019-12-16,2020-01-06,,28730,806684,2
1370058,2019-12-16,2020-01-06,,28840,691218,2
1370059,2019-12-16,2020-01-06,,28967,136157,2
1370060,2019-12-16,2020-01-06,2019-12-29,28971,344893,1
1370061,2019-12-16,2020-01-06,,29310,496913,2
1370062,2019-12-16,2020-01-06,,29454,569425,2
1370063,2019-12-16,2020-01-06,,29454,801921,2
1370064,2019-12-16,2020-01-06,,29454,856519,2
1370065,2019-12-16,2020-01-06,,29500,321738,2
1370066,2019-12-16,2020-01-06,,29535,44907,2
1370067,2019-12-16,2020-01-06,,29739,530875,2
1370068,2019-12-16,2020-01-06,,29863,949879,2
1370069,2019-12-16,2020-01-06,2019-12-29,29898,436069,1
1370070,2019-12-16,2020-01-06,,30017,458658,2
1370071,2019-12-16,2020-01-06,,30090,201394,2
1370072,2019-12-16,2020-01-06,,30159,227040,2
1370073,2019-12-16,2020-01-06,,30195,267159,2
1370074,2019-12-16,2020-01-06,,30417,737186,2
1370075,2019-12-16,2020-01-06,,30555,533711,2
1370076,2019-12-16,2020-01-06,,30555,902986,2
1370077,2019-12-16,2020-01-06,,30653,257372,2
1370078,2019-12-16,2020-01-06,,31065,228410,2
1370079,2019-12-16,2020-01-06,,31148,177228,2
1370080,2019-12-16,2020-01-06,,31178,186801,2
1370081,2019-12-16,2020-01-06,,31383,366448,2
1370082,2019-12-16,2020-01-06,2019-12-31,31417,49500,1
1370083,2019-12-16,2020-01-06,,31469,798589,2
1370084,2019-12-16,2020-01-06,,31470,782256,2
1370085,2019-12-16,2020-01-06,,31550,321938,2
1370086,2019-12-16,2020-01-06,,31744,597868,2
1370087,2019-12-16,2020-01-06,2019-12-30,31757,894345,1
1370088,2019-12-16,2020-01-06,,31763,614214,2
1370089,2019-12-16,2020-01-06,,31830,141207,2
1370090,2019-12-16,2020-01-06,,31858,687771,2
1370091,2019-12-16,2020-01-06,,31880,512588,2
1370092,2019-12-16,2020-01-06,,31929,796203,2
1370093,2019-12-16,2020-01-06,,31939,527600,2
1370094,2019-12-16,2020-01-06,,32060,812645,2
1370095,2019-12-16,2020-01-06,,32147,321644,2
1370096,2019-12-16,2020-01-06,,32223,453118,2
1370097,2019-12-16,2020-01-06,,32334,591565,2
1370098,2019-12-16,2020-01-06,,32394,68680,2
1370099,2019-12-16,2020-01-06,,32416,486519,2
1370100,2019-12-16,2020-01-06,,32545,443182,2
1370101,2019-12-16,2020-01-06,,32688,931874,2
1370102,2019-12-16,2020-01-06,,32689,591036,2
1370103,2019-12-16,2020-01-06,,32840,713910,2
1370104,2019-12-16,2020-01-06,,32905,813897,2
1370105,2019-12-16,2020-01-06,,32991,631430,2
1370106,2019-12-16,2020-01-06,,33046,3708,2
1370107,2019-12-16,2020-01-06,,33399,763852,2
1370108,2019-12-16,2020-01-06,,33462,164111,2
1370109,2019-12-16,2020-01-06,,33503,519113,2
1370110,2019-12-16,2020-01-06,,33528,826327,2
1370111,2019-12-16,2020-01-06,,33643,953950,2
1370112,2019-12-16,2020-01-06,,33655,783217,2
1370113,2019-12-16,2020-01-06,,33908,513371,2
1370114,2019-12-16,2020-01-06,,34074,366047,2
1370115,2019-12-16,2020-01-06,,34074,471507,2
1370116,2019-12-16,2020-01-06,,34157,49029,2
1370117,2019-12-16,2020-01-06,,34366,62794,2
1370118,2019-12-16,2020-01-06,,34385,895666,2
1370119,2019-12-16,2020-01-06,2019-12-29,34483,240819,1
1370120,2019-12-16,2020-01-06,,34518,385865,2
1370121,2019-12-16,2020-01-06,2019-12-28,34850,749842,1
1370122,2019-12-16,2020-01-06,,34904,354308,2
1370123,2019-12-16,2020-01-06,,35109,572245,2
1370124,2019-12-16,2020-01-06,,35110,872384,2
1370125,2019-12-16,2020-01-06,,35116,250259,2
1370126,2019-12-16,2020-01-06,,35118,37258,2
1370127,2019-12-16,2020-01-06,,35133,353928,2
1370128,2019-12-16,2020-01-06,,35133,827508,2
1370129,2019-12-16,2020-01-06,,35137,652813,2
1370130,2019-12-16,2020-01-06,,35177,906961,2
1370131,2019-12-16,2020-01-06,,35253,22153,2
1370132,2019-12-16,2020-01-06,,35277,57483,2
1370133,2019-12-16,2020-01-06,,35500,263508,2
1370134,2019-12-16,2020-01-06,,35601,605157,2
1370135,2019-12-16,2020-01-06,,35842,335021,2
1370136,2019-12-16,2020-01-06,,35869,144811,2
1370137,2019-12-16,2020-01-06,,36046,184876,2
1370138,2019-12-16,2020-01-06,,36451,93117,2
1370139,2019-12-16,2020-01-06,,36676,600574,2
1370140,2019-12-16,2020-01-06,,36763,538834,2
1370141,2019-12-16,2020-01-06,,36814,789552,2
1370142,2019-12-16,2020-01-06,,36853,112117,2
1370143,2019-12-16,2020-01-06,,36853,353159,2
1370144,2019-12-16,2020-01-06,,36853,737826,2
1370145,2019-12-16,2020-01-06,,36873,129930,2
1370146,2019-12-16,2020-01-06,,37000,754543,2
1370147,2019-12-16,2020-01-06,,37156,93125,2
1370148,2019-12-16,2020-01-06,,37603,683109,2
1370149,2019-12-16,2020-01-06,,37772,485448,2
1370150,2019-12-16,2020-01-06,,37863,315891,2
1370151,2019-12-16,2020-01-06,,37928,503866,2
1370152,2019-12-16,2020-01-06,,38074,121785,2
1370153,2019-12-16,2020-01-06,,38074,298549,2
1370154,2019-12-16,2020-01-06,,38140,225111,2
1370155,2019-12-16,2020-01-06,,38265,13099,2
1370156,2019-12-16,2020-01-06,,38265,321939,2
1370157,2019-12-16,2020-01-06,,38306,592342,2
1370158,2019-12-16,2020-01-06,,38397,903575,2
1370159,2019-12-16,2020-01-06,,38506,715145,2
1370160,2019-12-16,2020-01-06,,38880,805204,2
1370161,2019-12-16,2020-01-06,,38954,898309,2
1370162,2019-12-16,2020-01-06,,39008,32451,2
1370163,2019-12-16,2020-01-06,,39255,516618,2
1370164,2019-12-16,2020-01-06,,39313,350440,2
1370165,2019-12-16,2020-01-06,,39501,650268,2
1370166,2019-12-16,2020-01-06,,39602,625457,2
1370167,2019-12-16,2020-01-06,,39765,435491,2
1370168,2019-12-16,2020-01-06,,39798,864883,2
1370169,2019-12-16,2020-01-06,,39800,495365,2
1370170,2019-12-16,2020-01-06,,39874,659432,2
1370171,2019-12-16,2020-01-06,,39999,931447,2
1370172,2019-12-16,2020-01-06,,40102,284904,2
1370173,2019-12-16,2020-01-06,,40102,621578,2
1370174,2019-12-16,2020-01-06,,40121,115966,2
1370175,2019-12-16,2020-01-06,,40414,915808,2
1370176,2019-12-16,2020-01-06,,40531,685430,2
1370177,2019-12-16,2020-01-06,,40603,540310,2
1370178,2019-12-16,2020-01-06,,40667,670115,2
1370179,2019-12-16,2020-01-06,,40856,552069,2
1370180,2019-12-16,2020-01-06,,40975,19780,2
1370181,2019-12-16,2020-01-06,,40975,283777,2
1370182,2019-12-16,2020-01-06,,40975,329811,2
1370183,2019-12-16,2020-01-06,,40991,880819,2
1370184,2019-12-16,2020-01-06,,41115,49486,2
1370185,2019-12-16,2020-01-06,,41115,224511,2
1370186,2019-12-16,2020-01-06,,41115,334609,2
1370187,2019-12-16,2020-01-06,,41115,445431,2
1370188,2019-12-16,2020-01-06,,41115,494766,2
1370189,2019-12-16,2020-01-06,2019-12-30,41487,474815,1
1370190,2019-12-16,2020-01-06,2019-12-26,41535,900865,1
1370191,2019-12-16,2020-01-06,,41550,404195,2
1370192,2019-12-16,2020-01-06,,41550,742838,2
1370193,2019-12-16,2020-01-06,,41569,790341,2
1370194,2019-12-16,2020-01-06,,41587,624341,2
1370195,2019-12-16,2020-01-06,,41624,152670,2
1370196,2019-12-16,2020-01-06,,41650,54119,2
1370197,2019-12-16,2020-01-06,,41712,426684,2
1370198,2019-12-16,2020-01-06,,41726,388026,2
1370199,2019-12-16,2020-01-06,,41827,891020,2
1370200,2019-12-16,2020-01-06,,41950,72220,2
1370201,2019-12-16,2020-01-06,,41969,241869,2
1370202,2019-12-16,2020-01-06,,42058,588365,2
1370203,2019-12-16,2020-01-06,,42264,585197,2
1370204,2019-12-16,2020-01-06,,42299,381333,2
1370205,2019-12-16,2020-01-06,,42344,693734,2
1370206,2019-12-16,2020-01-06,,42768,735102,2
1370207,2019-12-16,2020-01-06,2019-12-29,43006,199673,1
1370208,2019-12-16,2020-01-06,,43076,274168,2
1370209,2019-12-16,2020-01-06,,43186,763444,2
1370210,2019-12-16,2020-01-06,,43470,731982,2
1370211,2019-12-16,2020-01-06,,43821,394686,2
1370212,2019-12-16,2020-01-06,,43821,815317,2
1370213,2019-12-16,2020-01-06,,43876,483319,2
1370214,2019-12-16,2020-01-06,,43876,861567,2
1370215,2019-12-16,2020-01-06,,44260,529209,2
1370216,2019-12-16,2020-01-06,,44445,763374,2
1370217,2019-12-16,2020-01-06,,44497,41454,2
1370218,2019-12-16,2020-01-06,,44524,309387,2
1370219,2019-12-16,2020-01-06,,44613,399060,2
1370220,2019-12-16,2020-01-06,,44712,656778,2
1370221,2019-12-16,2020-01-06,,44925,701157,2
1370222,2019-12-16,2020-01-06,,44954,826146,2
1370223,2019-12-16,2020-01-06,,45086,300343,2
1370224,2019-12-16,2020-01-06,,45304,280844,2
1370225,2019-12-16,2020-01-06,,45448,782803,2
1370226,2019-12-16,2020-01-06,,45509,43643,2
1370227,2019-12-16,2020-01-06,,45577,200319,2
1370228,2019-12-16,2020-01-06,,45859,721093,2
1370229,2019-12-16,2020-01-06,,45945,12699,2
1370230,2019-12-16,2020-01-06,,46125,421554,2
1370231,2019-12-16,2020-01-06,,46203,894292,2
1370232,2019-12-16,2020-01-06,,46217,719999,2
1370233,2019-12-16,2020-01-06,2019-12-26,46259,98234,1
1370234,2019-12-16,2020-01-06,,46332,240162,2
1370235,2019-12-16,2020-01-06,,46342,536945,2
1370236,2019-12-16,2020-01-06,,46564,425091,2
1370237,2019-12-16,2020-01-06,,46577,810839,2
1370238,2019-12-16,2020-01-06,,46639,282947,2
1370239,2019-12-16,2020-01-06,,46964,458063,2
1370240,2019-12-16,2020-01-06,2019-12-28,47058,633550,1
1370241,2019-12-16,2020-01-06,,47329,344825,2
1370242,2019-12-16,2020-01-06,,47340,517223,2
1370243,2019-12-16,2020-01-06,,47454,794743,2
1370244,2019-12-16,2020-01-06,,47513,30275,2
1370245,2019-12-16,2020-01-06,,47537,314687,2
1370246,2019-12-16,2020-01-06,,47588,149062,2
1370247,2019-12-16,2020-01-06,,48234,700486,2
1370248,2019-12-16,2020-01-06,,48255,777946,2
1370249,2019-12-16,2020-01-06,,48291,193722,2
1370250,2019-12-16,2020-01-06,,48291,250179,2
1370251,2019-12-16,2020-01-06,,48411,399342,2
1370252,2019-12-16,2020-01-06,2019-12-31,48473,768745,1
1370253,2019-12-16,2020-01-06,,48588,438057,2
1370254,2019-12-16,2020-01-06,,48622,420377,2
1370255,2019-12-16,2020-01-06,,48635,560936,2
1370256,2019-12-16,2020-01-06,,48871,784803,2
1370257,2019-12-16,2020-01-06,,48881,524134,2
1370258,2019-12-16,2020-01-06,2019-12-30,48890,909678,1
1370259,2019-12-16,2020-01-06,,49154,469108,2
1370260,2019-12-16,2020-01-06,,49163,33828,2
1370261,2019-12-16,2020-01-06,,49332,382425,2
1370262,2019-12-16,2020-01-06,,49376,686229,2
1370263,2019-12-16,2020-01-06,,49423,889299,2
1370264,2019-12-16,2020-01-06,,49432,621393,2
1370265,2019-12-16,2020-01-06,,49785,776026,2
1370266,2019-12-16,2020-01-06,,49962,115629,2
1370267,2019-12-16,2020-01-06,,49962,650123,2
1370268,2019-12-16,2020-01-06,,50060,766045,2
1370269,2019-12-16,2020-01-06,,50433,811305,2
1370270,2019-12-16,2020-01-06,,50609,379360,2
1370271,2019-12-16,2020-01-06,,50708,377421,2
1370272,2019-12-16,2020-01-06,,51038,434601,2
1370273,2019-12-16,2020-01-06,2019-12-30,51038,487182,1
1370274,2019-12-16,2020-01-06,,51343,925237,2
1370275,2019-12-16,2020-01-06,,51377,748023,2
1370276,2019-12-16,2020-01-06,,51386,419699,2
1370277,2019-12-16,2020-01-06,,51532,203759,2
1370278,2019-12-16,2020-01-06,,51662,858429,2
1370279,2019-12-16,2020-01-06,,51831,919774,2
1370280,2019-12-16,2020-01-06,,51858,35680,2
1370281,2019-12-16,2020-01-06,,51858,153984,2
1370282,2019-12-16,2020-01-06,,51858,380712,2
1370283,2019-12-16,2020-01-06,,51858,719288,2
1370284,2019-12-16,2020-01-06,,51866,659982,2
1370285,2019-12-16,2020-01-06,,51910,408329,2
1370286,2019-12-16,2020-01-06,,52029,98594,2
1370287,2019-12-16,2020-01-06,,52029,689207,2
1370288,2019-12-16,2020-01-06,,52036,308146,2
1370289,2019-12-16,2020-01-06,,52188,163227,2
1370290,2019-12-16,2020-01-06,,52314,523200,2
1370291,2019-12-16,2020-01-06,,52344,718272,2
1370292,2019-12-16,2020-01-06,2019-12-31,52457,342247,1
1370293,2019-12-16,2020-01-06,,52537,573933,2
1370294,2019-12-16,2020-01-06,,52573,176361,2
1370295,2019-12-16,2020-01-06,,52803,34387,2
1370296,2019-12-16,2020-01-06,,52803,190328,2
1370297,2019-12-16,2020-01-06,,52803,356446,2
1370298,2019-12-16,2020-01-06,,52803,387118,2
1370299,2019-12-16,2020-01-06,,52803,759818,2
1370300,2019-12-16,2020-01-06,2019-12-29,52862,841298,1
1370301,2019-12-16,2020-01-06,,52929,299959,2
1370302,2019-12-16,2020-01-06,,52979,512687,2
1370303,2019-12-16,2020-01-06,,53056,216698,2
1370304,2019-12-16,2020-01-06,,53074,806544,2
1370305,2019-12-16,2020-01-06,,53157,349038,2
1370306,2019-12-16,2020-01-06,,53429,540431,2
1370307,2019-12-16,2020-01-06,,53702,519897,2
1370308,2019-12-16,2020-01-06,,53865,741392,2
1370309,2019-12-16,2020-01-06,,53905,576947,2
1370310,2019-12-16,2020-01-06,,53933,646951,2
1370311,2019-12-16,2020-01-06,,53971,140512,2
1370312,2019-12-16,2020-01-06,,54033,621783,2
1370313,2019-12-16,2020-01-06,,54392,274340,2
1370314,2019-12-16,2020-01-06,,54415,505897,2
1370315,2019-12-16,2020-01-06,,54426,209772,2
1370316,2019-12-16,2020-01-06,2019-12-30,54494,37271,1
1370317,2019-12-16,2020-01-06,,54494,67911,2
1370318,2019-12-16,2020-01-06,,54494,92941,2
1370319,2019-12-16,2020-01-06,,54494,154293,2
1370320,2019-12-16,2020-01-06,,54494,188116,2
1370321,2019-12-16,2020-01-06,,54494,243392,2
1370322,2019-12-16,2020-01-06,,54494,247047,2
1370323,2019-12-16,2020-01-06,,54494,319697,2
1370324,2019-12-16,2020-01-06,,54494,373937,2
1370325,2019-12-16,2020-01-06,2019-12-30,54494,577214,1
1370326,2019-12-16,2020-01-06,2019-12-30,54494,620850,1
1370327,2019-12-16,2020-01-06,,54494,637582,2
1370328,2019-12-16,2020-01-06,2019-12-28,54494,638851,1
1370329,2019-12-16,2020-01-06,2019-12-27,54494,709392,1
1370330,2019-12-16,2020-01-06,,54494,788268,2
1370331,2019-12-16,2020-01-06,,54540,421406,2
1370332,2019-12-16,2020-01-06,,54544,774090,2
1370333,2019-12-16,2020-01-06,,54761,638937,2
1370334,2019-12-16,2020-01-06,,54853,718790,2
1370335,2019-12-16,2020-01-06,,54896,832952,2
1370336,2019-12-16,2020-01-06,,54903,458813,2
1370337,2019-12-16,2020-01-06,,55016,845624,2
1370338,2019-12-16,2020-01-06,,55055,46040,2
1370339,2019-12-16,2020-01-06,,55238,427703,2
1370340,2019-12-16,2020-01-06,,55537,29056,2
1370341,2019-12-16,2020-01-06,,55537,646802,2
1370342,2019-12-16,2020-01-06,2019-12-28,55674,898209,1
1370343,2019-12-16,2020-01-06,,55893,185043,2
1370344,2019-12-16,2020-01-06,,55893,446646,2
1370345,2019-12-16,2020-01-06,,56054,138292,2
1370346,2019-12-16,2020-01-06,,56265,89006,2
1370347,2019-12-16,2020-01-06,,56416,817690,2
1370348,2019-12-16,2020-01-06,,56587,362493,2
1370349,2019-12-16,2020-01-06,,56896,803899,2
1370350,2019-12-16,2020-01-06,,56916,165277,2
1370351,2019-12-16,2020-01-06,,56916,580076,2
1370352,2019-12-16,2020-01-06,,56916,764020,2
1370353,2019-12-16,2020-01-06,,56994,668496,2
1370354,2019-12-16,2020-01-06,,57060,399320,2
1370355,2019-12-16,2020-01-06,,57060,753724,2
1370356,2019-12-16,2020-01-06,,57151,824897,2
1370357,2019-12-16,2020-01-06,,57262,99582,2
1370358,2019-12-16,2020-01-06,,57347,816020,2
1370359,2019-12-16,2020-01-06,,57364,598058,2
1370360,2019-12-16,2020-01-06,,57379,927992,2
1370361,2019-12-16,2020-01-06,,57579,31503,2
1370362,2019-12-16,2020-01-06,,57679,836537,2
1370363,2019-12-16,2020-01-06,,57745,584491,2
1370364,2019-12-16,2020-01-06,,57779,326392,2
1370365,2019-12-16,2020-01-06,,57812,840677,2
1370366,2019-12-16,2020-01-06,,57870,17957,2
1370367,2019-12-16,2020-01-06,,57870,49501,2
1370368,2019-12-16,2020-01-06,,57870,77085,2
1370369,2019-12-16,2020-01-06,,57870,131007,2
1370370,2019-12-16,2020-01-06,,57870,142181,2
1370371,2019-12-16,2020-01-06,2019-12-29,57870,267741,1
1370372,2019-12-16,2020-01-06,,57870,645211,2
1370373,2019-12-16,2020-01-06,2019-12-31,57870,659261,1
1370374,2019-12-16,2020-01-06,2019-12-30,57870,829618,1
1370375,2019-12-16,2020-01-06,,57882,949398,2
1370376,2019-12-16,2020-01-06,,58078,35854,2
1370377,2019-12-16,2020-01-06,2019-12-31,58260,18252,1
1370378,2019-12-16,2020-01-06,,58260,40444,2
1370379,2019-12-16,2020-01-06,,58260,414489,2
1370380,2019-12-16,2020-01-06,,58260,513883,2
1370381,2019-12-16,2020-01-06,,58260,799117,2
1370382,2019-12-16,2020-01-06,,58260,808811,2
1370383,2019-12-16,2020-01-06,2019-12-30,58346,730950,1
1370384,2019-12-16,2020-01-06,,58376,250409,2
1370385,2019-12-16,2020-01-06,,58376,622480,2
1370386,2019-12-16,2020-01-06,,58432,493959,2
1370387,2019-12-16,2020-01-06,,58445,179473,2
1370388,2019-12-16,2020-01-06,,58548,194420,2
1370389,2019-12-16,2020-01-06,,58679,172467,2
1370390,2019-12-16,2020-01-06,,58705,553173,2
1370391,2019-12-16,2020-01-06,,58804,662566,2
1370392,2019-12-16,2020-01-06,,59030,884246,2
1370393,2019-12-16,2020-01-06,,59033,734800,2
1370394,2019-12-16,2020-01-06,2019-12-31,59194,1283,1
1370395,2019-12-16,2020-01-06,,59294,344537,2
1370396,2019-12-16,2020-01-06,,59302,49594,2
1370397,2019-12-16,2020-01-06,2019-12-29,59472,671379,1
1370398,2019-12-16,2020-01-06,,59720,917258,2
1370399,2019-12-16,2020-01-06,,59742,343935,2
1370400,2019-12-16,2020-01-06,,59845,735598,2
1370401,2019-12-16,2020-01-06,,59904,845809,2
1370402,2019-12-16,2020-01-06,,59927,732560,2
1370403,2019-12-16,2020-01-06,,60003,949233,2
1370404,2019-12-16,2020-01-06,,60093,262976,2
1370405,2019-12-16,2020-01-06,,60106,135371,2
1370406,2019-12-16,2020-01-06,,60115,504917,2
1370407,2019-12-16,2020-01-06,,60148,522895,2
1370408,2019-12-16,2020-01-06,,60196,601344,2
1370409,2019-12-16,2020-01-06,,60330,472119,2
1370410,2019-12-16,2020-01-06,,60357,295040,2
1370411,2019-12-16,2020-01-06,,60366,828814,2
1370412,2019-12-16,2020-01-06,,60384,480746,2
1370413,2019-12-16,2020-01-06,2019-12-30,60621,225037,1
1370414,2019-12-16,2020-01-06,,60906,597327,2
1370415,2019-12-16,2020-01-06,,61263,915179,2
1370416,2019-12-16,2020-01-06,,61379,101203,2
1370417,2019-12-16,2020-01-06,2019-12-31,61723,344188,1
1370418,2019-12-16,2020-01-06,,61763,892612,2
1370419,2019-12-16,2020-01-06,,61795,560420,2
1370420,2019-12-16,2020-01-06,,61835,33444,2
1370421,2019-12-16,2020-01-06,,61835,65546,2
1370422,2019-12-16,2020-01-06,2019-12-28,61835,444942,1
1370423,2019-12-16,2020-01-06,,61835,763204,2
1370424,2019-12-16,2020-01-06,,61835,903628,2
1370425,2019-12-16,2020-01-06,2019-12-28,61937,526391,1
1370426,2019-12-16,2020-01-06,,62021,705975,2
1370427,2019-12-16,2020-01-06,,62117,90689,2
1370428,2019-12-16,2020-01-06,,62265,622431,2
1370429,2019-12-16,2020-01-06,,62265,714161,2
1370430,2019-12-16,2020-01-06,,62430,233696,2
1370431,2019-12-16,2020-01-06,,62572,201390,2
1370432,2019-12-16,2020-01-06,,62577,223039,2
1370433,2019-12-16,2020-01-06,,62577,231245,2
1370434,2019-12-16,2020-01-06,,62577,537825,2
1370435,2019-12-16,2020-01-06,,62577,760476,2
1370436,2019-12-16,2020-01-06,,62650,670304,2
1370437,2019-12-16,2020-01-06,,62699,683364,2
1370438,2019-12-16,2020-01-06,,62719,120605,2
1370439,2019-12-16,2020-01-06,,62719,523161,2
1370440,2019-12-16,2020-01-06,,62719,559418,2
1370441,2019-12-16,2020-01-06,,62719,770136,2
1370442,2019-12-16,2020-01-06,,62719,846854,2
1370443,2019-12-16,2020-01-06,,62739,8970,2
1370444,2019-12-16,2020-01-06,2019-12-30,62983,30933,1
1370445,2019-12-16,2020-01-06,,63080,743507,2
1370446,2019-12-16,2020-01-06,,63100,283583,2
1370447,2019-12-16,2020-01-06,,63282,112583,2
1370448,2019-12-16,2020-01-06,,63290,246224,2
1370449,2019-12-16,2020-01-06,2019-12-29,63291,60921,1
1370450,2019-12-16,2020-01-06,,63310,576151,2
1370451,2019-12-16,2020-01-06,,63315,104223,2
1370452,2019-12-16,2020-01-06,2019-12-29,63315,844921,1
1370453,2019-12-16,2020-01-06,,63347,776104,2
1370454,2019-12-16,2020-01-06,,63404,251263,2
1370455,2019-12-16,2020-01-06,,63524,729030,2
1370456,2019-12-16,2020-01-06,,63606,670734,2
1370457,2019-12-16,2020-01-06,,64074,733153,2
1370458,2019-12-16,2020-01-06,,64082,180277,2
1370459,2019-12-16,2020-01-06,,64193,918771,2
1370460,2019-12-16,2020-01-06,,64236,698947,2
1370461,2019-12-16,2020-01-06,,64285,258223,2
1370462,2019-12-16,2020-01-06,,64285,271652,2
1370463,2019-12-16,2020-01-06,,64285,447632,2
1370464,2019-12-16,2020-01-06,,64285,696294,2
1370465,2019-12-16,2020-01-06,,64543,448844,2
1370466,2019-12-16,2020-01-06,,64877,907199,2
1370467,2019-12-16,2020-01-06,,64920,705861,2
1370468,2019-12-16,2020-01-06,,64951,406591,2
1370469,2019-12-16,2020-01-06,,65036,342869,2
1370470,2019-12-16,2020-01-06,,65195,686083,2
1370471,2019-12-16,2020-01-06,,65225,110956,2
1370472,2019-12-16,2020-01-06,,65249,878902,2
1370473,2019-12-16,2020-01-06,,65521,227104,2
1370474,2019-12-16,2020-01-06,,65584,892879,2
1370475,2019-12-16,2020-01-06,,65584,944592,2
1370476,2019-12-16,2020-01-06,,65649,3472,2
1370477,2019-12-16,2020-01-06,,65689,139896,2
1370478,2019-12-16,2020-01-06,,65689,861484,2
1370479,2019-12-16,2020-01-06,,65706,167708,2
1370480,2019-12-16,2020-01-06,,65819,341676,2
1370481,2019-12-16,2020-01-06,,65819,477037,2
1370482,2019-12-16,2020-01-06,,65819,890642,2
1370483,2019-12-16,2020-01-06,2019-12-31,65820,100755,1
1370484,2019-12-16,2020-01-06,,65820,885600,2
1370485,2019-12-16,2020-01-06,,65825,466066,2
1370486,2019-12-16,2020-01-06,,65825,492942,2
1370487,2019-12-16,2020-01-06,2019-12-31,66129,588103,1
1370488,2019-12-16,2020-01-06,2019-12-29,66287,934913,1
1370489,2019-12-16,2020-01-06,,66311,55289,2
1370490,2019-12-16,2020-01-06,,66318,352928,2
1370491,2019-12-16,2020-01-06,,66318,468630,2
1370492,2019-12-16,2020-01-06,2019-12-29,66318,469217,1
1370493,2019-12-16,2020-01-06,,66476,568843,2
1370494,2019-12-16,2020-01-06,,66691,345215,2
1370495,2019-12-16,2020-01-06,,66691,443041,2
1370496,2019-12-16,2020-01-06,2019-12-30,66691,556115,1
1370497,2019-12-16,2020-01-06,,66691,676472,2
1370498,2019-12-16,2020-01-06,2019-12-30,66841,6734,1
1370499,2019-12-16,2020-01-06,,67376,27730,2
1370500,2019-12-16,2020-01-06,,67376,604001,2
1370501,2019-12-16,2020-01-06,,67376,668423,2
1370502,2019-12-16,2020-01-06,,67376,779805,2
1370503,2019-12-16,2020-01-06,,67430,516670,2
1370504,2019-12-16,2020-01-06,,67472,247914,2
1370505,2019-12-16,2020-01-06,,67472,274798,2
1370506,2019-12-16,2020-01-06,,67472,363903,2
1370507,2019-12-16,2020-01-06,,67719,621976,2
1370508,2019-12-16,2020-01-06,,67753,220170,2
1370509,2019-12-16,2020-01-06,2019-12-27,67753,815170,1
1370510,2019-12-16,2020-01-06,,67876,831379,2
1370511,2019-12-16,2020-01-06,,67923,818585,2
1370512,2019-12-16,2020-01-06,,67999,280487,2
1370513,2019-12-16,2020-01-06,,68096,646878,2
1370514,2019-12-16,2020-01-06,,68096,944517,2
1370515,2019-12-16,2020-01-06,,68291,692376,2
1370516,2019-12-16,2020-01-06,,68297,760327,2
1370517,2019-12-16,2020-01-06,,68307,18370,2
1370518,2019-12-16,2020-01-06,,68346,260642,2
1370519,2019-12-16,2020-01-06,,68391,140346,2
1370520,2019-12-16,2020-01-06,,68432,822803,2
1370521,2019-12-16,2020-01-06,,68464,79392,2
1370522,2019-12-16,2020-01-06,,68464,852716,2
1370523,2019-12-16,2020-01-06,,68519,904423,2
1370524,2019-12-16,2020-01-06,,68547,556295,2
1370525,2019-12-16,2020-01-06,,68652,203992,2
1370526,2019-12-16,2020-01-06,,68718,422955,2
1370527,2019-12-16,2020-01-06,,68761,422691,2
1370528,2019-12-16,2020-01-06,,68980,512302,2
1370529,2019-12-16,2020-01-06,,69121,334991,2
1370530,2019-12-16,2020-01-06,,69156,871913,2
1370531,2019-12-16,2020-01-06,,69221,397474,2
1370532,2019-12-16,2020-01-06,,69234,929048,2
1370533,2019-12-16,2020-01-06,2019-12-31,69320,280974,1
1370534,2019-12-16,2020-01-06,,69363,277634,2
1370535,2019-12-16,2020-01-06,,69410,7856,2
1370536,2019-12-16,2020-01-06,,69530,532177,2
1370537,2019-12-16,2020-01-06,,69565,630535,2
1370538,2019-12-16,2020-01-06,,69636,550707,2
1370539,2019-12-16,2020-01-06,,69673,461636,2
1370540,2019-12-16,2020-01-06,,69761,869334,2
1370541,2019-12-16,2020-01-06,2019-12-31,69835,248811,1
1370542,2019-12-16,2020-01-06,,69894,161214,2
1370543,2019-12-16,2020-01-06,,69963,643629,2
1370544,2019-12-16,2020-01-06,,70043,250541,2
1370545,2019-12-16,2020-01-06,,70348,849566,2
1370546,2019-12-16,2020-01-06,,70445,147554,2
1370547,2019-12-16,2020-01-06,2019-12-29,70497,474437,1
1370548,2019-12-16,2020-01-06,,70663,596875,2
1370549,2019-12-16,2020-01-06,,70885,773693,2
1370550,2019-12-16,2020-01-06,,70922,845925,2
1370551,2019-12-16,2020-01-06,,71144,517798,2
1370552,2019-12-16,2020-01-06,,71197,64080,2
1370553,2019-12-16,2020-01-06,,71322,881459,2
1370554,2019-12-16,2020-01-06,,71531,482401,2
1370555,2019-12-16,2020-01-06,,71602,618729,2
1370556,2019-12-16,2020-01-06,,71650,458213,2
1370557,2019-12-16,2020-01-06,,71795,372176,2
1370558,2019-12-16,2020-01-06,,71862,304698,2
1370559,2019-12-16,2020-01-06,,71947,122858,2
1370560,2019-12-16,2020-01-06,,72148,919081,2
1370561,2019-12-16,2020-01-06,,72170,341064,2
1370562,2019-12-16,2020-01-06,,72182,864908,2
1370563,2019-12-16,2020-01-06,,72264,367899,2
1370564,2019-12-16,2020-01-06,,72333,845785,2
1370565,2019-12-16,2020-01-06,,72577,197205,2
1370566,2019-12-16,2020-01-06,,73062,662827,2
1370567,2019-12-16,2020-01-06,,73209,805091,2
1370568,2019-12-16,2020-01-06,,73578,147303,2
1370569,2019-12-16,2020-01-06,,73699,548483,2
1370570,2019-12-16,2020-01-06,,73722,341967,2
1370571,2019-12-16,2020-01-06,,73740,120988,2
1370572,2019-12-16,2020-01-06,2019-12-29,73740,249479,1
1370573,2019-12-16,2020-01-06,2019-12-28,73740,405772,1
1370574,2019-12-16,2020-01-06,2019-12-29,73740,599384,1
1370575,2019-12-16,2020-01-06,2019-12-30,73740,916115,1
1370576,2019-12-16,2020-01-06,,73799,633065,2
1370577,2019-12-16,2020-01-06,,73959,350459,2
1370578,2019-12-16,2020-01-06,2019-12-31,74240,552503,1
1370579,2019-12-16,2020-01-06,,74243,430227,2
1370580,2019-12-16,2020-01-06,,74280,91556,2
1370581,2019-12-16,2020-01-06,,74288,690947,2
1370582,2019-12-16,2020-01-06,,74310,612064,2
1370583,2019-12-16,2020-01-06,,74377,407413,2
1370584,2019-12-16,2020-01-06,,74420,506707,2
1370585,2019-12-16,2020-01-06,,74420,695401,2
1370586,2019-12-16,2020-01-06,,74499,570165,2
1370587,2019-12-16,2020-01-06,,74533,848887,2
1370588,2019-12-16,2020-01-06,,74590,268717,2
1370589,2019-12-16,2020-01-06,,74637,123744,2
1370590,2019-12-16,2020-01-06,,74716,750188,2
1370591,2019-12-16,2020-01-06,,74724,307813,2
1370592,2019-12-16,2020-01-06,,74812,522697,2
1370593,2019-12-16,2020-01-06,,74812,741849,2
1370594,2019-12-16,2020-01-06,,74881,861346,2
1370595,2019-12-16,2020-01-06,,74931,142662,2
1370596,2019-12-16,2020-01-06,,74931,243018,2
1370597,2019-12-16,2020-01-06,,74931,707196,2
1370598,2019-12-16,2020-01-06,,74931,824495,2
1370599,2019-12-16,2020-01-06,,74931,927474,2
1370600,2019-12-16,2020-01-06,,75019,742571,2
1370601,2019-12-16,2020-01-06,,75055,245604,2
1370602,2019-12-16,2020-01-06,2019-12-31,75097,263124,1
1370603,2019-12-16,2020-01-06,,75176,436224,2
1370604,2019-12-16,2020-01-06,,75220,606477,2
1370605,2019-12-16,2020-01-06,,75324,886406,2
1370606,2019-12-16,2020-01-06,,75716,812740,2
1370607,2019-12-16,2020-01-06,,75737,793679,2
1370608,2019-12-16,2020-01-06,,75911,72591,2
1370609,2019-12-16,2020-01-06,,75911,516139,2
1370610,2019-12-16,2020-01-06,,76100,110122,2
1370611,2019-12-16,2020-01-06,,76129,181346,2
1370612,2019-12-16,2020-01-06,,76147,872561,2
1370613,2019-12-16,2020-01-06,,76429,760806,2
1370614,2019-12-16,2020-01-06,,76536,199096,2
1370615,2019-12-16,2020-01-06,,76575,454715,2
1370616,2019-12-16,2020-01-06,2019-12-31,76617,902217,1
1370617,2019-12-16,2020-01-06,,77078,875689,2
1370618,2019-12-16,2020-01-06,,77089,538994,2
1370619,2019-12-16,2020-01-06,,77182,51221,2
1370620,2019-12-16,2020-01-06,,77232,49908,2
1370621,2019-12-16,2020-01-06,,77232,561599,2
1370622,2019-12-16,2020-01-06,,77351,763330,2
1370623,2019-12-16,2020-01-06,,77371,937359,2
1370624,2019-12-16,2020-01-06,,77397,336434,2
1370625,2019-12-16,2020-01-06,,77397,906459,2
1370626,2019-12-16,2020-01-06,,77589,852360,2
1370627,2019-12-16,2020-01-06,,77590,310777,2
1370628,2019-12-16,2020-01-06,,77711,626373,2
1370629,2019-12-16,2020-01-06,2019-12-28,77724,382620,1
1370630,2019-12-16,2020-01-06,,77724,813205,2
1370631,2019-12-16,2020-01-06,,77760,930208,2
1370632,2019-12-16,2020-01-06,,77825,513192,2
1370633,2019-12-16,2020-01-06,2019-12-30,77854,489841,1
1370634,2019-12-16,2020-01-06,,77863,485786,2
1370635,2019-12-16,2020-01-06,,77908,738207,2
1370636,2019-12-16,2020-01-06,2019-12-31,77910,734839,1
1370637,2019-12-16,2020-01-06,,78129,950083,2
1370638,2019-12-16,2020-01-06,,78249,590883,2
1370639,2019-12-16,2020-01-06,,78448,760259,2
1370640,2019-12-16,2020-01-06,,78452,12842,2
1370641,2019-12-16,2020-01-06,,78510,485059,2
1370642,2019-12-16,2020-01-06,,78620,889929,2
1370643,2019-12-16,2020-01-06,,78882,121301,2
1370644,2019-12-16,2020-01-06,,78976,200349,2
1370645,2019-12-16,2020-01-06,,78979,618065,2
1370646,2019-12-16,2020-01-06,,79100,954656,2
1370647,2019-12-16,2020-01-06,,79127,235419,2
1370648,2019-12-16,2020-01-06,,79127,330791,2
1370649,2019-12-16,2020-01-06,,79284,638681,2
1370650,2019-12-16,2020-01-06,,79284,817726,2
1370651,2019-12-16,2020-01-06,,79475,567994,2
1370652,2019-12-16,2020-01-06,,79475,814954,2
1370653,2019-12-16,2020-01-06,,79514,392003,2
1370654,2019-12-16,2020-01-06,,79587,946380,2
1370655,2019-12-16,2020-01-06,,79850,621688,2
1370656,2019-12-16,2020-01-06,2019-12-30,79952,763312,1
1370657,2019-12-16,2020-01-06,,80023,40365,2
1370658,2019-12-16,2020-01-06,,80027,635840,2
1370659,2019-12-16,2020-01-06,,80040,273983,2
1370660,2019-12-16,2020-01-06,,80063,634998,2
1370661,2019-12-16,2020-01-06,,80075,740487,2
1370662,2019-12-16,2020-01-06,,80094,283198,2
1370663,2019-12-16,2020-01-06,,80094,466392,2
1370664,2019-12-16,2020-01-06,,80094,622468,2
1370665,2019-12-16,2020-01-06,,80094,937737,2
1370666,2019-12-16,2020-01-06,,80131,130154,2
1370667,2019-12-16,2020-01-06,,80155,283194,2
1370668,2019-12-16,2020-01-06,,80155,413826,2
1370669,2019-12-16,2020-01-06,,80155,461600,2
1370670,2019-12-16,2020-01-06,,80155,569579,2
1370671,2019-12-16,2020-01-06,,80155,622463,2
1370672,2019-12-16,2020-01-06,,80155,720991,2
1370673,2019-12-16,2020-01-06,,80155,808806,2
1370674,2019-12-16,2020-01-06,,80458,451998,2
1370675,2019-12-16,2020-01-06,,80557,637349,2
1370676,2019-12-16,2020-01-06,,80633,953343,2
1370677,2019-12-16,2020-01-06,,80683,171737,2
1370678,2019-12-16,2020-01-06,,80696,680145,2
1370679,2019-12-16,2020-01-06,,80707,153708,2
1370680,2019-12-16,2020-01-06,,80707,384595,2
1370681,2019-12-16,2020-01-06,,80756,576477,2
1370682,2019-12-16,2020-01-06,,80826,604922,2
1370683,2019-12-16,2020-01-06,,81000,794036,2
1370684,2019-12-16,2020-01-06,,81002,32050,2
1370685,2019-12-16,2020-01-06,,81196,395326,2
1370686,2019-12-16,2020-01-06,,81354,562283,2
1370687,2019-12-16,2020-01-06,,81376,476098,2
1370688,2019-12-16,2020-01-06,,81561,396901,2
1370689,2019-12-16,2020-01-06,,81639,276615,2
1370690,2019-12-16,2020-01-06,,81767,240247,2
1370691,2019-12-16,2020-01-06,,81875,493621,2
1370692,2019-12-16,2020-01-06,,81879,218021,2
1370693,2019-12-16,2020-01-06,,82052,53481,2
1370694,2019-12-16,2020-01-06,2019-12-28,82061,734595,1
1370695,2019-12-16,2020-01-06,,82113,604923,2
1370696,2019-12-16,2020-01-06,,82151,571593,2
1370697,2019-12-16,2020-01-06,,82262,651327,2
1370698,2019-12-16,2020-01-06,,82372,868515,2
1370699,2019-12-16,2020-01-06,,82414,385435,2
1370700,2019-12-16,2020-01-06,2019-12-28,82623,762082,1
1370701,2019-12-16,2020-01-06,,82629,864861,2
1370702,2019-12-16,2020-01-06,,82631,82997,2
1370703,2019-12-16,2020-01-06,,82733,510551,2
1370704,2019-12-16,2020-01-06,,82821,570822,2
1370705,2019-12-16,2020-01-06,2019-12-28,82978,805156,1
1370706,2019-12-16,2020-01-06,,83027,695880,2
1370707,2019-12-16,2020-01-06,,83062,57461,2
1370708,2019-12-16,2020-01-06,,83324,146584,2
1370709,2019-12-16,2020-01-06,,83324,504152,2
1370710,2019-12-16,2020-01-06,,83373,415758,2
1370711,2019-12-16,2020-01-06,,83401,182867,2
1370712,2019-12-16,2020-01-06,,83824,312957,2
1370713,2019-12-16,2020-01-06,2019-12-29,84032,743102,1
1370714,2019-12-16,2020-01-06,,84081,88289,2
1370715,2019-12-16,2020-01-06,2019-12-27,84081,98278,1
1370716,2019-12-16,2020-01-06,,84081,154576,2
1370717,2019-12-16,2020-01-06,,84081,203998,2
1370718,2019-12-16,2020-01-06,,84081,205987,2
1370719,2019-12-16,2020-01-06,,84081,349068,2
1370720,2019-12-16,2020-01-06,,84081,407751,2
1370721,2019-12-16,2020-01-06,,84081,416457,2
1370722,2019-12-16,2020-01-06,,84081,606050,2
1370723,2019-12-16,2020-01-06,,84081,684794,2
1370724,2019-12-16,2020-01-06,,84081,685924,2
1370725,2019-12-16,2020-01-06,,84081,750148,2
1370726,2019-12-16,2020-01-06,,84081,938534,2
1370727,2019-12-16,2020-01-06,2019-12-28,84103,73369,1
1370728,2019-12-16,2020-01-06,,84103,150766,2
1370729,2019-12-16,2020-01-06,2019-12-29,84103,311462,1
1370730,2019-12-16,2020-01-06,,84103,489588,2
1370731,2019-12-16,2020-01-06,,84103,742659,2
1370732,2019-12-16,2020-01-06,,84214,142975,2
1370733,2019-12-16,2020-01-06,,84263,267839,2
1370734,2019-12-16,2020-01-06,,84472,553753,2
1370735,2019-12-16,2020-01-06,,84497,936265,2
1370736,2019-12-16,2020-01-06,,84640,406299,2
1370737,2019-12-16,2020-01-06,,84677,338106,2
1370738,2019-12-16,2020-01-06,,84677,569580,2
1370739,2019-12-16,2020-01-06,,84712,818479,2
1370740,2019-12-16,2020-01-06,,84713,693107,2
1370741,2019-12-16,2020-01-06,,84803,109610,2
1370742,2019-12-16,2020-01-06,,84885,330982,2
1370743,2019-12-16,2020-01-06,,85070,104307,2
1370744,2019-12-16,2020-01-06,,85273,692595,2
1370745,2019-12-16,2020-01-06,,85283,700603,2
1370746,2019-12-16,2020-01-06,,85357,349212,2
1370747,2019-12-16,2020-01-06,,85357,947469,2
1370748,2019-12-16,2020-01-06,,85422,816580,2
1370749,2019-12-16,2020-01-06,,85889,515863,2
1370750,2019-12-16,2020-01-06,,85911,227959,2
1370751,2019-12-16,2020-01-06,,85957,72200,2
1370752,2019-12-16,2020-01-06,,85958,201683,2
1370753,2019-12-16,2020-01-06,,85958,258271,2
1370754,2019-12-16,2020-01-06,,85958,885611,2
1370755,2019-12-16,2020-01-06,,85974,523088,2
1370756,2019-12-16,2020-01-06,,85974,780289,2
1370757,2019-12-16,2020-01-06,,86026,856503,2
1370758,2019-12-16,2020-01-06,,86088,104450,2
1370759,2019-12-16,2020-01-06,,86088,453947,2
1370760,2019-12-16,2020-01-06,,86148,683613,2
1370761,2019-12-16,2020-01-06,,86220,573773,2
1370762,2019-12-16,2020-01-06,,86261,819645,2
1370763,2019-12-16,2020-01-06,,86301,178119,2
1370764,2019-12-16,2020-01-06,,86323,226619,2
1370765,2019-12-16,2020-01-06,,86510,926842,2
1370766,2019-12-16,2020-01-06,,86545,686842,2
1370767,2019-12-16,2020-01-06,,86588,246313,2
1370768,2019-12-16,2020-01-06,,86628,272258,2
1370769,2019-12-16,2020-01-06,,86791,134406,2
1370770,2019-12-16,2020-01-06,2019-12-29,86813,387351,1
1370771,2019-12-16,2020-01-06,,86830,723052,2
1370772,2019-12-16,2020-01-06,,86902,94162,2
1370773,2019-12-16,2020-01-06,,87250,621579,2
1370774,2019-12-16,2020-01-06,,87315,619982,2
1370775,2019-12-16,2020-01-06,,87446,903407,2
1370776,2019-12-16,2020-01-06,,87469,808814,2
1370777,2019-12-16,2020-01-06,,87537,859850,2
1370778,2019-12-16,2020-01-06,,87707,240829,2
1370779,2019-12-16,2020-01-06,,87826,33762,2
1370780,2019-12-16,2020-01-06,2019-12-31,87826,287563,1
1370781,2019-12-16,2020-01-06,,87826,675040,2
1370782,2019-12-16,2020-01-06,,87960,943598,2
1370783,2019-12-16,2020-01-06,2019-12-26,88026,323936,1
1370784,2019-12-16,2020-01-06,2019-12-31,88311,347988,1
1370785,2019-12-16,2020-01-06,,88332,819294,2
1370786,2019-12-16,2020-01-06,,88343,504559,2
1370787,2019-12-16,2020-01-06,,88348,764586,2
1370788,2019-12-16,2020-01-06,,88474,769280,2
1370789,2019-12-16,2020-01-06,,88594,598019,2
1370790,2019-12-16,2020-01-06,,88651,205101,2
1370791,2019-12-16,2020-01-06,,88651,837605,2
1370792,2019-12-16,2020-01-06,,88651,865687,2
1370793,2019-12-16,2020-01-06,,88796,889431,2
1370794,2019-12-16,2020-01-06,,88812,418837,2
1370795,2019-12-16,2020-01-06,,88898,890494,2
1370796,2019-12-16,2020-01-06,,89178,649308,2
1370797,2019-12-16,2020-01-06,,89420,641346,2
1370798,2019-12-16,2020-01-06,,89426,333166,2
1370799,2019-12-16,2020-01-06,,89436,542775,2
1370800,2019-12-16,2020-01-06,,89444,269244,2
1370801,2019-12-16,2020-01-06,,89477,867575,2
1370802,2019-12-16,2020-01-06,,89641,927879,2
1370803,2019-12-16,2020-01-06,,89837,527073,2
1370804,2019-12-16,2020-01-06,,89889,482204,2
1370805,2019-12-16,2020-01-06,,89934,288879,2
1370806,2019-12-16,2020-01-06,,89938,434050,2
1370807,2019-12-16,2020-01-06,,90310,665391,2
1370808,2019-12-16,2020-01-06,,90399,129146,2
1370809,2019-12-16,2020-01-06,,90399,683272,2
1370810,2019-12-16,2020-01-06,,90444,17873,2
1370811,2019-12-16,2020-01-06,,90556,89652,2
1370812,2019-12-16,2020-01-06,,90578,681591,2
1370813,2019-12-16,2020-01-06,,90600,427137,2
1370814,2019-12-16,2020-01-06,,90668,80351,2
1370815,2019-12-16,2020-01-06,,90773,717922,2
1370816,2019-12-16,2020-01-06,,90795,551072,2
1370817,2019-12-16,2020-01-06,2019-12-31,90917,815299,1
1370818,2019-12-16,2020-01-06,,91061,46598,2
1370819,2019-12-16,2020-01-06,,91180,657924,2
1370820,2019-12-16,2020-01-06,,91352,645367,2
1370821,2019-12-16,2020-01-06,,91426,947413,2
1370822,2019-12-16,2020-01-06,2019-12-30,91490,947462,1
1370823,2019-12-16,2020-01-06,,91561,20062,2
1370824,2019-12-16,2020-01-06,2019-12-29,91656,315222,1
1370825,2019-12-16,2020-01-06,,91897,129996,2
1370826,2019-12-16,2020-01-06,,92040,946325,2
1370827,2019-12-16,2020-01-06,,92297,806273,2
1370828,2019-12-16,2020-01-06,,92314,832541,2
1370829,2019-12-16,2020-01-06,,92327,172922,2
1370830,2019-12-16,2020-01-06,2019-12-29,92337,517740,1
1370831,2019-12-16,2020-01-06,,92597,739031,2
1370832,2019-12-16,2020-01-06,,92630,127334,2
1370833,2019-12-16,2020-01-06,,92696,157033,2
1370834,2019-12-16,2020-01-06,,92696,173742,2
1370835,2019-12-16,2020-01-06,,93049,81417,2
1370836,2019-12-16,2020-01-06,,93049,621580,2
1370837,2019-12-16,2020-01-06,,93368,62787,2
1370838,2019-12-16,2020-01-06,,93749,241334,2
1370839,2019-12-16,2020-01-06,,93840,23132,2
1370840,2019-12-16,2020-01-06,,94178,434441,2
1370841,2019-12-16,2020-01-06,,94214,564819,2
1370842,2019-12-16,2020-01-06,,94340,784979,2
1370843,2019-12-16,2020-01-06,,94347,301482,2
1370844,2019-12-16,2020-01-06,,94352,447077,2
1370845,2019-12-16,2020-01-06,,94352,495092,2
1370846,2019-12-16,2020-01-06,,94352,833220,2
1370847,2019-12-16,2020-01-06,,94675,693009,2
1370848,2019-12-16,2020-01-06,2019-12-31,94799,154477,1
1370849,2019-12-16,2020-01-06,,94799,213012,2
1370850,2019-12-16,2020-01-06,,94799,405394,2
1370851,2019-12-16,2020-01-06,,94799,555453,2
1370852,2019-12-16,2020-01-06,,94799,566266,2
1370853,2019-12-16,2020-01-06,,94799,866398,2
1370854,2019-12-16,2020-01-06,,94852,235578,2
1370855,2019-12-16,2020-01-06,,94950,287656,2
1370856,2019-12-16,2020-01-06,,95073,352720,2
1370857,2019-12-16,2020-01-06,,95087,190145,2
1370858,2019-12-16,2020-01-06,,95093,98364,2
1370859,2019-12-16,2020-01-06,,95179,625479,2
1370860,2019-12-16,2020-01-06,,95247,567799,2
1370861,2019-12-16,2020-01-06,,95477,86857,2
1370862,2019-12-16,2020-01-06,,95543,494719,2
1370863,2019-12-16,2020-01-06,,95741,237125,2
1370864,2019-12-16,2020-01-06,,95768,109156,2
1370865,2019-12-16,2020-01-06,,95780,334688,2
1370866,2019-12-16,2020-01-06,,95790,898157,2
1370867,2019-12-16,2020-01-06,,96008,145009,2
1370868,2019-12-16,2020-01-06,,96093,867586,2
1370869,2019-12-16,2020-01-06,,96148,591470,2
1370870,2019-12-16,2020-01-06,,96184,72121,2
1370871,2019-12-16,2020-01-06,,96202,668742,2
1370872,2019-12-16,2020-01-06,,96214,340743,2
1370873,2019-12-16,2020-01-06,,96242,377524,2
1370874,2019-12-16,2020-01-06,,96272,625609,2
1370875,2019-12-16,2020-01-06,,96438,457465,2
1370876,2019-12-16,2020-01-06,,96438,476368,2
1370877,2019-12-16,2020-01-06,,96533,258696,2
1370878,2019-12-16,2020-01-06,,96571,443588,2
1370879,2019-12-16,2020-01-06,,96995,183746,2
1370880,2019-12-16,2020-01-06,,97107,139724,2
1370881,2019-12-16,2020-01-06,,97112,368587,2
1370882,2019-12-16,2020-01-06,,97318,486269,2
1370883,2019-12-16,2020-01-06,,97318,521500,2
1370884,2019-12-16,2020-01-06,,97319,163602,2
1370885,2019-12-16,2020-01-06,,97363,740724,2
1370886,2019-12-16,2020-01-06,,97367,192022,2
1370887,2019-12-16,2020-01-06,,97459,620154,2
1370888,2019-12-16,2020-01-06,,97496,109869,2
1370889,2019-12-16,2020-01-06,,97522,153863,2
1370890,2019-12-16,2020-01-06,,97547,664242,2
1370891,2019-12-16,2020-01-06,,97619,250898,2
1370892,2019-12-16,2020-01-06,,97720,686419,2
1370893,2019-12-16,2020-01-06,,98341,45736,2
1370894,2019-12-16,2020-01-06,,98362,649740,2
1370895,2019-12-16,2020-01-06,,98432,780038,2
1370896,2019-12-16,2020-01-06,,98442,149698,2
1370897,2019-12-16,2020-01-06,,98643,649030,2
1370898,2019-12-16,2020-01-06,,98713,835340,2
1370899,2019-12-16,2020-01-06,,98748,664254,2
1370900,2019-12-16,2020-01-06,,99000,751875,2
1370901,2019-12-16,2020-01-06,,99017,38849,2
1370902,2019-12-16,2020-01-06,,99071,825474,2
1370903,2019-12-16,2020-01-06,,99355,605565,2
1370904,2019-12-16,2020-01-06,,99361,309915,2
1370905,2019-12-16,2020-01-06,,99574,922162,2
1370906,2019-12-16,2020-01-06,,99869,791462,2
1370907,2019-12-16,2020-01-06,,100108,263435,2
1370908,2019-12-16,2020-01-06,2019-12-28,100213,32513,1
1370909,2019-12-16,2020-01-06,,100338,249936,2
1370910,2019-12-16,2020-01-06,2019-12-31,100495,431620,1
1370911,2019-12-16,2020-01-06,,100501,557668,2
1370912,2019-12-16,2020-01-06,,100501,650710,2
1370913,2019-12-16,2020-01-06,,100589,658891,2
1370914,2019-12-16,2020-01-06,,100594,4429,2
1370915,2019-12-16,2020-01-06,,100697,241,2
1370916,2019-12-16,2020-01-06,,100884,251329,2
1370917,2019-12-16,2020-01-06,,100884,591848,2
1370918,2019-12-16,2020-01-06,2019-12-30,100922,758495,1
1370919,2019-12-16,2020-01-06,2019-12-26,101124,565465,1
1370920,2019-12-16,2020-01-06,,101130,601155,2
1370921,2019-12-16,2020-01-06,,101197,121833,2
1370922,2019-12-16,2020-01-06,,101197,298994,2
1370923,2019-12-16,2020-01-06,,101246,923191,2
1370924,2019-12-16,2020-01-06,,101432,680978,2
1370925,2019-12-16,2020-01-06,,101463,203058,2
1370926,2019-12-16,2020-01-06,,101537,452958,2
1370927,2019-12-16,2020-01-06,,101627,552837,2
1370928,2019-12-16,2020-01-06,,101646,601167,2
1370929,2019-12-16,2020-01-06,,101823,331758,2
1370930,2019-12-16,2020-01-06,,101963,392797,2
1370931,2019-12-16,2020-01-06,,101985,899398,2
1370932,2019-12-16,2020-01-06,,102007,585235,2
1370933,2019-12-16,2020-01-06,,102101,321940,2
1370934,2019-12-16,2020-01-06,,102420,4514,2
1370935,2019-12-16,2020-01-06,,102563,517264,2
1370936,2019-12-16,2020-01-06,,102584,261850,2
1370937,2019-12-16,2020-01-06,,102665,61769,2
1370938,2019-12-16,2020-01-06,,102666,389144,2
1370939,2019-12-16,2020-01-06,,102698,481813,2
1370940,2019-12-16,2020-01-06,,102722,283893,2
1370941,2019-12-16,2020-01-06,,102852,471303,2
1370942,2019-12-16,2020-01-06,,102852,756791,2
1370943,2019-12-16,2020-01-06,2019-12-28,102863,568842,1
1370944,2019-12-16,2020-01-06,,102913,783614,2
1370945,2019-12-16,2020-01-06,,103266,691876,2
1370946,2019-12-16,2020-01-06,,103387,779174,2
1370947,2019-12-16,2020-01-06,,103486,830971,2
1370948,2019-12-16,2020-01-06,,103494,777431,2
1370949,2019-12-16,2020-01-06,,103833,840573,2
1370950,2019-12-16,2020-01-06,2019-12-29,103929,356305,1
1370951,2019-12-16,2020-01-06,,103944,5670,2
1370952,2019-12-16,2020-01-06,,104018,454706,2
1370953,2019-12-16,2020-01-06,,104018,490658,2
1370954,2019-12-16,2020-01-06,,104278,405664,2
1370955,2019-12-16,2020-01-06,,104285,822652,2
1370956,2019-12-16,2020-01-06,,104424,862811,2
1370957,2019-12-16,2020-01-06,,104496,686754,2
1370958,2019-12-16,2020-01-06,2019-12-29,104498,10035,1
1370959,2019-12-16,2020-01-06,,104511,594742,2
1370960,2019-12-16,2020-01-06,,104584,735838,2
1370961,2019-12-16,2020-01-06,,104764,567466,2
1370962,2019-12-16,2020-01-06,2019-12-29,104864,780420,1
1370963,2019-12-16,2020-01-06,,105032,752593,2
1370964,2019-12-16,2020-01-06,,105266,510783,2
1370965,2019-12-16,2020-01-06,,105669,676657,2
1370966,2019-12-16,2020-01-06,,105788,878097,2
1370967,2019-12-16,2020-01-06,,105907,99943,2
1370968,2019-12-16,2020-01-06,,105929,916596,2
1370969,2019-12-16,2020-01-06,2019-12-31,106027,370218,1
1370970,2019-12-16,2020-01-06,2019-12-28,106237,583589,1
1370971,2019-12-16,2020-01-06,,106242,172255,2
1370972,2019-12-16,2020-01-06,2019-12-31,106364,700597,1
1370973,2019-12-16,2020-01-06,,106634,731963,2
1370974,2019-12-16,2020-01-06,,106819,215180,2
1370975,2019-12-16,2020-01-06,,106880,351758,2
1370976,2019-12-16,2020-01-06,,106909,901448,2
1370977,2019-12-16,2020-01-06,,107409,466017,2
1370978,2019-12-16,2020-01-06,,107511,403532,2
1370979,2019-12-16,2020-01-06,,107688,273045,2
1370980,2019-12-16,2020-01-06,,107718,246638,2
1370981,2019-12-16,2020-01-06,,107738,24331,2
1370982,2019-12-16,2020-01-06,,107811,35305,2
1370983,2019-12-16,2020-01-06,,107818,428191,2
1370984,2019-12-16,2020-01-06,,107860,447254,2
1370985,2019-12-16,2020-01-06,,108285,104451,2
1370986,2019-12-16,2020-01-06,,108431,516237,2
1370987,2019-12-16,2020-01-06,,108716,486644,2
1370988,2019-12-16,2020-01-06,,108798,443589,2
1370989,2019-12-16,2020-01-06,,108918,499307,2
1370990,2019-12-16,2020-01-06,,109028,566734,2
1370991,2019-12-16,2020-01-06,,109041,840291,2
1370992,2019-12-16,2020-01-06,,109087,559250,2
1370993,2019-12-16,2020-01-06,,109129,851323,2
1370994,2019-12-16,2020-01-06,,109157,529562,2
1370995,2019-12-16,2020-01-06,,109284,21611,2
1370996,2019-12-16,2020-01-06,,109284,266701,2
1370997,2019-12-16,2020-01-06,,109284,299000,2
1370998,2019-12-16,2020-01-06,,109284,357446,2
1370999,2019-12-16,2020-01-06,,109284,464261,2
1371000,2019-12-16,2020-01-06,,109284,466979,2
1371001,2019-12-16,2020-01-06,,109284,735440,2
1371002,2019-12-16,2020-01-06,,109370,528723,2
1371003,2019-12-16,2020-01-06,,109393,535732,2
1371004,2019-12-16,2020-01-06,,109488,194352,2
1371005,2019-12-16,2020-01-06,,109490,699209,2
1371006,2019-12-16,2020-01-06,,109492,817133,2
1371007,2019-12-16,2020-01-06,,109508,24984,2
1371008,2019-12-16,2020-01-06,,109508,483750,2
1371009,2019-12-16,2020-01-06,,109508,661900,2
1371010,2019-12-16,2020-01-06,,109624,927249,2
1371011,2019-12-16,2020-01-06,,109890,191401,2
1371012,2019-12-16,2020-01-06,,109942,635649,2
1371013,2019-12-16,2020-01-06,,110078,244225,2
1371014,2019-12-16,2020-01-06,,110106,35318,2
1371015,2019-12-16,2020-01-06,,110111,883748,2
1371016,2019-12-16,2020-01-06,,110249,750799,2
1371017,2019-12-16,2020-01-06,,110283,397664,2
1371018,2019-12-16,2020-01-06,2019-12-28,110320,631717,1
1371019,2019-12-16,2020-01-06,,110393,506908,2
1371020,2019-12-16,2020-01-06,,110395,686686,2
1371021,2019-12-16,2020-01-06,,110488,83092,2
1371022,2019-12-16,2020-01-06,,110534,193559,2
1371023,2019-12-16,2020-01-06,,110589,100493,2
1371024,2019-12-16,2020-01-06,,110778,864812,2
1371025,2019-12-16,2020-01-06,,110790,840010,2
1371026,2019-12-16,2020-01-06,2019-12-27,110860,793144,1
1371027,2019-12-16,2020-01-06,,110876,560515,2
1371028,2019-12-16,2020-01-06,,111048,251164,2
1371029,2019-12-16,2020-01-06,2019-12-31,111070,849567,1
1371030,2019-12-16,2020-01-06,,111239,866609,2
1371031,2019-12-16,2020-01-06,,111240,721877,2
1371032,2019-12-16,2020-01-06,,111379,555336,2
1371033,2019-12-16,2020-01-06,,111438,116554,2
1371034,2019-12-16,2020-01-06,,111451,873604,2
1371035,2019-12-16,2020-01-06,,111583,875761,2
1371036,2019-12-16,2020-01-06,,111593,387193,2
1371037,2019-12-16,2020-01-06,,111644,838014,2
1371038,2019-12-16,2020-01-06,2019-12-30,111678,280870,1
1371039,2019-12-16,2020-01-06,,111772,77242,2
1371040,2019-12-16,2020-01-06,,111831,148383,2
1371041,2019-12-16,2020-01-06,,111837,1140,2
1371042,2019-12-16,2020-01-06,,112220,934779,2
1371043,2019-12-16,2020-01-06,,112386,846168,2
1371044,2019-12-16,2020-01-06,,112410,27805,2
1371045,2019-12-16,2020-01-06,,112424,91710,2
1371046,2019-12-16,2020-01-06,2019-12-30,112444,245812,1
1371047,2019-12-16,2020-01-06,,112493,247142,2
1371048,2019-12-16,2020-01-06,,112648,312949,2
1371049,2019-12-16,2020-01-06,,112732,242263,2
1371050,2019-12-16,2020-01-06,2019-12-29,112846,446927,1
1371051,2019-12-16,2020-01-06,,112904,745304,2
1371052,2019-12-16,2020-01-06,,112923,622146,2
1371053,2019-12-16,2020-01-06,,112923,775062,2
1371054,2019-12-16,2020-01-06,,112942,679195,2
1371055,2019-12-16,2020-01-06,,112955,173603,2
1371056,2019-12-16,2020-01-06,,113144,192699,2
1371057,2019-12-16,2020-01-06,,113158,762887,2
1371058,2019-12-16,2020-01-06,,113256,55602,2
1371059,2019-12-16,2020-01-06,2019-12-29,113256,207850,1
1371060,2019-12-16,2020-01-06,2019-12-29,113256,386302,1
1371061,2019-12-16,2020-01-06,,113256,494118,2
1371062,2019-12-16,2020-01-06,,113256,635308,2
1371063,2019-12-16,2020-01-06,,113256,752034,2
1371064,2019-12-16,2020-01-06,,113256,787036,2
1371065,2019-12-16,2020-01-06,,113356,17996,2
1371066,2019-12-16,2020-01-06,2019-12-31,113356,43182,1
1371067,2019-12-16,2020-01-06,,113356,432256,2
1371068,2019-12-16,2020-01-06,,113356,595606,2
1371069,2019-12-16,2020-01-06,2019-12-29,113590,467780,1
1371070,2019-12-16,2020-01-06,,113641,316871,2
1371071,2019-12-16,2020-01-06,,113738,416468,2
1371072,2019-12-16,2020-01-06,,113760,817717,2
1371073,2019-12-16,2020-01-06,,113770,59114,2
1371074,2019-12-16,2020-01-06,,113776,903022,2
1371075,2019-12-16,2020-01-06,2019-12-28,113797,576616,1
1371076,2019-12-16,2020-01-06,,113822,190594,2
1371077,2019-12-16,2020-01-06,,113852,395473,2
1371078,2019-12-16,2020-01-06,,113925,614342,2
1371079,2019-12-16,2020-01-06,,114005,875690,2
1371080,2019-12-16,2020-01-06,2019-12-29,114145,411036,1
1371081,2019-12-16,2020-01-06,2019-12-29,114323,676891,1
1371082,2019-12-16,2020-01-06,,114463,941883,2
1371083,2019-12-16,2020-01-06,,114624,475672,2
1371084,2019-12-16,2020-01-06,,114667,87656,2
1371085,2019-12-16,2020-01-06,,114710,231780,2
1371086,2019-12-16,2020-01-06,,114859,707174,2
1371087,2019-12-16,2020-01-06,,114870,851433,2
1371088,2019-12-16,2020-01-06,,114977,864320,2
1371089,2019-12-16,2020-01-06,,115013,279550,2
1371090,2019-12-16,2020-01-06,,115106,397691,2
1371091,2019-12-16,2020-01-06,,115128,455149,2
1371092,2019-12-16,2020-01-06,2019-12-30,115168,99931,1
1371093,2019-12-16,2020-01-06,,115289,702975,2
1371094,2019-12-16,2020-01-06,,115453,897377,2
1371095,2019-12-16,2020-01-06,,115476,29760,2
1371096,2019-12-16,2020-01-06,,115529,647893,2
1371097,2019-12-16,2020-01-06,,115545,363818,2
1371098,2019-12-16,2020-01-06,,115604,825734,2
1371099,2019-12-16,2020-01-06,,115833,9579,2
1371100,2019-12-16,2020-01-06,,115833,90533,2
1371101,2019-12-16,2020-01-06,,115833,802781,2
1371102,2019-12-16,2020-01-06,,115833,927323,2
1371103,2019-12-16,2020-01-06,,115866,344202,2
1371104,2019-12-16,2020-01-06,,115900,749917,2
1371105,2019-12-16,2020-01-06,,115941,339505,2
1371106,2019-12-16,2020-01-06,,116083,316163,2
1371107,2019-12-16,2020-01-06,,116242,544143,2
1371108,2019-12-16,2020-01-06,,116283,941910,2
1371109,2019-12-16,2020-01-06,,116391,142364,2
1371110,2019-12-16,2020-01-06,,116422,113342,2
1371111,2019-12-16,2020-01-06,,116450,649966,2
1371112,2019-12-16,2020-01-06,,116481,917073,2
1371113,2019-12-16,2020-01-06,,116826,592488,2
1371114,2019-12-16,2020-01-06,,116945,173329,2
1371115,2019-12-16,2020-01-06,,116967,318829,2
1371116,2019-12-16,2020-01-06,,117142,812184,2
1371117,2019-12-16,2020-01-06,,117222,704703,2
1371118,2019-12-16,2020-01-06,,117288,730689,2
1371119,2019-12-16,2020-01-06,,117337,486761,2
1371120,2019-12-16,2020-01-06,,117435,876431,2
1371121,2019-12-16,2020-01-06,,117479,330357,2
1371122,2019-12-16,2020-01-06,2019-12-31,117573,574141,1
1371123,2019-12-16,2020-01-06,,117573,626056,2
1371124,2019-12-16,2020-01-06,,117573,869528,2
1371125,2019-12-16,2020-01-06,,117580,14474,2
1371126,2019-12-16,2020-01-06,,117580,366471,2
1371127,2019-12-16,2020-01-06,,117580,686726,2
1371128,2019-12-16,2020-01-06,,117580,845001,2
1371129,2019-12-16,2020-01-06,,117604,212637,2
1371130,2019-12-16,2020-01-06,,117923,18456,2
1371131,2019-12-16,2020-01-06,,117923,170161,2
1371132,2019-12-16,2020-01-06,,117923,225355,2
1371133,2019-12-16,2020-01-06,,117923,338263,2
1371134,2019-12-16,2020-01-06,,117923,766250,2
1371135,2019-12-16,2020-01-06,,117923,862783,2
1371136,2019-12-16,2020-01-06,,118198,392276,2
1371137,2019-12-16,2020-01-06,,118283,376409,2
1371138,2019-12-16,2020-01-06,,118389,194120,2
1371139,2019-12-16,2020-01-06,,118568,45587,2
1371140,2019-12-16,2020-01-06,,118780,588358,2
1371141,2019-12-16,2020-01-06,,118884,343572,2
1371142,2019-12-16,2020-01-06,,118884,599805,2
1371143,2019-12-16,2020-01-06,,118985,103964,2
1371144,2019-12-16,2020-01-06,,119013,604942,2
1371145,2019-12-16,2020-01-06,,119215,86052,2
1371146,2019-12-16,2020-01-06,2019-12-29,119255,683295,1
1371147,2019-12-16,2020-01-06,,119277,690620,2
1371148,2019-12-16,2020-01-06,2019-12-31,119731,423715,1
1371149,2019-12-16,2020-01-06,,119731,918498,2
1371150,2019-12-16,2020-01-06,,119806,187971,2
1371151,2019-12-16,2020-01-06,,119821,63740,2
1371152,2019-12-16,2020-01-06,,119821,866304,2
1371153,2019-12-16,2020-01-06,,119955,34516,2
1371154,2019-12-16,2020-01-06,,119973,762605,2
1371155,2019-12-16,2020-01-06,,120210,584115,2
1371156,2019-12-16,2020-01-06,,120238,320903,2
1371157,2019-12-16,2020-01-06,,120428,316090,2
1371158,2019-12-16,2020-01-06,2019-12-30,120631,341947,1
1371159,2019-12-16,2020-01-06,,120632,770050,2
1371160,2019-12-16,2020-01-06,,120654,725579,2
1371161,2019-12-16,2020-01-06,,120659,581821,2
1371162,2019-12-16,2020-01-06,,120742,629206,2
1371163,2019-12-16,2020-01-06,,120790,248672,2
1371164,2019-12-16,2020-01-06,,121011,335395,2
1371165,2019-12-16,2020-01-06,,121206,161403,2
1371166,2019-12-16,2020-01-06,,121334,696173,2
1371167,2019-12-16,2020-01-06,,121335,581935,2
1371168,2019-12-16,2020-01-06,,121512,58254,2
1371169,2019-12-16,2020-01-06,,121696,927491,2
1371170,2019-12-16,2020-01-06,,121711,47516,2
1371171,2019-12-16,2020-01-06,,121713,142782,2
1371172,2019-12-16,2020-01-06,,121771,947964,2
1371173,2019-12-16,2020-01-06,,121897,812344,2
1371174,2019-12-16,2020-01-06,,121933,846860,2
1371175,2019-12-16,2020-01-06,,122045,391627,2
1371176,2019-12-16,2020-01-06,,122062,615617,2
1371177,2019-12-16,2020-01-06,,122072,239038,2
1371178,2019-12-16,2020-01-06,,122446,594620,2
1371179,2019-12-16,2020-01-06,2019-12-31,122531,383294,1
1371180,2019-12-16,2020-01-06,,122617,227325,2
1371181,2019-12-16,2020-01-06,,122872,722833,2
1371182,2019-12-16,2020-01-06,,122997,239186,2
1371183,2019-12-16,2020-01-06,,122997,812258,2
1371184,2019-12-16,2020-01-06,,123066,157337,2
1371185,2019-12-16,2020-01-06,,123108,826488,2
1371186,2019-12-16,2020-01-06,,123346,104534,2
1371187,2019-12-16,2020-01-06,,123476,426512,2
1371188,2019-12-16,2020-01-06,2019-12-29,123497,232591,1
1371189,2019-12-16,2020-01-06,,123536,530774,2
1371190,2019-12-16,2020-01-06,,123691,215490,2
1371191,2019-12-16,2020-01-06,,123903,797046,2
1371192,2019-12-16,2020-01-06,,124094,289761,2
1371193,2019-12-16,2020-01-06,,124111,518028,2
1371194,2019-12-16,2020-01-06,,124118,344744,2
1371195,2019-12-16,2020-01-06,,124211,850405,2
1371196,2019-12-16,2020-01-06,,124284,160115,2
1371197,2019-12-16,2020-01-06,,124371,818534,2
1371198,2019-12-16,2020-01-06,,124505,34388,2
1371199,2019-12-16,2020-01-06,,124798,93923,2
1371200,2019-12-16,2020-01-06,,124984,253091,2
1371201,2019-12-16,2020-01-06,,125038,156178,2
1371202,2019-12-16,2020-01-06,,125215,608587,2
1371203,2019-12-16,2020-01-06,,125258,618578,2
1371204,2019-12-16,2020-01-06,,125715,639664,2
1371205,2019-12-16,2020-01-06,,125721,924459,2
1371206,2019-12-16,2020-01-06,,125740,187783,2
1371207,2019-12-16,2020-01-06,,125882,742800,2
1371208,2019-12-16,2020-01-06,,125884,934945,2
1371209,2019-12-16,2020-01-06,,125932,278951,2
1371210,2019-12-16,2020-01-06,,126032,345313,2
1371211,2019-12-16,2020-01-06,,126125,923208,2
1371212,2019-12-16,2020-01-06,,126191,464878,2
1371213,2019-12-16,2020-01-06,,126240,571995,2
1371214,2019-12-16,2020-01-06,,126408,297467,2
1371215,2019-12-16,2020-01-06,,126978,726054,2
1371216,2019-12-16,2020-01-06,,127013,27892,2
1371217,2019-12-16,2020-01-06,,127020,48695,2
1371218,2019-12-16,2020-01-06,2019-12-27,127020,291224,1
1371219,2019-12-16,2020-01-06,2019-12-27,127020,645701,1
1371220,2019-12-16,2020-01-06,2019-12-30,127038,90808,1
1371221,2019-12-16,2020-01-06,,127042,707410,2
1371222,2019-12-16,2020-01-06,,127473,674387,2
1371223,2019-12-16,2020-01-06,,127510,165342,2
1371224,2019-12-16,2020-01-06,,127536,558250,2
1371225,2019-12-16,2020-01-06,,127575,329396,2
1371226,2019-12-16,2020-01-06,2019-12-31,127579,564477,1
1371227,2019-12-16,2020-01-06,,127685,419791,2
1371228,2019-12-16,2020-01-06,,127691,164060,2
1371229,2019-12-16,2020-01-06,,127709,425926,2
1371230,2019-12-16,2020-01-06,,127733,90818,2
1371231,2019-12-16,2020-01-06,,127779,465260,2
1371232,2019-12-16,2020-01-06,,127779,718401,2
1371233,2019-12-16,2020-01-06,,127862,150143,2
1371234,2019-12-16,2020-01-06,,128003,104826,2
1371235,2019-12-16,2020-01-06,,128006,664507,2
1371236,2019-12-16,2020-01-06,,128119,686902,2
1371237,2019-12-16,2020-01-06,,128237,2975,2
1371238,2019-12-16,2020-01-06,,128255,711658,2
1371239,2019-12-16,2020-01-06,,128387,729243,2
1371240,2019-12-16,2020-01-06,2019-12-30,128415,654905,1
1371241,2019-12-16,2020-01-06,,128521,374702,2
1371242,2019-12-16,2020-01-06,,128582,213687,2
1371243,2019-12-16,2020-01-06,,128702,926631,2
1371244,2019-12-16,2020-01-06,,128709,395220,2
1371245,2019-12-16,2020-01-06,,128709,644586,2
1371246,2019-12-16,2020-01-06,2019-12-30,128709,947175,1
1371247,2019-12-16,2020-01-06,,128750,93035,2
1371248,2019-12-16,2020-01-06,,128949,257461,2
1371249,2019-12-16,2020-01-06,,129007,722407,2
1371250,2019-12-16,2020-01-06,,129007,817643,2
1371251,2019-12-16,2020-01-06,,129048,737811,2
1371252,2019-12-16,2020-01-06,,129073,258836,2
1371253,2019-12-16,2020-01-06,,129121,629393,2
1371254,2019-12-16,2020-01-06,,129175,35924,2
1371255,2019-12-16,2020-01-06,,129194,133500,2
1371256,2019-12-16,2020-01-06,,129209,290234,2
1371257,2019-12-16,2020-01-06,,129472,916292,2
1371258,2019-12-16,2020-01-06,2019-12-31,129534,517618,1
1371259,2019-12-16,2020-01-06,,129631,529424,2
1371260,2019-12-16,2020-01-06,,129722,487453,2
1371261,2019-12-16,2020-01-06,,129863,787243,2
1371262,2019-12-16,2020-01-06,,129891,136732,2
1371263,2019-12-16,2020-01-06,2019-12-28,129896,476050,1
1371264,2019-12-16,2020-01-06,,129896,770819,2
1371265,2019-12-16,2020-01-06,,130007,14489,2
1371266,2019-12-16,2020-01-06,,130007,72257,2
1371267,2019-12-16,2020-01-06,,130007,78596,2
1371268,2019-12-16,2020-01-06,,130007,326630,2
1371269,2019-12-16,2020-01-06,,130007,690242,2
1371270,2019-12-16,2020-01-06,,130007,926849,2
1371271,2019-12-16,2020-01-06,,130160,606800,2
1371272,2019-12-16,2020-01-06,,130172,324772,2
1371273,2019-12-16,2020-01-06,,130311,707109,2
1371274,2019-12-16,2020-01-06,,130318,321739,2
1371275,2019-12-16,2020-01-06,,130318,647995,2
1371276,2019-12-16,2020-01-06,,130318,823660,2
1371277,2019-12-16,2020-01-06,,130484,80559,2
1371278,2019-12-16,2020-01-06,,130562,753569,2
1371279,2019-12-16,2020-01-06,,130848,767990,2
1371280,2019-12-16,2020-01-06,,130902,304973,2
1371281,2019-12-16,2020-01-06,,130963,688421,2
1371282,2019-12-16,2020-01-06,,131103,951415,2
1371283,2019-12-16,2020-01-06,,131109,91782,2
1371284,2019-12-16,2020-01-06,2019-12-29,131131,754721,1
1371285,2019-12-16,2020-01-06,,131457,140083,2
1371286,2019-12-16,2020-01-06,,131689,265320,2
1371287,2019-12-16,2020-01-06,,131777,835383,2
1371288,2019-12-16,2020-01-06,,132018,285147,2
1371289,2019-12-16,2020-01-06,,132133,604924,2
1371290,2019-12-16,2020-01-06,,132144,410724,2
1371291,2019-12-16,2020-01-06,,132144,574550,2
1371292,2019-12-16,2020-01-06,,132144,896229,2
1371293,2019-12-16,2020-01-06,2019-12-30,132272,167391,1
1371294,2019-12-16,2020-01-06,2019-12-31,132312,376491,1
1371295,2019-12-16,2020-01-06,,132339,55311,2
1371296,2019-12-16,2020-01-06,,132350,815300,2
1371297,2019-12-16,2020-01-06,,132385,280803,2
1371298,2019-12-16,2020-01-06,,132482,194598,2
1371299,2019-12-16,2020-01-06,,132516,111198,2
1371300,2019-12-16,2020-01-06,,132516,152728,2
1371301,2019-12-16,2020-01-06,,132516,496068,2
1371302,2019-12-16,2020-01-06,,132516,847344,2
1371303,2019-12-16,2020-01-06,,132532,364753,2
1371304,2019-12-16,2020-01-06,,132664,133022,2
1371305,2019-12-16,2020-01-06,,132868,566167,2
1371306,2019-12-16,2020-01-06,,132878,350434,2
1371307,2019-12-16,2020-01-06,,132927,532706,2
1371308,2019-12-16,2020-01-06,,133010,17762,2
1371309,2019-12-16,2020-01-06,,133010,260015,2
1371310,2019-12-16,2020-01-06,,133010,823626,2
1371311,2019-12-16,2020-01-06,,133259,698709,2
1371312,2019-12-16,2020-01-06,,133297,400497,2
1371313,2019-12-16,2020-01-06,,133400,122413,2
1371314,2019-12-16,2020-01-06,,133517,858914,2
1371315,2019-12-16,2020-01-06,,133574,158319,2
1371316,2019-12-16,2020-01-06,,133595,509844,2
1371317,2019-12-16,2020-01-06,,133739,804388,2
1371318,2019-12-16,2020-01-06,,133753,160186,2
1371319,2019-12-16,2020-01-06,2019-12-29,133865,226239,1
1371320,2019-12-16,2020-01-06,,133975,525610,2
1371321,2019-12-16,2020-01-06,,134167,785415,2
1371322,2019-12-16,2020-01-06,,134362,880859,2
1371323,2019-12-16,2020-01-06,,134367,472791,2
1371324,2019-12-16,2020-01-06,,134367,509359,2
1371325,2019-12-16,2020-01-06,,134367,810915,2
1371326,2019-12-16,2020-01-06,,134576,91786,2
1371327,2019-12-16,2020-01-06,,134589,676811,2
1371328,2019-12-16,2020-01-06,,134628,49981,2
1371329,2019-12-16,2020-01-06,,134737,928009,2
1371330,2019-12-16,2020-01-06,,134739,460150,2
1371331,2019-12-16,2020-01-06,,134808,331385,2
1371332,2019-12-16,2020-01-06,,134818,166151,2
1371333,2019-12-16,2020-01-06,,135110,341744,2
1371334,2019-12-16,2020-01-06,,135197,181268,2
1371335,2019-12-16,2020-01-06,,135257,307511,2
1371336,2019-12-16,2020-01-06,,135469,577337,2
1371337,2019-12-16,2020-01-06,,135703,514227,2
1371338,2019-12-16,2020-01-06,,135710,519280,2
1371339,2019-12-16,2020-01-06,,135731,588319,2
1371340,2019-12-16,2020-01-06,,135821,700866,2
1371341,2019-12-16,2020-01-06,,135912,944618,2
1371342,2019-12-16,2020-01-06,2019-12-29,135957,707456,1
1371343,2019-12-16,2020-01-06,,135976,158093,2
1371344,2019-12-16,2020-01-06,,136203,683227,2
1371345,2019-12-16,2020-01-06,,136353,359215,2
1371346,2019-12-16,2020-01-06,2019-12-31,136353,847224,1
1371347,2019-12-16,2020-01-06,,136460,903464,2
1371348,2019-12-16,2020-01-06,,136684,26497,2
1371349,2019-12-16,2020-01-06,,136684,421446,2
1371350,2019-12-16,2020-01-06,,136684,444713,2
1371351,2019-12-16,2020-01-06,,136739,771001,2
1371352,2019-12-16,2020-01-06,2019-12-31,136769,498243,1
1371353,2019-12-16,2020-01-06,,136848,666385,2
1371354,2019-12-16,2020-01-06,,136961,485900,2
1371355,2019-12-16,2020-01-06,,137564,59133,2
1371356,2019-12-16,2020-01-06,,137904,392058,2
1371357,2019-12-16,2020-01-06,,138057,776949,2
1371358,2019-12-16,2020-01-06,,138205,845862,2
1371359,2019-12-16,2020-01-06,,138290,244416,2
1371360,2019-12-16,2020-01-06,,138324,678634,2
1371361,2019-12-16,2020-01-06,,138531,385106,2
1371362,2019-12-16,2020-01-06,,138601,574082,2
1371363,2019-12-16,2020-01-06,,138616,812194,2
1371364,2019-12-16,2020-01-06,,138823,561530,2
1371365,2019-12-16,2020-01-06,,138860,72244,2
1371366,2019-12-16,2020-01-06,2019-12-28,138910,625427,1
1371367,2019-12-16,2020-01-06,,138977,403860,2
1371368,2019-12-16,2020-01-06,,138977,565166,2
1371369,2019-12-16,2020-01-06,,139093,602583,2
1371370,2019-12-16,2020-01-06,,139409,801575,2
1371371,2019-12-16,2020-01-06,,139427,181400,2
1371372,2019-12-16,2020-01-06,,139443,595263,2
1371373,2019-12-16,2020-01-06,,139829,76062,2
1371374,2019-12-16,2020-01-06,2019-12-28,139902,166601,1
1371375,2019-12-16,2020-01-06,,139974,447986,2
1371376,2019-12-16,2020-01-06,,140192,171540,2
1371377,2019-12-16,2020-01-06,,140192,502343,2
1371378,2019-12-16,2020-01-06,,140309,680010,2
1371379,2019-12-16,2020-01-06,,140312,87762,2
1371380,2019-12-16,2020-01-06,,140402,445415,2
1371381,2019-12-16,2020-01-06,,140402,622627,2
1371382,2019-12-16,2020-01-06,,140402,868837,2
1371383,2019-12-16,2020-01-06,,140433,334625,2
1371384,2019-12-16,2020-01-06,2019-12-29,140434,622633,1
1371385,2019-12-16,2020-01-06,2019-12-27,140434,895547,1
1371386,2019-12-16,2020-01-06,,140557,419758,2
1371387,2019-12-16,2020-01-06,,140568,792128,2
1371388,2019-12-16,2020-01-06,,140588,574410,2
1371389,2019-12-16,2020-01-06,,140594,302697,2
1371390,2019-12-16,2020-01-06,,140616,785916,2
1371391,2019-12-16,2020-01-06,,140673,634228,2
1371392,2019-12-16,2020-01-06,,140708,144457,2
1371393,2019-12-16,2020-01-06,,140731,280045,2
1371394,2019-12-16,2020-01-06,,140734,352323,2
1371395,2019-12-16,2020-01-06,,140744,641248,2
1371396,2019-12-16,2020-01-06,,140949,574363,2
1371397,2019-12-16,2020-01-06,,140975,846210,2
1371398,2019-12-16,2020-01-06,,141218,767333,2
1371399,2019-12-16,2020-01-06,,141362,154528,2
1371400,2019-12-16,2020-01-06,,141362,173086,2
1371401,2019-12-16,2020-01-06,,141362,469615,2
1371402,2019-12-16,2020-01-06,,141437,35364,2
1371403,2019-12-16,2020-01-06,,141437,55390,2
1371404,2019-12-16,2020-01-06,,141437,315241,2
1371405,2019-12-16,2020-01-06,,141471,525160,2
1371406,2019-12-16,2020-01-06,,141535,203764,2
1371407,2019-12-16,2020-01-06,,141535,217174,2
1371408,2019-12-16,2020-01-06,,141535,242312,2
1371409,2019-12-16,2020-01-06,,141535,358168,2
1371410,2019-12-16,2020-01-06,,141535,377700,2
1371411,2019-12-16,2020-01-06,,141535,421980,2
1371412,2019-12-16,2020-01-06,2019-12-29,141535,481571,1
1371413,2019-12-16,2020-01-06,,141535,557258,2
1371414,2019-12-16,2020-01-06,,141535,683330,2
1371415,2019-12-16,2020-01-06,,141647,89118,2
1371416,2019-12-16,2020-01-06,,141658,865259,2
1371417,2019-12-16,2020-01-06,,141698,44051,2
1371418,2019-12-16,2020-01-06,,141698,75103,2
1371419,2019-12-16,2020-01-06,,141698,114576,2
1371420,2019-12-16,2020-01-06,,141698,182526,2
1371421,2019-12-16,2020-01-06,,141698,235306,2
1371422,2019-12-16,2020-01-06,,141698,495719,2
1371423,2019-12-16,2020-01-06,,141698,537493,2
1371424,2019-12-16,2020-01-06,,141698,554280,2
1371425,2019-12-16,2020-01-06,,141698,835624,2
1371426,2019-12-16,2020-01-06,,141916,365964,2
1371427,2019-12-16,2020-01-06,,142107,768637,2
1371428,2019-12-16,2020-01-06,,142130,698368,2
1371429,2019-12-16,2020-01-06,2019-12-29,142494,830031,1
1371430,2019-12-16,2020-01-06,,142512,225874,2
1371431,2019-12-16,2020-01-06,,142651,780578,2
1371432,2019-12-16,2020-01-06,,142652,709950,2
1371433,2019-12-16,2020-01-06,,142760,762259,2
1371434,2019-12-16,2020-01-06,,142925,561500,2
1371435,2019-12-16,2020-01-06,,143026,154586,2
1371436,2019-12-16,2020-01-06,,143033,193920,2
1371437,2019-12-16,2020-01-06,2019-12-31,143204,24357,1
1371438,2019-12-16,2020-01-06,,143330,306521,2
1371439,2019-12-16,2020-01-06,2019-12-27,143364,916018,1
1371440,2019-12-16,2020-01-06,,143439,662698,2
1371441,2019-12-16,2020-01-06,2019-12-30,143558,652000,1
1371442,2019-12-16,2020-01-06,,143713,514621,2
1371443,2019-12-16,2020-01-06,2019-12-27,143938,738574,1
1371444,2019-12-16,2020-01-06,,144169,864691,2
1371445,2019-12-16,2020-01-06,,144257,199809,2
1371446,2019-12-16,2020-01-06,2019-12-29,144336,444706,1
1371447,2019-12-16,2020-01-06,2019-12-31,144336,712318,1
1371448,2019-12-16,2020-01-06,,144337,146569,2
1371449,2019-12-16,2020-01-06,,144529,148279,2
1371450,2019-12-16,2020-01-06,,144709,278616,2
1371451,2019-12-16,2020-01-06,,144753,654773,2
1371452,2019-12-16,2020-01-06,,144760,188828,2
1371453,2019-12-16,2020-01-06,,144831,98807,2
1371454,2019-12-16,2020-01-06,,144860,632855,2
1371455,2019-12-16,2020-01-06,2019-12-29,145002,856532,1
1371456,2019-12-16,2020-01-06,,145096,414420,2
1371457,2019-12-16,2020-01-06,,145167,297732,2
1371458,2019-12-16,2020-01-06,2019-12-28,145257,857231,1
1371459,2019-12-16,2020-01-06,,145297,32514,2
1371460,2019-12-16,2020-01-06,,145301,157519,2
1371461,2019-12-16,2020-01-06,,145455,615144,2
1371462,2019-12-16,2020-01-06,,145503,389510,2
1371463,2019-12-16,2020-01-06,,145589,358140,2
1371464,2019-12-16,2020-01-06,,145650,511230,2
1371465,2019-12-16,2020-01-06,,145726,75079,2
1371466,2019-12-16,2020-01-06,,145736,101506,2
1371467,2019-12-16,2020-01-06,,145886,13998,2
1371468,2019-12-16,2020-01-06,,145886,81419,2
1371469,2019-12-16,2020-01-06,,145909,255839,2
1371470,2019-12-16,2020-01-06,2019-12-30,146093,198593,1
1371471,2019-12-16,2020-01-06,,146126,710184,2
1371472,2019-12-16,2020-01-06,,146202,949963,2
1371473,2019-12-16,2020-01-06,,146684,92147,2
1371474,2019-12-16,2020-01-06,,146684,475330,2
1371475,2019-12-16,2020-01-06,,146684,509451,2
1371476,2019-12-16,2020-01-06,2019-12-30,146684,710991,1
1371477,2019-12-16,2020-01-06,2019-12-29,146684,783720,1
1371478,2019-12-16,2020-01-06,,146684,786037,2
1371479,2019-12-16,2020-01-06,,146789,331996,2
1371480,2019-12-16,2020-01-06,,146910,48696,2
1371481,2019-12-16,2020-01-06,,146910,342613,2
1371482,2019-12-16,2020-01-06,,147001,549502,2
1371483,2019-12-16,2020-01-06,,147017,277661,2
1371484,2019-12-16,2020-01-06,2019-12-30,147180,701148,1
1371485,2019-12-16,2020-01-06,,147180,736422,2
1371486,2019-12-16,2020-01-06,,147418,542209,2
1371487,2019-12-16,2020-01-06,,147869,875904,2
1371488,2019-12-16,2020-01-06,,147968,81636,2
1371489,2019-12-16,2020-01-06,,148083,529826,2
1371490,2019-12-16,2020-01-06,,148147,864093,2
1371491,2019-12-16,2020-01-06,,148193,152306,2
1371492,2019-12-16,2020-01-06,,148261,950142,2
1371493,2019-12-16,2020-01-06,,148341,648974,2
1371494,2019-12-16,2020-01-06,,148482,903058,2
1371495,2019-12-16,2020-01-06,,148506,327109,2
1371496,2019-12-16,2020-01-06,2019-12-31,148506,593115,1
1371497,2019-12-16,2020-01-06,,148528,225660,2
1371498,2019-12-16,2020-01-06,,148560,167872,2
1371499,2019-12-16,2020-01-06,,148560,393920,2
1371500,2019-12-16,2020-01-06,2019-12-31,148608,598426,1
1371501,2019-12-16,2020-01-06,,148608,699904,2
1371502,2019-12-16,2020-01-06,,148775,576644,2
1371503,2019-12-16,2020-01-06,,148828,706443,2
1371504,2019-12-16,2020-01-06,,148920,417406,2
1371505,2019-12-16,2020-01-06,,149206,104318,2
1371506,2019-12-16,2020-01-06,,149240,330539,2
1371507,2019-12-16,2020-01-06,,149535,740392,2
1371508,2019-12-16,2020-01-06,,149811,251330,2
1371509,2019-12-16,2020-01-06,,149891,909152,2
1371510,2019-12-16,2020-01-06,,149927,188777,2
1371511,2019-12-16,2020-01-06,,149947,170669,2
1371512,2019-12-16,2020-01-06,,150028,707251,2
1371513,2019-12-16,2020-01-06,,150057,701564,2
1371514,2019-12-16,2020-01-06,,150085,426400,2
1371515,2019-12-16,2020-01-06,,150162,342743,2
1371516,2019-12-16,2020-01-06,,150170,336126,2
1371517,2019-12-16,2020-01-06,,150237,508841,2
1371518,2019-12-16,2020-01-06,2019-12-29,150245,584383,1
1371519,2019-12-16,2020-01-06,,150284,376211,2
1371520,2019-12-16,2020-01-06,,150395,105482,2
1371521,2019-12-16,2020-01-06,,150447,796157,2
1371522,2019-12-16,2020-01-06,,150542,632589,2
1371523,2019-12-16,2020-01-06,,150604,782117,2
1371524,2019-12-16,2020-01-06,,150789,389742,2
1371525,2019-12-16,2020-01-06,,150810,681096,2
1371526,2019-12-16,2020-01-06,,150822,927975,2
1371527,2019-12-16,2020-01-06,,150848,336691,2
1371528,2019-12-16,2020-01-06,,150848,403878,2
1371529,2019-12-16,2020-01-06,,150862,398861,2
1371530,2019-12-16,2020-01-06,,150910,470064,2
1371531,2019-12-16,2020-01-06,,150930,26605,2
1371532,2019-12-16,2020-01-06,,150955,335271,2
1371533,2019-12-16,2020-01-06,,150960,181264,2
1371534,2019-12-16,2020-01-06,,151002,679758,2
1371535,2019-12-16,2020-01-06,,151119,788545,2
1371536,2019-12-16,2020-01-06,,151320,216740,2
1371537,2019-12-16,2020-01-06,,151324,21276,2
1371538,2019-12-16,2020-01-06,,151324,166346,2
1371539,2019-12-16,2020-01-06,,151324,261023,2
1371540,2019-12-16,2020-01-06,,151324,465173,2
1371541,2019-12-16,2020-01-06,,151324,642806,2
1371542,2019-12-16,2020-01-06,,151452,902933,2
1371543,2019-12-16,2020-01-06,,151648,423623,2
1371544,2019-12-16,2020-01-06,,151933,479509,2
1371545,2019-12-16,2020-01-06,,151978,339695,2
1371546,2019-12-16,2020-01-06,,152107,837205,2
1371547,2019-12-16,2020-01-06,2019-12-30,152199,878205,1
1371548,2019-12-16,2020-01-06,,152214,594072,2
1371549,2019-12-16,2020-01-06,,152428,127136,2
1371550,2019-12-16,2020-01-06,,152636,118280,2
1371551,2019-12-16,2020-01-06,,152646,805327,2
1371552,2019-12-16,2020-01-06,,152913,469772,2
1371553,2019-12-16,2020-01-06,,152915,837795,2
1371554,2019-12-16,2020-01-06,,153128,63307,2
1371555,2019-12-16,2020-01-06,2019-12-28,153243,949672,1
1371556,2019-12-16,2020-01-06,,153254,620160,2
1371557,2019-12-16,2020-01-06,2019-12-30,153279,436799,1
1371558,2019-12-16,2020-01-06,,153306,456191,2
1371559,2019-12-16,2020-01-06,,153601,398180,2
1371560,2019-12-16,2020-01-06,,153635,286581,2
1371561,2019-12-16,2020-01-06,,153766,217887,2
1371562,2019-12-16,2020-01-06,,153766,477766,2
1371563,2019-12-16,2020-01-06,,153775,156662,2
1371564,2019-12-16,2020-01-06,,153888,17671,2
1371565,2019-12-16,2020-01-06,,153967,123471,2
1371566,2019-12-16,2020-01-06,2019-12-30,154067,221603,1
1371567,2019-12-16,2020-01-06,,154194,63070,2
1371568,2019-12-16,2020-01-06,,154287,600575,2
1371569,2019-12-16,2020-01-06,,154389,385654,2
1371570,2019-12-16,2020-01-06,,154389,441763,2
1371571,2019-12-16,2020-01-06,,154563,664229,2
1371572,2019-12-16,2020-01-06,,154807,603255,2
1371573,2019-12-16,2020-01-06,,154876,939104,2
1371574,2019-12-16,2020-01-06,,154898,694056,2
1371575,2019-12-16,2020-01-06,,154902,444156,2
1371576,2019-12-16,2020-01-06,,154904,106515,2
1371577,2019-12-16,2020-01-06,,154931,566683,2
1371578,2019-12-16,2020-01-06,,155046,474392,2
1371579,2019-12-16,2020-01-06,2019-12-27,155096,243175,1
1371580,2019-12-16,2020-01-06,,155298,262979,2
1371581,2019-12-16,2020-01-06,,155429,620852,2
1371582,2019-12-16,2020-01-06,,155431,670949,2
1371583,2019-12-16,2020-01-06,,155431,720533,2
1371584,2019-12-16,2020-01-06,,155431,944145,2
1371585,2019-12-16,2020-01-06,,155607,355895,2
1371586,2019-12-16,2020-01-06,,155663,105134,2
1371587,2019-12-16,2020-01-06,,155679,925770,2
1371588,2019-12-16,2020-01-06,,155836,929636,2
1371589,2019-12-16,2020-01-06,,155856,841066,2
1371590,2019-12-16,2020-01-06,2019-12-26,155886,461869,1
1371591,2019-12-16,2020-01-06,2019-12-30,155972,350926,1
1371592,2019-12-16,2020-01-06,,155972,800022,2
1371593,2019-12-16,2020-01-06,,155972,931084,2
1371594,2019-12-16,2020-01-06,,156021,132099,2
1371595,2019-12-16,2020-01-06,,156035,231377,2
1371596,2019-12-16,2020-01-06,2019-12-31,156115,881475,1
1371597,2019-12-16,2020-01-06,,156252,348665,2
1371598,2019-12-16,2020-01-06,,156422,694395,2
1371599,2019-12-16,2020-01-06,,156456,49784,2
1371600,2019-12-16,2020-01-06,,156470,315248,2
1371601,2019-12-16,2020-01-06,,156482,17520,2
1371602,2019-12-16,2020-01-06,,156493,15307,2
1371603,2019-12-16,2020-01-06,,156614,166086,2
1371604,2019-12-16,2020-01-06,,156641,642900,2
1371605,2019-12-16,2020-01-06,,156677,444753,2
1371606,2019-12-16,2020-01-06,,156719,330983,2
1371607,2019-12-16,2020-01-06,,156792,686700,2
1371608,2019-12-16,2020-01-06,,156822,181316,2
1371609,2019-12-16,2020-01-06,,156912,44478,2
1371610,2019-12-16,2020-01-06,,156912,303902,2
1371611,2019-12-16,2020-01-06,,156912,365647,2
1371612,2019-12-16,2020-01-06,2019-12-28,156912,951416,1
1371613,2019-12-16,2020-01-06,,156918,766400,2
1371614,2019-12-16,2020-01-06,,156940,546558,2
1371615,2019-12-16,2020-01-06,,157105,920718,2
1371616,2019-12-16,2020-01-06,,157245,474041,2
1371617,2019-12-16,2020-01-06,,157313,13100,2
1371618,2019-12-16,2020-01-06,,157342,382796,2
1371619,2019-12-16,2020-01-06,,157342,911104,2
1371620,2019-12-16,2020-01-06,,157500,648707,2
1371621,2019-12-16,2020-01-06,,157507,379361,2
1371622,2019-12-16,2020-01-06,,157705,630154,2
1371623,2019-12-16,2020-01-06,,157738,49139,2
1371624,2019-12-16,2020-01-06,,157827,500412,2
1371625,2019-12-16,2020-01-06,,157920,241805,2
1371626,2019-12-16,2020-01-06,,158034,111354,2
1371627,2019-12-16,2020-01-06,,158259,699037,2
1371628,2019-12-16,2020-01-06,,158491,847430,2
1371629,2019-12-16,2020-01-06,,158532,428696,2
1371630,2019-12-16,2020-01-06,2019-12-30,158564,698315,1
1371631,2019-12-16,2020-01-06,,158613,802860,2
1371632,2019-12-16,2020-01-06,,158643,412404,2
1371633,2019-12-16,2020-01-06,,158643,419116,2
1371634,2019-12-16,2020-01-06,,158666,9794,2
1371635,2019-12-16,2020-01-06,,158666,403861,2
1371636,2019-12-16,2020-01-06,,158666,501355,2
1371637,2019-12-16,2020-01-06,,158683,360391,2
1371638,2019-12-16,2020-01-06,,159369,81826,2
1371639,2019-12-16,2020-01-06,,159512,343792,2
1371640,2019-12-16,2020-01-06,,159512,618870,2
1371641,2019-12-16,2020-01-06,,159520,851263,2
1371642,2019-12-17,2020-01-07,,221,264766,2
1371643,2019-12-17,2020-01-07,,265,143673,2
1371644,2019-12-17,2020-01-07,,342,617255,2
1371645,2019-12-17,2020-01-07,,359,223004,2
1371646,2019-12-17,2020-01-07,,359,496487,2
1371647,2019-12-17,2020-01-07,,523,240163,2
1371648,2019-12-17,2020-01-07,,594,175114,2
1371649,2019-12-17,2020-01-07,,594,492904,2
1371650,2019-12-17,2020-01-07,,717,844230,2
1371651,2019-12-17,2020-01-07,,779,480722,2
1371652,2019-12-17,2020-01-07,,840,274890,2
1371653,2019-12-17,2020-01-07,,886,217252,2
1371654,2019-12-17,2020-01-07,,1081,35400,2
1371655,2019-12-17,2020-01-07,2019-12-31,1081,49487,1
1371656,2019-12-17,2020-01-07,,1081,452475,2
1371657,2019-12-17,2020-01-07,,1304,855743,2
1371658,2019-12-17,2020-01-07,,1664,841923,2
1371659,2019-12-17,2020-01-07,,1739,350373,2
1371660,2019-12-17,2020-01-07,,1739,639469,2
1371661,2019-12-17,2020-01-07,,1739,868832,2
1371662,2019-12-17,2020-01-07,2019-12-30,1770,23379,1
1371663,2019-12-17,2020-01-07,,1859,220232,2
1371664,2019-12-17,2020-01-07,,2117,181586,2
1371665,2019-12-17,2020-01-07,,2145,701187,2
1371666,2019-12-17,2020-01-07,,2367,471428,2
1371667,2019-12-17,2020-01-07,,2406,879180,2
1371668,2019-12-17,2020-01-07,,2472,345685,2
1371669,2019-12-17,2020-01-07,,2584,184818,2
1371670,2019-12-17,2020-01-07,,2597,74196,2
1371671,2019-12-17,2020-01-07,,2597,109044,2
1371672,2019-12-17,2020-01-07,,2597,111959,2
1371673,2019-12-17,2020-01-07,,2597,242330,2
1371674,2019-12-17,2020-01-07,,2597,612761,2
1371675,2019-12-17,2020-01-07,,2610,762900,2
1371676,2019-12-17,2020-01-07,,2635,460574,2
1371677,2019-12-17,2020-01-07,,2688,419010,2
1371678,2019-12-17,2020-01-07,,2849,308530,2
1371679,2019-12-17,2020-01-07,,2903,403250,2
1371680,2019-12-17,2020-01-07,,2903,689242,2
1371681,2019-12-17,2020-01-07,,3009,231838,2
1371682,2019-12-17,2020-01-07,,3013,460038,2
1371683,2019-12-17,2020-01-07,,3112,348869,2
1371684,2019-12-17,2020-01-07,,3751,561911,2
1371685,2019-12-17,2020-01-07,,3782,170496,2
1371686,2019-12-17,2020-01-07,,3819,252543,2
1371687,2019-12-17,2020-01-07,,3933,501766,2
1371688,2019-12-17,2020-01-07,,3967,14499,2
1371689,2019-12-17,2020-01-07,,4097,677378,2
1371690,2019-12-17,2020-01-07,,4403,339870,2
1371691,2019-12-17,2020-01-07,,4437,636679,2
1371692,2019-12-17,2020-01-07,,4590,738397,2
1371693,2019-12-17,2020-01-07,,4658,426004,2
1371694,2019-12-17,2020-01-07,,4832,34614,2
1371695,2019-12-17,2020-01-07,,4918,352472,2
1371696,2019-12-17,2020-01-07,,4918,434489,2
1371697,2019-12-17,2020-01-07,,4918,916602,2
1371698,2019-12-17,2020-01-07,,5056,160330,2
1371699,2019-12-17,2020-01-07,,5123,918222,2
1371700,2019-12-17,2020-01-07,,5151,648777,2
1371701,2019-12-17,2020-01-07,,5164,32683,2
1371702,2019-12-17,2020-01-07,,5439,436961,2
1371703,2019-12-17,2020-01-07,,5504,764628,2
1371704,2019-12-17,2020-01-07,,5510,581960,2
1371705,2019-12-17,2020-01-07,,5521,40411,2
1371706,2019-12-17,2020-01-07,,6063,572705,2
1371707,2019-12-17,2020-01-07,,6119,363245,2
1371708,2019-12-17,2020-01-07,,6141,31730,2
1371709,2019-12-17,2020-01-07,,6292,214275,2
1371710,2019-12-17,2020-01-07,,6517,424328,2
1371711,2019-12-17,2020-01-07,,6579,778080,2
1371712,2019-12-17,2020-01-07,,6603,476400,2
1371713,2019-12-17,2020-01-07,,6619,446004,2
1371714,2019-12-17,2020-01-07,,6725,538676,2
1371715,2019-12-17,2020-01-07,,6725,629659,2
1371716,2019-12-17,2020-01-07,,6787,532676,2
1371717,2019-12-17,2020-01-07,,6828,773975,2
1371718,2019-12-17,2020-01-07,,6914,944161,2
1371719,2019-12-17,2020-01-07,2019-12-28,7027,500525,1
1371720,2019-12-17,2020-01-07,,7074,748059,2
1371721,2019-12-17,2020-01-07,,7320,880892,2
1371722,2019-12-17,2020-01-07,,7579,671197,2
1371723,2019-12-17,2020-01-07,,7792,153698,2
1371724,2019-12-17,2020-01-07,,7792,804571,2
1371725,2019-12-17,2020-01-07,,7844,308259,2
1371726,2019-12-17,2020-01-07,,7860,780751,2
1371727,2019-12-17,2020-01-07,,8270,86891,2
1371728,2019-12-17,2020-01-07,,8300,698660,2
1371729,2019-12-17,2020-01-07,,8309,271965,2
1371730,2019-12-17,2020-01-07,,8459,618812,2
1371731,2019-12-17,2020-01-07,,8688,559003,2
1371732,2019-12-17,2020-01-07,,8730,96174,2
1371733,2019-12-17,2020-01-07,,8738,656882,2
1371734,2019-12-17,2020-01-07,,8965,399590,2
1371735,2019-12-17,2020-01-07,,9202,908724,2
1371736,2019-12-17,2020-01-07,,9544,40161,2
1371737,2019-12-17,2020-01-07,,9752,537432,2
1371738,2019-12-17,2020-01-07,,9755,297378,2
1371739,2019-12-17,2020-01-07,,9802,615125,2
1371740,2019-12-17,2020-01-07,,9866,648299,2
1371741,2019-12-17,2020-01-07,,9985,140759,2
1371742,2019-12-17,2020-01-07,,10103,54069,2
1371743,2019-12-17,2020-01-07,,10220,119589,2
1371744,2019-12-17,2020-01-07,,10220,582953,2
1371745,2019-12-17,2020-01-07,,10342,155587,2
1371746,2019-12-17,2020-01-07,,10432,43372,2
1371747,2019-12-17,2020-01-07,,10667,686755,2
1371748,2019-12-17,2020-01-07,,10930,337094,2
1371749,2019-12-17,2020-01-07,,11152,205793,2
1371750,2019-12-17,2020-01-07,,11357,472047,2
1371751,2019-12-17,2020-01-07,,11408,347807,2
1371752,2019-12-17,2020-01-07,,11458,410175,2
1371753,2019-12-17,2020-01-07,,11458,587582,2
1371754,2019-12-17,2020-01-07,,12065,779202,2
1371755,2019-12-17,2020-01-07,,12194,887008,2
1371756,2019-12-17,2020-01-07,,12336,627240,2
1371757,2019-12-17,2020-01-07,,12378,788629,2
1371758,2019-12-17,2020-01-07,,12431,601023,2
1371759,2019-12-17,2020-01-07,,12486,329812,2
1371760,2019-12-17,2020-01-07,,12498,899841,2
1371761,2019-12-17,2020-01-07,,12736,600928,2
1371762,2019-12-17,2020-01-07,,12846,159024,2
1371763,2019-12-17,2020-01-07,,12846,192850,2
1371764,2019-12-17,2020-01-07,,12931,602842,2
1371765,2019-12-17,2020-01-07,,13214,69288,2
1371766,2019-12-17,2020-01-07,,13214,253424,2
1371767,2019-12-17,2020-01-07,,13275,418863,2
1371768,2019-12-17,2020-01-07,,13530,911688,2
1371769,2019-12-17,2020-01-07,,13542,137693,2
1371770,2019-12-17,2020-01-07,,13586,185284,2
1371771,2019-12-17,2020-01-07,,13702,375010,2
1371772,2019-12-17,2020-01-07,,13799,582661,2
1371773,2019-12-17,2020-01-07,,13873,769719,2
1371774,2019-12-17,2020-01-07,,14223,671785,2
1371775,2019-12-17,2020-01-07,,14226,361862,2
1371776,2019-12-17,2020-01-07,,14369,123372,2
1371777,2019-12-17,2020-01-07,,14369,217747,2
1371778,2019-12-17,2020-01-07,,14369,553521,2
1371779,2019-12-17,2020-01-07,,14369,652411,2
1371780,2019-12-17,2020-01-07,,14546,574361,2
1371781,2019-12-17,2020-01-07,,14690,669455,2
1371782,2019-12-17,2020-01-07,,14745,737850,2
1371783,2019-12-17,2020-01-07,,14766,742907,2
1371784,2019-12-17,2020-01-07,,14867,285436,2
1371785,2019-12-17,2020-01-07,,14959,591334,2
1371786,2019-12-17,2020-01-07,,15032,89269,2
1371787,2019-12-17,2020-01-07,2019-12-29,15096,663562,1
1371788,2019-12-17,2020-01-07,,15135,189422,2
1371789,2019-12-17,2020-01-07,2019-12-31,15153,885528,1
1371790,2019-12-17,2020-01-07,,15302,594130,2
1371791,2019-12-17,2020-01-07,,15513,206661,2
1371792,2019-12-17,2020-01-07,,15835,705031,2
1371793,2019-12-17,2020-01-07,,15977,195473,2
1371794,2019-12-17,2020-01-07,,16045,903216,2
1371795,2019-12-17,2020-01-07,,16394,83721,2
1371796,2019-12-17,2020-01-07,,16405,155092,2
1371797,2019-12-17,2020-01-07,,16405,475326,2
1371798,2019-12-17,2020-01-07,,16405,615344,2
1371799,2019-12-17,2020-01-07,,16417,951275,2
1371800,2019-12-17,2020-01-07,,16441,670196,2
1371801,2019-12-17,2020-01-07,,16519,264803,2
1371802,2019-12-17,2020-01-07,,16633,869267,2
1371803,2019-12-17,2020-01-07,,16689,303570,2
1371804,2019-12-17,2020-01-07,,16917,141491,2
1371805,2019-12-17,2020-01-07,,16917,913190,2
1371806,2019-12-17,2020-01-07,,17021,231551,2
1371807,2019-12-17,2020-01-07,,17047,117567,2
1371808,2019-12-17,2020-01-07,,17074,884096,2
1371809,2019-12-17,2020-01-07,,17164,20120,2
1371810,2019-12-17,2020-01-07,,17277,49595,2
1371811,2019-12-17,2020-01-07,,17591,67666,2
1371812,2019-12-17,2020-01-07,,17607,47014,2
1371813,2019-12-17,2020-01-07,,17607,862174,2
1371814,2019-12-17,2020-01-07,,17607,911529,2
1371815,2019-12-17,2020-01-07,,17685,169088,2
1371816,2019-12-17,2020-01-07,,17733,696454,2
1371817,2019-12-17,2020-01-07,,17768,365841,2
1371818,2019-12-17,2020-01-07,,17869,204517,2
1371819,2019-12-17,2020-01-07,,18035,490430,2
1371820,2019-12-17,2020-01-07,,18086,671447,2
1371821,2019-12-17,2020-01-07,,18204,805187,2
1371822,2019-12-17,2020-01-07,,18220,582593,2
1371823,2019-12-17,2020-01-07,,18222,254603,2
1371824,2019-12-17,2020-01-07,,18279,517922,2
1371825,2019-12-17,2020-01-07,,18313,538347,2
1371826,2019-12-17,2020-01-07,,18343,412509,2
1371827,2019-12-17,2020-01-07,,18381,100558,2
1371828,2019-12-17,2020-01-07,,18398,786563,2
1371829,2019-12-17,2020-01-07,,18549,842730,2
1371830,2019-12-17,2020-01-07,,18555,800690,2
1371831,2019-12-17,2020-01-07,,18593,625483,2
1371832,2019-12-17,2020-01-07,,18817,303975,2
1371833,2019-12-17,2020-01-07,,18860,837206,2
1371834,2019-12-17,2020-01-07,,18939,325493,2
1371835,2019-12-17,2020-01-07,,18961,247548,2
1371836,2019-12-17,2020-01-07,,19043,399559,2
1371837,2019-12-17,2020-01-07,,19107,950257,2
1371838,2019-12-17,2020-01-07,,19193,162755,2
1371839,2019-12-17,2020-01-07,,19381,44482,2
1371840,2019-12-17,2020-01-07,,19401,736753,2
1371841,2019-12-17,2020-01-07,,19420,699841,2
1371842,2019-12-17,2020-01-07,,19458,802737,2
1371843,2019-12-17,2020-01-07,,19537,219939,2
1371844,2019-12-17,2020-01-07,,19610,615685,2
1371845,2019-12-17,2020-01-07,,19662,826057,2
1371846,2019-12-17,2020-01-07,,19783,222179,2
1371847,2019-12-17,2020-01-07,,19783,697878,2
1371848,2019-12-17,2020-01-07,2019-12-28,19783,831777,1
1371849,2019-12-17,2020-01-07,,19849,424482,2
1371850,2019-12-17,2020-01-07,,19960,543756,2
1371851,2019-12-17,2020-01-07,,19964,418509,2
1371852,2019-12-17,2020-01-07,,19964,882927,2
1371853,2019-12-17,2020-01-07,,19974,910509,2
1371854,2019-12-17,2020-01-07,,19998,776807,2
1371855,2019-12-17,2020-01-07,,20032,825447,2
1371856,2019-12-17,2020-01-07,,20180,354503,2
1371857,2019-12-17,2020-01-07,,20209,55594,2
1371858,2019-12-17,2020-01-07,,20209,643036,2
1371859,2019-12-17,2020-01-07,,20367,468645,2
1371860,2019-12-17,2020-01-07,,20469,433996,2
1371861,2019-12-17,2020-01-07,,20503,537701,2
1371862,2019-12-17,2020-01-07,,20636,916578,2
1371863,2019-12-17,2020-01-07,,20888,698948,2
1371864,2019-12-17,2020-01-07,,21334,504855,2
1371865,2019-12-17,2020-01-07,,21387,194929,2
1371866,2019-12-17,2020-01-07,,21531,104452,2
1371867,2019-12-17,2020-01-07,,21537,602380,2
1371868,2019-12-17,2020-01-07,,21654,947426,2
1371869,2019-12-17,2020-01-07,,21704,833345,2
1371870,2019-12-17,2020-01-07,,21743,936378,2
1371871,2019-12-17,2020-01-07,,21765,567677,2
1371872,2019-12-17,2020-01-07,2019-12-29,21854,441842,1
1371873,2019-12-17,2020-01-07,,21917,613527,2
1371874,2019-12-17,2020-01-07,,22107,861171,2
1371875,2019-12-17,2020-01-07,,22279,515196,2
1371876,2019-12-17,2020-01-07,2019-12-31,22514,90515,1
1371877,2019-12-17,2020-01-07,,22581,202219,2
1371878,2019-12-17,2020-01-07,2019-12-30,22593,448819,1
1371879,2019-12-17,2020-01-07,,22842,376512,2
1371880,2019-12-17,2020-01-07,,22955,68262,2
1371881,2019-12-17,2020-01-07,,23229,537614,2
1371882,2019-12-17,2020-01-07,,23233,149255,2
1371883,2019-12-17,2020-01-07,,23277,498477,2
1371884,2019-12-17,2020-01-07,,23324,642941,2
1371885,2019-12-17,2020-01-07,,23480,229002,2
1371886,2019-12-17,2020-01-07,,23480,295972,2
1371887,2019-12-17,2020-01-07,,23489,657688,2
1371888,2019-12-17,2020-01-07,,23536,707699,2
1371889,2019-12-17,2020-01-07,,23846,438567,2
1371890,2019-12-17,2020-01-07,,23902,764494,2
1371891,2019-12-17,2020-01-07,,24072,445216,2
1371892,2019-12-17,2020-01-07,,24160,308385,2
1371893,2019-12-17,2020-01-07,,24243,19883,2
1371894,2019-12-17,2020-01-07,,24243,567714,2
1371895,2019-12-17,2020-01-07,,24320,303740,2
1371896,2019-12-17,2020-01-07,,24443,767372,2
1371897,2019-12-17,2020-01-07,,24697,166998,2
1371898,2019-12-17,2020-01-07,,24762,21331,2
1371899,2019-12-17,2020-01-07,2019-12-30,24762,673104,1
1371900,2019-12-17,2020-01-07,,24762,776782,2
1371901,2019-12-17,2020-01-07,,24762,900277,2
1371902,2019-12-17,2020-01-07,,24781,797578,2
1371903,2019-12-17,2020-01-07,2019-12-30,24868,856298,1
1371904,2019-12-17,2020-01-07,2019-12-31,24888,29771,1
1371905,2019-12-17,2020-01-07,,24888,49538,2
1371906,2019-12-17,2020-01-07,,24888,754716,2
1371907,2019-12-17,2020-01-07,,24927,747450,2
1371908,2019-12-17,2020-01-07,,24953,576617,2
1371909,2019-12-17,2020-01-07,,24971,230410,2
1371910,2019-12-17,2020-01-07,,25046,141658,2
1371911,2019-12-17,2020-01-07,,25046,389605,2
1371912,2019-12-17,2020-01-07,,25046,454573,2
1371913,2019-12-17,2020-01-07,,25222,31810,2
1371914,2019-12-17,2020-01-07,,25227,16825,2
1371915,2019-12-17,2020-01-07,,25391,600008,2
1371916,2019-12-17,2020-01-07,,25491,407497,2
1371917,2019-12-17,2020-01-07,,25491,460781,2
1371918,2019-12-17,2020-01-07,,25678,191463,2
1371919,2019-12-17,2020-01-07,,25678,466018,2
1371920,2019-12-17,2020-01-07,,25678,609189,2
1371921,2019-12-17,2020-01-07,,25688,909692,2
1371922,2019-12-17,2020-01-07,,25695,912200,2
1371923,2019-12-17,2020-01-07,2019-12-30,25849,215034,1
1371924,2019-12-17,2020-01-07,,25849,417123,2
1371925,2019-12-17,2020-01-07,,25849,617469,2
1371926,2019-12-17,2020-01-07,,25849,750172,2
1371927,2019-12-17,2020-01-07,,25849,923363,2
1371928,2019-12-17,2020-01-07,,25865,246767,2
1371929,2019-12-17,2020-01-07,,25884,908351,2
1371930,2019-12-17,2020-01-07,,25931,308311,2
1371931,2019-12-17,2020-01-07,,26022,169514,2
1371932,2019-12-17,2020-01-07,,26044,36911,2
1371933,2019-12-17,2020-01-07,,26073,811675,2
1371934,2019-12-17,2020-01-07,,26187,588609,2
1371935,2019-12-17,2020-01-07,,26359,191167,2
1371936,2019-12-17,2020-01-07,,26374,557779,2
1371937,2019-12-17,2020-01-07,,26408,388904,2
1371938,2019-12-17,2020-01-07,,26408,664550,2
1371939,2019-12-17,2020-01-07,,26408,838211,2
1371940,2019-12-17,2020-01-07,,26408,923519,2
1371941,2019-12-17,2020-01-07,,26414,151481,2
1371942,2019-12-17,2020-01-07,,26522,357508,2
1371943,2019-12-17,2020-01-07,2019-12-28,26612,149982,1
1371944,2019-12-17,2020-01-07,,26662,462421,2
1371945,2019-12-17,2020-01-07,,27244,607259,2
1371946,2019-12-17,2020-01-07,,27259,609588,2
1371947,2019-12-17,2020-01-07,,27319,562029,2
1371948,2019-12-17,2020-01-07,,27326,383684,2
1371949,2019-12-17,2020-01-07,,27326,732626,2
1371950,2019-12-17,2020-01-07,,27348,475078,2
1371951,2019-12-17,2020-01-07,,27350,385142,2
1371952,2019-12-17,2020-01-07,,27465,154937,2
1371953,2019-12-17,2020-01-07,,27551,238447,2
1371954,2019-12-17,2020-01-07,2019-12-30,27591,400082,1
1371955,2019-12-17,2020-01-07,,27652,356156,2
1371956,2019-12-17,2020-01-07,,27663,305286,2
1371957,2019-12-17,2020-01-07,,27684,533701,2
1371958,2019-12-17,2020-01-07,,27704,88525,2
1371959,2019-12-17,2020-01-07,,27788,828413,2
1371960,2019-12-17,2020-01-07,,27798,240788,2
1371961,2019-12-17,2020-01-07,,27886,623966,2
1371962,2019-12-17,2020-01-07,,27978,434156,2
1371963,2019-12-17,2020-01-07,,28115,186893,2
1371964,2019-12-17,2020-01-07,,28115,382256,2
1371965,2019-12-17,2020-01-07,,28115,552767,2
1371966,2019-12-17,2020-01-07,,28115,700598,2
1371967,2019-12-17,2020-01-07,,28143,377380,2
1371968,2019-12-17,2020-01-07,,28258,209343,2
1371969,2019-12-17,2020-01-07,,28334,579089,2
1371970,2019-12-17,2020-01-07,,28358,276287,2
1371971,2019-12-17,2020-01-07,,28462,158363,2
1371972,2019-12-17,2020-01-07,,28531,502831,2
1371973,2019-12-17,2020-01-07,2019-12-30,28545,804740,1
1371974,2019-12-17,2020-01-07,,28549,300876,2
1371975,2019-12-17,2020-01-07,,28695,170497,2
1371976,2019-12-17,2020-01-07,,28695,900563,2
1371977,2019-12-17,2020-01-07,,28847,102522,2
1371978,2019-12-17,2020-01-07,,28847,170280,2
1371979,2019-12-17,2020-01-07,,28847,202804,2
1371980,2019-12-17,2020-01-07,,28971,287400,2
1371981,2019-12-17,2020-01-07,,29011,657638,2
1371982,2019-12-17,2020-01-07,,29030,320751,2
1371983,2019-12-17,2020-01-07,,29096,591574,2
1371984,2019-12-17,2020-01-07,,29115,262679,2
1371985,2019-12-17,2020-01-07,,29207,114173,2
1371986,2019-12-17,2020-01-07,,29237,220378,2
1371987,2019-12-17,2020-01-07,,29407,503338,2
1371988,2019-12-17,2020-01-07,,29452,121848,2
1371989,2019-12-17,2020-01-07,,29452,355741,2
1371990,2019-12-17,2020-01-07,,29474,892148,2
1371991,2019-12-17,2020-01-07,,29606,705736,2
1371992,2019-12-17,2020-01-07,,29631,106004,2
1371993,2019-12-17,2020-01-07,,29631,918087,2
1371994,2019-12-17,2020-01-07,,29632,733861,2
1371995,2019-12-17,2020-01-07,,29647,107094,2
1371996,2019-12-17,2020-01-07,,29728,504984,2
1371997,2019-12-17,2020-01-07,,29977,253425,2
1371998,2019-12-17,2020-01-07,,30045,782942,2
1371999,2019-12-17,2020-01-07,2019-12-28,30090,900332,1
1372000,2019-12-17,2020-01-07,,30206,696834,2
1372001,2019-12-17,2020-01-07,,30417,337602,2
1372002,2019-12-17,2020-01-07,,30632,129790,2
1372003,2019-12-17,2020-01-07,,30904,925509,2
1372004,2019-12-17,2020-01-07,,30942,662120,2
1372005,2019-12-17,2020-01-07,,30957,30184,2
1372006,2019-12-17,2020-01-07,,31071,831633,2
1372007,2019-12-17,2020-01-07,,31158,202454,2
1372008,2019-12-17,2020-01-07,,31357,231234,2
1372009,2019-12-17,2020-01-07,,31425,444298,2
1372010,2019-12-17,2020-01-07,,31631,99656,2
1372011,2019-12-17,2020-01-07,,31827,361953,2
1372012,2019-12-17,2020-01-07,,31931,800586,2
1372013,2019-12-17,2020-01-07,,32211,55363,2
1372014,2019-12-17,2020-01-07,,32257,796926,2
1372015,2019-12-17,2020-01-07,,32885,547572,2
1372016,2019-12-17,2020-01-07,,33104,394068,2
1372017,2019-12-17,2020-01-07,,33208,251817,2
1372018,2019-12-17,2020-01-07,,33235,465413,2
1372019,2019-12-17,2020-01-07,,33293,709794,2
1372020,2019-12-17,2020-01-07,,33478,802837,2
1372021,2019-12-17,2020-01-07,,33738,793100,2
1372022,2019-12-17,2020-01-07,,33746,424686,2
1372023,2019-12-17,2020-01-07,,33799,888922,2
1372024,2019-12-17,2020-01-07,2019-12-31,33819,551412,1
1372025,2019-12-17,2020-01-07,,33904,485699,2
1372026,2019-12-17,2020-01-07,,33939,595746,2
1372027,2019-12-17,2020-01-07,,34074,61144,2
1372028,2019-12-17,2020-01-07,,34129,378350,2
1372029,2019-12-17,2020-01-07,,34256,224373,2
1372030,2019-12-17,2020-01-07,,34271,310219,2
1372031,2019-12-17,2020-01-07,,34291,315052,2
1372032,2019-12-17,2020-01-07,,34331,252261,2
1372033,2019-12-17,2020-01-07,,34413,234006,2
1372034,2019-12-17,2020-01-07,,34487,147279,2
1372035,2019-12-17,2020-01-07,,34559,161735,2
1372036,2019-12-17,2020-01-07,,34808,530982,2
1372037,2019-12-17,2020-01-07,,34850,421427,2
1372038,2019-12-17,2020-01-07,,34850,629895,2
1372039,2019-12-17,2020-01-07,2019-12-28,34850,737579,1
1372040,2019-12-17,2020-01-07,,34953,218066,2
1372041,2019-12-17,2020-01-07,,35019,554098,2
1372042,2019-12-17,2020-01-07,,35036,583075,2
1372043,2019-12-17,2020-01-07,,35109,817923,2
1372044,2019-12-17,2020-01-07,2019-12-30,35110,339368,1
1372045,2019-12-17,2020-01-07,,35116,823396,2
1372046,2019-12-17,2020-01-07,,35116,950876,2
1372047,2019-12-17,2020-01-07,,35555,90117,2
1372048,2019-12-17,2020-01-07,,35614,382129,2
1372049,2019-12-17,2020-01-07,,35756,16738,2
1372050,2019-12-17,2020-01-07,,35756,166087,2
1372051,2019-12-17,2020-01-07,,35788,183538,2
1372052,2019-12-17,2020-01-07,,35813,425985,2
1372053,2019-12-17,2020-01-07,,35926,765803,2
1372054,2019-12-17,2020-01-07,,36094,874105,2
1372055,2019-12-17,2020-01-07,,36145,3278,2
1372056,2019-12-17,2020-01-07,,36186,705923,2
1372057,2019-12-17,2020-01-07,,36270,396662,2
1372058,2019-12-17,2020-01-07,,36270,532073,2
1372059,2019-12-17,2020-01-07,,36295,819127,2
1372060,2019-12-17,2020-01-07,2019-12-28,36295,876564,1
1372061,2019-12-17,2020-01-07,,36310,341882,2
1372062,2019-12-17,2020-01-07,,36358,460307,2
1372063,2019-12-17,2020-01-07,,36383,14861,2
1372064,2019-12-17,2020-01-07,,36419,464566,2
1372065,2019-12-17,2020-01-07,,36420,263665,2
1372066,2019-12-17,2020-01-07,,36534,216005,2
1372067,2019-12-17,2020-01-07,,36811,26615,2
1372068,2019-12-17,2020-01-07,,36823,261375,2
1372069,2019-12-17,2020-01-07,,36898,585556,2
1372070,2019-12-17,2020-01-07,,37261,107276,2
1372071,2019-12-17,2020-01-07,,37331,211855,2
1372072,2019-12-17,2020-01-07,,37458,90814,2
1372073,2019-12-17,2020-01-07,,37516,159410,2
1372074,2019-12-17,2020-01-07,,37516,589116,2
1372075,2019-12-17,2020-01-07,,37516,815301,2
1372076,2019-12-17,2020-01-07,,37516,885275,2
1372077,2019-12-17,2020-01-07,,37783,535782,2
1372078,2019-12-17,2020-01-07,,37990,231920,2
1372079,2019-12-17,2020-01-07,,38034,286700,2
1372080,2019-12-17,2020-01-07,,38516,131920,2
1372081,2019-12-17,2020-01-07,,38759,74743,2
1372082,2019-12-17,2020-01-07,,38954,440747,2
1372083,2019-12-17,2020-01-07,,38965,179654,2
1372084,2019-12-17,2020-01-07,,38981,483491,2
1372085,2019-12-17,2020-01-07,,39683,189980,2
1372086,2019-12-17,2020-01-07,2019-12-31,39714,819784,1
1372087,2019-12-17,2020-01-07,,39768,360204,2
1372088,2019-12-17,2020-01-07,,39828,58665,2
1372089,2019-12-17,2020-01-07,,39946,360942,2
1372090,2019-12-17,2020-01-07,,40114,271496,2
1372091,2019-12-17,2020-01-07,,40281,101849,2
1372092,2019-12-17,2020-01-07,2019-12-31,40310,748576,1
1372093,2019-12-17,2020-01-07,,40466,382797,2
1372094,2019-12-17,2020-01-07,,40473,754481,2
1372095,2019-12-17,2020-01-07,,40564,128255,2
1372096,2019-12-17,2020-01-07,,40908,130239,2
1372097,2019-12-17,2020-01-07,2019-12-28,40908,282935,1
1372098,2019-12-17,2020-01-07,,40908,719021,2
1372099,2019-12-17,2020-01-07,,40908,885599,2
1372100,2019-12-17,2020-01-07,,40951,933128,2
1372101,2019-12-17,2020-01-07,,40975,250212,2
1372102,2019-12-17,2020-01-07,,40975,297606,2
1372103,2019-12-17,2020-01-07,,40975,432602,2
1372104,2019-12-17,2020-01-07,,40990,540475,2
1372105,2019-12-17,2020-01-07,,40991,437396,2
1372106,2019-12-17,2020-01-07,,41183,508606,2
1372107,2019-12-17,2020-01-07,,41186,38984,2
1372108,2019-12-17,2020-01-07,,41186,268614,2
1372109,2019-12-17,2020-01-07,,41330,590598,2
1372110,2019-12-17,2020-01-07,,41611,10371,2
1372111,2019-12-17,2020-01-07,,41712,31575,2
1372112,2019-12-17,2020-01-07,2019-12-30,41712,616871,1
1372113,2019-12-17,2020-01-07,,41764,487707,2
1372114,2019-12-17,2020-01-07,,41806,882461,2
1372115,2019-12-17,2020-01-07,2019-12-31,42118,209531,1
1372116,2019-12-17,2020-01-07,,42118,440147,2
1372117,2019-12-17,2020-01-07,,42143,904503,2
1372118,2019-12-17,2020-01-07,,42262,182384,2
1372119,2019-12-17,2020-01-07,2019-12-28,42438,871811,1
1372120,2019-12-17,2020-01-07,,42479,302993,2
1372121,2019-12-17,2020-01-07,,42496,191432,2
1372122,2019-12-17,2020-01-07,,42496,782118,2
1372123,2019-12-17,2020-01-07,,42527,627189,2
1372124,2019-12-17,2020-01-07,,42768,341332,2
1372125,2019-12-17,2020-01-07,,42768,691426,2
1372126,2019-12-17,2020-01-07,,43170,167993,2
1372127,2019-12-17,2020-01-07,,43170,696315,2
1372128,2019-12-17,2020-01-07,,43190,174429,2
1372129,2019-12-17,2020-01-07,,43209,465001,2
1372130,2019-12-17,2020-01-07,2019-12-31,43322,952196,1
1372131,2019-12-17,2020-01-07,,43439,124827,2
1372132,2019-12-17,2020-01-07,,43615,57091,2
1372133,2019-12-17,2020-01-07,,43615,748474,2
1372134,2019-12-17,2020-01-07,,43615,750230,2
1372135,2019-12-17,2020-01-07,,43651,36482,2
1372136,2019-12-17,2020-01-07,,43746,355540,2
1372137,2019-12-17,2020-01-07,,43765,126518,2
1372138,2019-12-17,2020-01-07,,43876,823798,2
1372139,2019-12-17,2020-01-07,,44092,812991,2
1372140,2019-12-17,2020-01-07,,44219,361090,2
1372141,2019-12-17,2020-01-07,,44420,227175,2
1372142,2019-12-17,2020-01-07,,44560,745389,2
1372143,2019-12-17,2020-01-07,,44872,924256,2
1372144,2019-12-17,2020-01-07,,44949,454251,2
1372145,2019-12-17,2020-01-07,,45189,605526,2
1372146,2019-12-17,2020-01-07,,45283,351808,2
1372147,2019-12-17,2020-01-07,,45492,556319,2
1372148,2019-12-17,2020-01-07,2019-12-27,45559,762880,1
1372149,2019-12-17,2020-01-07,,45559,773786,2
1372150,2019-12-17,2020-01-07,,45559,850557,2
1372151,2019-12-17,2020-01-07,,45618,609506,2
1372152,2019-12-17,2020-01-07,,46118,242168,2
1372153,2019-12-17,2020-01-07,,46125,839805,2
1372154,2019-12-17,2020-01-07,,46170,683110,2
1372155,2019-12-17,2020-01-07,,46369,403289,2
1372156,2019-12-17,2020-01-07,,46619,816543,2
1372157,2019-12-17,2020-01-07,,46661,845937,2
1372158,2019-12-17,2020-01-07,,46697,638488,2
1372159,2019-12-17,2020-01-07,,46805,214049,2
1372160,2019-12-17,2020-01-07,,46943,2755,2
1372161,2019-12-17,2020-01-07,,46964,818163,2
1372162,2019-12-17,2020-01-07,,47050,339330,2
1372163,2019-12-17,2020-01-07,,47401,667283,2
1372164,2019-12-17,2020-01-07,,47428,453948,2
1372165,2019-12-17,2020-01-07,,47473,364927,2
1372166,2019-12-17,2020-01-07,,47578,809152,2
1372167,2019-12-17,2020-01-07,,47651,704021,2
1372168,2019-12-17,2020-01-07,,47758,341907,2
1372169,2019-12-17,2020-01-07,,47779,780822,2
1372170,2019-12-17,2020-01-07,,47824,110257,2
1372171,2019-12-17,2020-01-07,,47901,142444,2
1372172,2019-12-17,2020-01-07,2019-12-30,47951,222062,1
1372173,2019-12-17,2020-01-07,,47972,949686,2
1372174,2019-12-17,2020-01-07,,48247,288872,2
1372175,2019-12-17,2020-01-07,,48269,651797,2
1372176,2019-12-17,2020-01-07,,48318,519498,2
1372177,2019-12-17,2020-01-07,,48403,872010,2
1372178,2019-12-17,2020-01-07,,48403,875691,2
1372179,2019-12-17,2020-01-07,,48573,427253,2
1372180,2019-12-17,2020-01-07,,49091,936817,2
1372181,2019-12-17,2020-01-07,,49106,282177,2
1372182,2019-12-17,2020-01-07,,49251,340924,2
1372183,2019-12-17,2020-01-07,,49251,535089,2
1372184,2019-12-17,2020-01-07,,49793,955732,2
1372185,2019-12-17,2020-01-07,,49795,31571,2
1372186,2019-12-17,2020-01-07,,49801,654984,2
1372187,2019-12-17,2020-01-07,,49901,21556,2
1372188,2019-12-17,2020-01-07,,49901,677670,2
1372189,2019-12-17,2020-01-07,,49920,297582,2
1372190,2019-12-17,2020-01-07,,50262,914979,2
1372191,2019-12-17,2020-01-07,,50414,58773,2
1372192,2019-12-17,2020-01-07,2019-12-28,50437,33872,1
1372193,2019-12-17,2020-01-07,,50493,432375,2
1372194,2019-12-17,2020-01-07,,50733,582639,2
1372195,2019-12-17,2020-01-07,,50781,589152,2
1372196,2019-12-17,2020-01-07,,50781,748189,2
1372197,2019-12-17,2020-01-07,,50975,209479,2
1372198,2019-12-17,2020-01-07,,50993,660262,2
1372199,2019-12-17,2020-01-07,,51045,772947,2
1372200,2019-12-17,2020-01-07,,51100,194088,2
1372201,2019-12-17,2020-01-07,,51203,619064,2
1372202,2019-12-17,2020-01-07,,51210,12653,2
1372203,2019-12-17,2020-01-07,,51328,343941,2
1372204,2019-12-17,2020-01-07,,51691,41753,2
1372205,2019-12-17,2020-01-07,,51699,33496,2
1372206,2019-12-17,2020-01-07,,51742,88707,2
1372207,2019-12-17,2020-01-07,,51877,215563,2
1372208,2019-12-17,2020-01-07,,51959,478751,2
1372209,2019-12-17,2020-01-07,,52016,96542,2
1372210,2019-12-17,2020-01-07,,52016,533416,2
1372211,2019-12-17,2020-01-07,,52016,822370,2
1372212,2019-12-17,2020-01-07,,52029,112843,2
1372213,2019-12-17,2020-01-07,,52029,347661,2
1372214,2019-12-17,2020-01-07,,52029,457690,2
1372215,2019-12-17,2020-01-07,,52029,468337,2
1372216,2019-12-17,2020-01-07,,52029,759725,2
1372217,2019-12-17,2020-01-07,2019-12-31,52069,658172,1
1372218,2019-12-17,2020-01-07,,52174,452464,2
1372219,2019-12-17,2020-01-07,,52310,446294,2
1372220,2019-12-17,2020-01-07,,52427,117953,2
1372221,2019-12-17,2020-01-07,,52427,652126,2
1372222,2019-12-17,2020-01-07,,52644,845163,2
1372223,2019-12-17,2020-01-07,,52646,814850,2
1372224,2019-12-17,2020-01-07,,52737,104224,2
1372225,2019-12-17,2020-01-07,,52737,698710,2
1372226,2019-12-17,2020-01-07,,52803,206360,2
1372227,2019-12-17,2020-01-07,,52803,840425,2
1372228,2019-12-17,2020-01-07,,52803,893865,2
1372229,2019-12-17,2020-01-07,,52862,451989,2
1372230,2019-12-17,2020-01-07,,52931,404363,2
1372231,2019-12-17,2020-01-07,,52970,686510,2
1372232,2019-12-17,2020-01-07,,53111,98423,2
1372233,2019-12-17,2020-01-07,,53274,758011,2
1372234,2019-12-17,2020-01-07,,53437,512217,2
1372235,2019-12-17,2020-01-07,,53471,26106,2
1372236,2019-12-17,2020-01-07,,53589,215929,2
1372237,2019-12-17,2020-01-07,,53597,200489,2
1372238,2019-12-17,2020-01-07,,53686,143122,2
1372239,2019-12-17,2020-01-07,,53703,428205,2
1372240,2019-12-17,2020-01-07,,53795,907798,2
1372241,2019-12-17,2020-01-07,,53886,30792,2
1372242,2019-12-17,2020-01-07,,54116,291225,2
1372243,2019-12-17,2020-01-07,,54158,667505,2
1372244,2019-12-17,2020-01-07,,54360,725170,2
1372245,2019-12-17,2020-01-07,,54523,167079,2
1372246,2019-12-17,2020-01-07,,54523,175946,2
1372247,2019-12-17,2020-01-07,,54523,417723,2
1372248,2019-12-17,2020-01-07,,54523,432725,2
1372249,2019-12-17,2020-01-07,,54523,779806,2
1372250,2019-12-17,2020-01-07,,54528,21625,2
1372251,2019-12-17,2020-01-07,,54812,786706,2
1372252,2019-12-17,2020-01-07,,55360,311900,2
1372253,2019-12-17,2020-01-07,,55541,406356,2
1372254,2019-12-17,2020-01-07,2019-12-31,55674,149017,1
1372255,2019-12-17,2020-01-07,,55748,680094,2
1372256,2019-12-17,2020-01-07,,55961,469416,2
1372257,2019-12-17,2020-01-07,,56047,870870,2
1372258,2019-12-17,2020-01-07,,56094,892769,2
1372259,2019-12-17,2020-01-07,,56160,936637,2
1372260,2019-12-17,2020-01-07,,56264,102178,2
1372261,2019-12-17,2020-01-07,,56303,499049,2
1372262,2019-12-17,2020-01-07,,56435,748042,2
1372263,2019-12-17,2020-01-07,,56517,167709,2
1372264,2019-12-17,2020-01-07,2019-12-31,56620,823367,1
1372265,2019-12-17,2020-01-07,,56620,927250,2
1372266,2019-12-17,2020-01-07,,56911,381888,2
1372267,2019-12-17,2020-01-07,,56916,824778,2
1372268,2019-12-17,2020-01-07,,56919,41043,2
1372269,2019-12-17,2020-01-07,,56919,103099,2
1372270,2019-12-17,2020-01-07,,56919,275373,2
1372271,2019-12-17,2020-01-07,,56919,579986,2
1372272,2019-12-17,2020-01-07,,56919,687201,2
1372273,2019-12-17,2020-01-07,,56919,805030,2
1372274,2019-12-17,2020-01-07,,56919,952307,2
1372275,2019-12-17,2020-01-07,,57393,228479,2
1372276,2019-12-17,2020-01-07,,57393,686576,2
1372277,2019-12-17,2020-01-07,,57393,871007,2
1372278,2019-12-17,2020-01-07,,57520,320409,2
1372279,2019-12-17,2020-01-07,2019-12-31,57590,31686,1
1372280,2019-12-17,2020-01-07,,57791,287816,2
1372281,2019-12-17,2020-01-07,,57870,55382,2
1372282,2019-12-17,2020-01-07,,57870,178064,2
1372283,2019-12-17,2020-01-07,2019-12-30,57870,445458,1
1372284,2019-12-17,2020-01-07,,57870,598709,2
1372285,2019-12-17,2020-01-07,,57870,671179,2
1372286,2019-12-17,2020-01-07,,57896,755567,2
1372287,2019-12-17,2020-01-07,2019-12-28,57972,377498,1
1372288,2019-12-17,2020-01-07,,58347,54347,2
1372289,2019-12-17,2020-01-07,,58468,197131,2
1372290,2019-12-17,2020-01-07,,58593,18231,2
1372291,2019-12-17,2020-01-07,,58593,474322,2
1372292,2019-12-17,2020-01-07,,58726,829120,2
1372293,2019-12-17,2020-01-07,,58847,226102,2
1372294,2019-12-17,2020-01-07,,58868,316901,2
1372295,2019-12-17,2020-01-07,,58997,423181,2
1372296,2019-12-17,2020-01-07,,59194,582931,2
1372297,2019-12-17,2020-01-07,,59294,399343,2
1372298,2019-12-17,2020-01-07,,59493,944438,2
1372299,2019-12-17,2020-01-07,,59739,25282,2
1372300,2019-12-17,2020-01-07,,59739,107731,2
1372301,2019-12-17,2020-01-07,,59739,173738,2
1372302,2019-12-17,2020-01-07,,59739,336257,2
1372303,2019-12-17,2020-01-07,,59739,349566,2
1372304,2019-12-17,2020-01-07,,59739,427967,2
1372305,2019-12-17,2020-01-07,,59739,439634,2
1372306,2019-12-17,2020-01-07,,59739,553642,2
1372307,2019-12-17,2020-01-07,,59739,710352,2
1372308,2019-12-17,2020-01-07,,59739,842651,2
1372309,2019-12-17,2020-01-07,,59921,841986,2
1372310,2019-12-17,2020-01-07,,59951,91670,2
1372311,2019-12-17,2020-01-07,,59968,96547,2
1372312,2019-12-17,2020-01-07,,59968,395243,2
1372313,2019-12-17,2020-01-07,,60106,363893,2
1372314,2019-12-17,2020-01-07,,60106,366509,2
1372315,2019-12-17,2020-01-07,,60106,933386,2
1372316,2019-12-17,2020-01-07,,60117,145629,2
1372317,2019-12-17,2020-01-07,2019-12-29,60621,240078,1
1372318,2019-12-17,2020-01-07,,60707,895340,2
1372319,2019-12-17,2020-01-07,2019-12-31,60973,66170,1
1372320,2019-12-17,2020-01-07,,60981,777321,2
1372321,2019-12-17,2020-01-07,,61142,14525,2
1372322,2019-12-17,2020-01-07,,61166,874445,2
1372323,2019-12-17,2020-01-07,,61169,890023,2
1372324,2019-12-17,2020-01-07,,61427,189584,2
1372325,2019-12-17,2020-01-07,,61429,614822,2
1372326,2019-12-17,2020-01-07,,61433,19559,2
1372327,2019-12-17,2020-01-07,,61512,194016,2
1372328,2019-12-17,2020-01-07,,61548,479544,2
1372329,2019-12-17,2020-01-07,,61548,865108,2
1372330,2019-12-17,2020-01-07,,61578,268829,2
1372331,2019-12-17,2020-01-07,,61605,689600,2
1372332,2019-12-17,2020-01-07,,61644,275323,2
1372333,2019-12-17,2020-01-07,,61679,224213,2
1372334,2019-12-17,2020-01-07,,61794,47632,2
1372335,2019-12-17,2020-01-07,,61870,460710,2
1372336,2019-12-17,2020-01-07,,62007,768405,2
1372337,2019-12-17,2020-01-07,,62021,797425,2
1372338,2019-12-17,2020-01-07,,62066,709478,2
1372339,2019-12-17,2020-01-07,,62265,169621,2
1372340,2019-12-17,2020-01-07,,62417,288489,2
1372341,2019-12-17,2020-01-07,,62451,156478,2
1372342,2019-12-17,2020-01-07,,62719,26188,2
1372343,2019-12-17,2020-01-07,,62719,41067,2
1372344,2019-12-17,2020-01-07,,62719,360441,2
1372345,2019-12-17,2020-01-07,,62719,544601,2
1372346,2019-12-17,2020-01-07,,62719,580012,2
1372347,2019-12-17,2020-01-07,,62719,630161,2
1372348,2019-12-17,2020-01-07,2019-12-29,62719,650150,1
1372349,2019-12-17,2020-01-07,,62837,78334,2
1372350,2019-12-17,2020-01-07,,63001,738435,2
1372351,2019-12-17,2020-01-07,,63098,204947,2
1372352,2019-12-17,2020-01-07,,63251,733173,2
1372353,2019-12-17,2020-01-07,,63290,315220,2
1372354,2019-12-17,2020-01-07,,63290,630137,2
1372355,2019-12-17,2020-01-07,,63402,795185,2
1372356,2019-12-17,2020-01-07,,63556,399215,2
1372357,2019-12-17,2020-01-07,,63662,587591,2
1372358,2019-12-17,2020-01-07,,63676,618749,2
1372359,2019-12-17,2020-01-07,2019-12-31,64082,192485,1
1372360,2019-12-17,2020-01-07,,64082,782013,2
1372361,2019-12-17,2020-01-07,,64193,664992,2
1372362,2019-12-17,2020-01-07,2019-12-28,64285,9790,1
1372363,2019-12-17,2020-01-07,,64285,64509,2
1372364,2019-12-17,2020-01-07,,64285,85860,2
1372365,2019-12-17,2020-01-07,,64285,124666,2
1372366,2019-12-17,2020-01-07,,64285,517191,2
1372367,2019-12-17,2020-01-07,,64285,599301,2
1372368,2019-12-17,2020-01-07,2019-12-30,64285,620206,1
1372369,2019-12-17,2020-01-07,,64285,691689,2
1372370,2019-12-17,2020-01-07,,64285,754912,2
1372371,2019-12-17,2020-01-07,2019-12-30,64285,911567,1
1372372,2019-12-17,2020-01-07,,64484,479187,2
1372373,2019-12-17,2020-01-07,,64557,495252,2
1372374,2019-12-17,2020-01-07,,64796,588975,2
1372375,2019-12-17,2020-01-07,,65103,558540,2
1372376,2019-12-17,2020-01-07,,65249,226330,2
1372377,2019-12-17,2020-01-07,,65249,404863,2
1372378,2019-12-17,2020-01-07,,65249,408182,2
1372379,2019-12-17,2020-01-07,,65249,758496,2
1372380,2019-12-17,2020-01-07,2019-12-31,65308,504880,1
1372381,2019-12-17,2020-01-07,,65389,918244,2
1372382,2019-12-17,2020-01-07,,65417,244012,2
1372383,2019-12-17,2020-01-07,,65584,140740,2
1372384,2019-12-17,2020-01-07,,65584,200253,2
1372385,2019-12-17,2020-01-07,,65584,390080,2
1372386,2019-12-17,2020-01-07,,65584,394187,2
1372387,2019-12-17,2020-01-07,,65584,406406,2
1372388,2019-12-17,2020-01-07,,65584,863849,2
1372389,2019-12-17,2020-01-07,,65584,948225,2
1372390,2019-12-17,2020-01-07,,65647,767852,2
1372391,2019-12-17,2020-01-07,,65746,34262,2
1372392,2019-12-17,2020-01-07,,65746,117104,2
1372393,2019-12-17,2020-01-07,,65746,140243,2
1372394,2019-12-17,2020-01-07,,65746,204916,2
1372395,2019-12-17,2020-01-07,,65746,231788,2
1372396,2019-12-17,2020-01-07,,65746,316132,2
1372397,2019-12-17,2020-01-07,,65746,357274,2
1372398,2019-12-17,2020-01-07,,65746,425706,2
1372399,2019-12-17,2020-01-07,,65746,543347,2
1372400,2019-12-17,2020-01-07,,65769,575067,2
1372401,2019-12-17,2020-01-07,,65772,115107,2
1372402,2019-12-17,2020-01-07,,66153,736735,2
1372403,2019-12-17,2020-01-07,,66173,726437,2
1372404,2019-12-17,2020-01-07,,66191,589815,2
1372405,2019-12-17,2020-01-07,,66318,475722,2
1372406,2019-12-17,2020-01-07,,66385,687876,2
1372407,2019-12-17,2020-01-07,,66502,98081,2
1372408,2019-12-17,2020-01-07,2019-12-29,66506,421836,1
1372409,2019-12-17,2020-01-07,,66541,14513,2
1372410,2019-12-17,2020-01-07,2019-12-28,66755,872873,1
1372411,2019-12-17,2020-01-07,,66804,837325,2
1372412,2019-12-17,2020-01-07,,66960,495001,2
1372413,2019-12-17,2020-01-07,,66962,306667,2
1372414,2019-12-17,2020-01-07,,67088,46247,2
1372415,2019-12-17,2020-01-07,,67571,224527,2
1372416,2019-12-17,2020-01-07,,67599,748900,2
1372417,2019-12-17,2020-01-07,,67730,163169,2
1372418,2019-12-17,2020-01-07,,67885,26424,2
1372419,2019-12-17,2020-01-07,,67907,267595,2
1372420,2019-12-17,2020-01-07,,68056,285891,2
1372421,2019-12-17,2020-01-07,,68080,599698,2
1372422,2019-12-17,2020-01-07,,68131,707615,2
1372423,2019-12-17,2020-01-07,,68269,682309,2
1372424,2019-12-17,2020-01-07,,68322,815654,2
1372425,2019-12-17,2020-01-07,,68624,100237,2
1372426,2019-12-17,2020-01-07,,68624,229305,2
1372427,2019-12-17,2020-01-07,,68624,311997,2
1372428,2019-12-17,2020-01-07,,68624,402286,2
1372429,2019-12-17,2020-01-07,2019-12-31,68624,736859,1
1372430,2019-12-17,2020-01-07,,68651,764471,2
1372431,2019-12-17,2020-01-07,,68798,469323,2
1372432,2019-12-17,2020-01-07,,68899,214990,2
1372433,2019-12-17,2020-01-07,,68911,199495,2
1372434,2019-12-17,2020-01-07,,68980,673562,2
1372435,2019-12-17,2020-01-07,,69075,9098,2
1372436,2019-12-17,2020-01-07,,69075,671380,2
1372437,2019-12-17,2020-01-07,,69152,390529,2
1372438,2019-12-17,2020-01-07,,69216,83656,2
1372439,2019-12-17,2020-01-07,2019-12-31,69221,432587,1
1372440,2019-12-17,2020-01-07,,69334,147653,2
1372441,2019-12-17,2020-01-07,,69445,47605,2
1372442,2019-12-17,2020-01-07,,69641,71188,2
1372443,2019-12-17,2020-01-07,,69665,795844,2
1372444,2019-12-17,2020-01-07,,69859,172393,2
1372445,2019-12-17,2020-01-07,,70015,827698,2
1372446,2019-12-17,2020-01-07,,70229,608223,2
1372447,2019-12-17,2020-01-07,,70620,239426,2
1372448,2019-12-17,2020-01-07,,70885,668681,2
1372449,2019-12-17,2020-01-07,,70953,207095,2
1372450,2019-12-17,2020-01-07,,71079,643032,2
1372451,2019-12-17,2020-01-07,,71187,836436,2
1372452,2019-12-17,2020-01-07,,71245,791465,2
1372453,2019-12-17,2020-01-07,,71260,412736,2
1372454,2019-12-17,2020-01-07,,71276,116342,2
1372455,2019-12-17,2020-01-07,,71276,366851,2
1372456,2019-12-17,2020-01-07,2019-12-29,71276,631896,1
1372457,2019-12-17,2020-01-07,,71414,424595,2
1372458,2019-12-17,2020-01-07,,71453,513147,2
1372459,2019-12-17,2020-01-07,,71584,364769,2
1372460,2019-12-17,2020-01-07,,71694,936239,2
1372461,2019-12-17,2020-01-07,,71704,73728,2
1372462,2019-12-17,2020-01-07,,71704,486101,2
1372463,2019-12-17,2020-01-07,,71704,587306,2
1372464,2019-12-17,2020-01-07,,71704,697037,2
1372465,2019-12-17,2020-01-07,,71720,233658,2
1372466,2019-12-17,2020-01-07,,71781,873685,2
1372467,2019-12-17,2020-01-07,,71862,24713,2
1372468,2019-12-17,2020-01-07,,72100,208665,2
1372469,2019-12-17,2020-01-07,2019-12-28,72205,50734,1
1372470,2019-12-17,2020-01-07,2019-12-30,72268,631842,1
1372471,2019-12-17,2020-01-07,,72315,618785,2
1372472,2019-12-17,2020-01-07,,72404,792407,2
1372473,2019-12-17,2020-01-07,,72562,789855,2
1372474,2019-12-17,2020-01-07,,72738,636573,2
1372475,2019-12-17,2020-01-07,,72834,57703,2
1372476,2019-12-17,2020-01-07,,72903,201449,2
1372477,2019-12-17,2020-01-07,,72944,845031,2
1372478,2019-12-17,2020-01-07,,72993,434935,2
1372479,2019-12-17,2020-01-07,,73017,267617,2
1372480,2019-12-17,2020-01-07,,73040,7835,2
1372481,2019-12-17,2020-01-07,,73404,761361,2
1372482,2019-12-17,2020-01-07,,73722,34830,2
1372483,2019-12-17,2020-01-07,,73736,313156,2
1372484,2019-12-17,2020-01-07,,73882,224053,2
1372485,2019-12-17,2020-01-07,,74101,165490,2
1372486,2019-12-17,2020-01-07,,74132,381699,2
1372487,2019-12-17,2020-01-07,,74146,684687,2
1372488,2019-12-17,2020-01-07,,74241,46387,2
1372489,2019-12-17,2020-01-07,,74402,487586,2
1372490,2019-12-17,2020-01-07,,74453,145081,2
1372491,2019-12-17,2020-01-07,,74812,282952,2
1372492,2019-12-17,2020-01-07,,74812,395390,2
1372493,2019-12-17,2020-01-07,,74812,670957,2
1372494,2019-12-17,2020-01-07,,74845,399317,2
1372495,2019-12-17,2020-01-07,,75018,331177,2
1372496,2019-12-17,2020-01-07,,75134,268972,2
1372497,2019-12-17,2020-01-07,,75220,460274,2
1372498,2019-12-17,2020-01-07,,75361,550289,2
1372499,2019-12-17,2020-01-07,,75391,138688,2
1372500,2019-12-17,2020-01-07,,75452,628270,2
1372501,2019-12-17,2020-01-07,,75547,430186,2
1372502,2019-12-17,2020-01-07,2019-12-31,75694,377240,1
1372503,2019-12-17,2020-01-07,,75765,930747,2
1372504,2019-12-17,2020-01-07,,75799,349096,2
1372505,2019-12-17,2020-01-07,,75944,204710,2
1372506,2019-12-17,2020-01-07,,75976,759996,2
1372507,2019-12-17,2020-01-07,,75980,81653,2
1372508,2019-12-17,2020-01-07,,76058,595740,2
1372509,2019-12-17,2020-01-07,,76107,469892,2
1372510,2019-12-17,2020-01-07,,76206,41622,2
1372511,2019-12-17,2020-01-07,,76271,425573,2
1372512,2019-12-17,2020-01-07,,76540,131968,2
1372513,2019-12-17,2020-01-07,,76557,768774,2
1372514,2019-12-17,2020-01-07,,76569,513080,2
1372515,2019-12-17,2020-01-07,,76793,491284,2
1372516,2019-12-17,2020-01-07,,76802,879649,2
1372517,2019-12-17,2020-01-07,2019-12-31,76971,70692,1
1372518,2019-12-17,2020-01-07,,77066,847567,2
1372519,2019-12-17,2020-01-07,,77281,633681,2
1372520,2019-12-17,2020-01-07,,77397,304471,2
1372521,2019-12-17,2020-01-07,,77397,421328,2
1372522,2019-12-17,2020-01-07,,77397,914021,2
1372523,2019-12-17,2020-01-07,,77397,939141,2
1372524,2019-12-17,2020-01-07,,77398,316644,2
1372525,2019-12-17,2020-01-07,,77556,323634,2
1372526,2019-12-17,2020-01-07,,77679,621689,2
1372527,2019-12-17,2020-01-07,2019-12-29,77791,333087,1
1372528,2019-12-17,2020-01-07,,77935,713274,2
1372529,2019-12-17,2020-01-07,,78004,603479,2
1372530,2019-12-17,2020-01-07,,78146,226879,2
1372531,2019-12-17,2020-01-07,,78314,624924,2
1372532,2019-12-17,2020-01-07,,78492,297452,2
1372533,2019-12-17,2020-01-07,,78872,220171,2
1372534,2019-12-17,2020-01-07,,78926,447266,2
1372535,2019-12-17,2020-01-07,,78957,661923,2
1372536,2019-12-17,2020-01-07,,78995,829986,2
1372537,2019-12-17,2020-01-07,,79021,782597,2
1372538,2019-12-17,2020-01-07,,79147,582398,2
1372539,2019-12-17,2020-01-07,,79265,5109,2
1372540,2019-12-17,2020-01-07,,79265,97151,2
1372541,2019-12-17,2020-01-07,2019-12-31,79265,116747,1
1372542,2019-12-17,2020-01-07,2019-12-31,79265,184891,1
1372543,2019-12-17,2020-01-07,,79265,237832,2
1372544,2019-12-17,2020-01-07,,79265,741757,2
1372545,2019-12-17,2020-01-07,,79265,884146,2
1372546,2019-12-17,2020-01-07,,79376,587718,2
1372547,2019-12-17,2020-01-07,,79408,587367,2
1372548,2019-12-17,2020-01-07,2019-12-28,79465,817288,1
1372549,2019-12-17,2020-01-07,,79516,232573,2
1372550,2019-12-17,2020-01-07,,79561,14116,2
1372551,2019-12-17,2020-01-07,,79913,126510,2
1372552,2019-12-17,2020-01-07,,80040,899016,2
1372553,2019-12-17,2020-01-07,,80075,513208,2
1372554,2019-12-17,2020-01-07,,80080,615459,2
1372555,2019-12-17,2020-01-07,,80094,415951,2
1372556,2019-12-17,2020-01-07,,80094,468127,2
1372557,2019-12-17,2020-01-07,,80131,115642,2
1372558,2019-12-17,2020-01-07,,80131,209418,2
1372559,2019-12-17,2020-01-07,,80209,875503,2
1372560,2019-12-17,2020-01-07,,80220,674236,2
1372561,2019-12-17,2020-01-07,,80230,1952,2
1372562,2019-12-17,2020-01-07,,80234,321373,2
1372563,2019-12-17,2020-01-07,,80260,35296,2
1372564,2019-12-17,2020-01-07,,80540,332880,2
1372565,2019-12-17,2020-01-07,,80603,868975,2
1372566,2019-12-17,2020-01-07,,80724,698949,2
1372567,2019-12-17,2020-01-07,,80836,933247,2
1372568,2019-12-17,2020-01-07,,80860,780676,2
1372569,2019-12-17,2020-01-07,,80945,760621,2
1372570,2019-12-17,2020-01-07,,80989,60958,2
1372571,2019-12-17,2020-01-07,,81000,555577,2
1372572,2019-12-17,2020-01-07,,81042,245034,2
1372573,2019-12-17,2020-01-07,,81045,315572,2
1372574,2019-12-17,2020-01-07,,81244,412270,2
1372575,2019-12-17,2020-01-07,,81722,66369,2
1372576,2019-12-17,2020-01-07,,81883,379362,2
1372577,2019-12-17,2020-01-07,,81888,3241,2
1372578,2019-12-17,2020-01-07,,82154,867084,2
1372579,2019-12-17,2020-01-07,,82213,792092,2
1372580,2019-12-17,2020-01-07,,82345,74086,2
1372581,2019-12-17,2020-01-07,,82451,349043,2
1372582,2019-12-17,2020-01-07,,82525,325484,2
1372583,2019-12-17,2020-01-07,,82525,372214,2
1372584,2019-12-17,2020-01-07,2019-12-28,82525,435450,1
1372585,2019-12-17,2020-01-07,,82560,849438,2
1372586,2019-12-17,2020-01-07,2019-12-30,82749,437842,1
1372587,2019-12-17,2020-01-07,,82749,802211,2
1372588,2019-12-17,2020-01-07,2019-12-28,82760,616503,1
1372589,2019-12-17,2020-01-07,,82852,902294,2
1372590,2019-12-17,2020-01-07,,82927,335015,2
1372591,2019-12-17,2020-01-07,,82956,454315,2
1372592,2019-12-17,2020-01-07,,82999,825898,2
1372593,2019-12-17,2020-01-07,,83083,232186,2
1372594,2019-12-17,2020-01-07,,83085,634684,2
1372595,2019-12-17,2020-01-07,,83121,333049,2
1372596,2019-12-17,2020-01-07,,83131,586779,2
1372597,2019-12-17,2020-01-07,,83242,665911,2
1372598,2019-12-17,2020-01-07,,83254,390464,2
1372599,2019-12-17,2020-01-07,2019-12-29,83324,93264,1
1372600,2019-12-17,2020-01-07,,83324,604925,2
1372601,2019-12-17,2020-01-07,,83403,357928,2
1372602,2019-12-17,2020-01-07,,83403,861059,2
1372603,2019-12-17,2020-01-07,,83617,606742,2
1372604,2019-12-17,2020-01-07,,83693,108169,2
1372605,2019-12-17,2020-01-07,,83719,868423,2
1372606,2019-12-17,2020-01-07,,83993,554677,2
1372607,2019-12-17,2020-01-07,,84035,348441,2
1372608,2019-12-17,2020-01-07,,84081,541377,2
1372609,2019-12-17,2020-01-07,,84103,589127,2
1372610,2019-12-17,2020-01-07,,84214,285653,2
1372611,2019-12-17,2020-01-07,,84214,851610,2
1372612,2019-12-17,2020-01-07,,84245,446919,2
1372613,2019-12-17,2020-01-07,,84377,109923,2
1372614,2019-12-17,2020-01-07,,84853,7427,2
1372615,2019-12-17,2020-01-07,,84885,900029,2
1372616,2019-12-17,2020-01-07,,84901,195146,2
1372617,2019-12-17,2020-01-07,,84914,116673,2
1372618,2019-12-17,2020-01-07,,84977,433895,2
1372619,2019-12-17,2020-01-07,,85100,326972,2
1372620,2019-12-17,2020-01-07,,85176,123265,2
1372621,2019-12-17,2020-01-07,,85273,850681,2
1372622,2019-12-17,2020-01-07,,85357,255957,2
1372623,2019-12-17,2020-01-07,,85366,662250,2
1372624,2019-12-17,2020-01-07,,85375,362444,2
1372625,2019-12-17,2020-01-07,,85453,779487,2
1372626,2019-12-17,2020-01-07,,85457,437465,2
1372627,2019-12-17,2020-01-07,,85457,477739,2
1372628,2019-12-17,2020-01-07,,85457,580077,2
1372629,2019-12-17,2020-01-07,,85457,835894,2
1372630,2019-12-17,2020-01-07,,85530,768877,2
1372631,2019-12-17,2020-01-07,,85610,159851,2
1372632,2019-12-17,2020-01-07,,85610,167669,2
1372633,2019-12-17,2020-01-07,,85610,172374,2
1372634,2019-12-17,2020-01-07,,85610,216290,2
1372635,2019-12-17,2020-01-07,,85610,254199,2
1372636,2019-12-17,2020-01-07,2019-12-31,85610,287836,1
1372637,2019-12-17,2020-01-07,,85610,308835,2
1372638,2019-12-17,2020-01-07,,85610,310391,2
1372639,2019-12-17,2020-01-07,,85610,349473,2
1372640,2019-12-17,2020-01-07,,85610,457763,2
1372641,2019-12-17,2020-01-07,,85610,469583,2
1372642,2019-12-17,2020-01-07,,85610,499924,2
1372643,2019-12-17,2020-01-07,,85610,514158,2
1372644,2019-12-17,2020-01-07,,85610,537059,2
1372645,2019-12-17,2020-01-07,,85610,681592,2
1372646,2019-12-17,2020-01-07,,85610,949301,2
1372647,2019-12-17,2020-01-07,,85610,955105,2
1372648,2019-12-17,2020-01-07,,85840,744012,2
1372649,2019-12-17,2020-01-07,,85885,329727,2
1372650,2019-12-17,2020-01-07,,85951,845032,2
1372651,2019-12-17,2020-01-07,,85958,282948,2
1372652,2019-12-17,2020-01-07,,85958,517249,2
1372653,2019-12-17,2020-01-07,,85958,766457,2
1372654,2019-12-17,2020-01-07,,85991,567862,2
1372655,2019-12-17,2020-01-07,,85994,209586,2
1372656,2019-12-17,2020-01-07,,86056,21888,2
1372657,2019-12-17,2020-01-07,,86258,548423,2
1372658,2019-12-17,2020-01-07,,86301,421441,2
1372659,2019-12-17,2020-01-07,,86301,590700,2
1372660,2019-12-17,2020-01-07,,86301,936591,2
1372661,2019-12-17,2020-01-07,,86422,557252,2
1372662,2019-12-17,2020-01-07,,86478,235509,2
1372663,2019-12-17,2020-01-07,,86571,821365,2
1372664,2019-12-17,2020-01-07,,86624,41141,2
1372665,2019-12-17,2020-01-07,,86744,17051,2
1372666,2019-12-17,2020-01-07,,86778,322725,2
1372667,2019-12-17,2020-01-07,,86813,20543,2
1372668,2019-12-17,2020-01-07,2019-12-30,86813,421245,1
1372669,2019-12-17,2020-01-07,,86813,642420,2
1372670,2019-12-17,2020-01-07,,86902,29761,2
1372671,2019-12-17,2020-01-07,,86902,562172,2
1372672,2019-12-17,2020-01-07,,87110,896666,2
1372673,2019-12-17,2020-01-07,,87287,626544,2
1372674,2019-12-17,2020-01-07,,87388,411584,2
1372675,2019-12-17,2020-01-07,,87535,417118,2
1372676,2019-12-17,2020-01-07,,87654,623832,2
1372677,2019-12-17,2020-01-07,,87720,483061,2
1372678,2019-12-17,2020-01-07,,87836,748209,2
1372679,2019-12-17,2020-01-07,,88262,80631,2
1372680,2019-12-17,2020-01-07,,88380,461039,2
1372681,2019-12-17,2020-01-07,2019-12-30,88413,817458,1
1372682,2019-12-17,2020-01-07,,88538,145907,2
1372683,2019-12-17,2020-01-07,,88740,760219,2
1372684,2019-12-17,2020-01-07,,88747,644871,2
1372685,2019-12-17,2020-01-07,,88831,166542,2
1372686,2019-12-17,2020-01-07,,88831,558970,2
1372687,2019-12-17,2020-01-07,,89015,306378,2
1372688,2019-12-17,2020-01-07,,89206,181378,2
1372689,2019-12-17,2020-01-07,,89293,86042,2
1372690,2019-12-17,2020-01-07,,89358,647386,2
1372691,2019-12-17,2020-01-07,2019-12-31,89397,104319,1
1372692,2019-12-17,2020-01-07,,89443,694910,2
1372693,2019-12-17,2020-01-07,,89462,654566,2
1372694,2019-12-17,2020-01-07,,89779,680260,2
1372695,2019-12-17,2020-01-07,,90010,407568,2
1372696,2019-12-17,2020-01-07,,90041,40339,2
1372697,2019-12-17,2020-01-07,,90102,67486,2
1372698,2019-12-17,2020-01-07,,90102,384460,2
1372699,2019-12-17,2020-01-07,,90102,525340,2
1372700,2019-12-17,2020-01-07,,90141,694104,2
1372701,2019-12-17,2020-01-07,,90327,364946,2
1372702,2019-12-17,2020-01-07,,90534,465485,2
1372703,2019-12-17,2020-01-07,,90684,440352,2
1372704,2019-12-17,2020-01-07,,90707,96465,2
1372705,2019-12-17,2020-01-07,,90707,198192,2
1372706,2019-12-17,2020-01-07,,90812,764495,2
1372707,2019-12-17,2020-01-07,,90846,17867,2
1372708,2019-12-17,2020-01-07,,91152,339108,2
1372709,2019-12-17,2020-01-07,,91153,647987,2
1372710,2019-12-17,2020-01-07,,91159,394655,2
1372711,2019-12-17,2020-01-07,,91160,231986,2
1372712,2019-12-17,2020-01-07,,91425,625395,2
1372713,2019-12-17,2020-01-07,,91490,468998,2
1372714,2019-12-17,2020-01-07,,91505,326814,2
1372715,2019-12-17,2020-01-07,,91508,222926,2
1372716,2019-12-17,2020-01-07,,91656,454211,2
1372717,2019-12-17,2020-01-07,,91813,695526,2
1372718,2019-12-17,2020-01-07,,92025,189976,2
1372719,2019-12-17,2020-01-07,,92031,89458,2
1372720,2019-12-17,2020-01-07,,92318,562470,2
1372721,2019-12-17,2020-01-07,,92318,679917,2
1372722,2019-12-17,2020-01-07,,92386,333637,2
1372723,2019-12-17,2020-01-07,,92401,779589,2
1372724,2019-12-17,2020-01-07,2019-12-30,92580,152665,1
1372725,2019-12-17,2020-01-07,,92628,90285,2
1372726,2019-12-17,2020-01-07,,92630,549947,2
1372727,2019-12-17,2020-01-07,2019-12-31,92666,620681,1
1372728,2019-12-17,2020-01-07,,92721,110096,2
1372729,2019-12-17,2020-01-07,,92901,453483,2
1372730,2019-12-17,2020-01-07,,92936,134097,2
1372731,2019-12-17,2020-01-07,,93111,114053,2
1372732,2019-12-17,2020-01-07,,93111,585083,2
1372733,2019-12-17,2020-01-07,,93111,759170,2
1372734,2019-12-17,2020-01-07,,93112,272628,2
1372735,2019-12-17,2020-01-07,,93141,287431,2
1372736,2019-12-17,2020-01-07,,93164,96862,2
1372737,2019-12-17,2020-01-07,,93164,700952,2
1372738,2019-12-17,2020-01-07,,93324,648821,2
1372739,2019-12-17,2020-01-07,,93417,415140,2
1372740,2019-12-17,2020-01-07,,93805,134239,2
1372741,2019-12-17,2020-01-07,,93915,535129,2
1372742,2019-12-17,2020-01-07,,93935,246277,2
1372743,2019-12-17,2020-01-07,,93964,742039,2
1372744,2019-12-17,2020-01-07,,94103,282244,2
1372745,2019-12-17,2020-01-07,,94115,258837,2
1372746,2019-12-17,2020-01-07,,94324,642521,2
1372747,2019-12-17,2020-01-07,,94490,548669,2
1372748,2019-12-17,2020-01-07,,94528,170089,2
1372749,2019-12-17,2020-01-07,,94583,149899,2
1372750,2019-12-17,2020-01-07,,94608,438598,2
1372751,2019-12-17,2020-01-07,,94786,244173,2
1372752,2019-12-17,2020-01-07,2019-12-28,94799,782137,1
1372753,2019-12-17,2020-01-07,2019-12-31,94799,913496,1
1372754,2019-12-17,2020-01-07,2019-12-30,94872,283835,1
1372755,2019-12-17,2020-01-07,,94924,316325,2
1372756,2019-12-17,2020-01-07,,94998,633158,2
1372757,2019-12-17,2020-01-07,,95007,369697,2
1372758,2019-12-17,2020-01-07,,95043,108968,2
1372759,2019-12-17,2020-01-07,,95080,80255,2
1372760,2019-12-17,2020-01-07,,95097,570261,2
1372761,2019-12-17,2020-01-07,2019-12-29,95488,929792,1
1372762,2019-12-17,2020-01-07,,95571,720506,2
1372763,2019-12-17,2020-01-07,,95640,241268,2
1372764,2019-12-17,2020-01-07,,95651,234135,2
1372765,2019-12-17,2020-01-07,,95997,928507,2
1372766,2019-12-17,2020-01-07,,96012,176314,2
1372767,2019-12-17,2020-01-07,,96202,315473,2
1372768,2019-12-17,2020-01-07,,96485,547082,2
1372769,2019-12-17,2020-01-07,,96540,728772,2
1372770,2019-12-17,2020-01-07,,96566,452013,2
1372771,2019-12-17,2020-01-07,,96602,206213,2
1372772,2019-12-17,2020-01-07,,96660,104623,2
1372773,2019-12-17,2020-01-07,,96936,322542,2
1372774,2019-12-17,2020-01-07,,96970,826478,2
1372775,2019-12-17,2020-01-07,,96975,104453,2
1372776,2019-12-17,2020-01-07,,96985,762825,2
1372777,2019-12-17,2020-01-07,2019-12-29,97065,394111,1
1372778,2019-12-17,2020-01-07,,97161,112062,2
1372779,2019-12-17,2020-01-07,,97161,810250,2
1372780,2019-12-17,2020-01-07,,97237,230889,2
1372781,2019-12-17,2020-01-07,,97293,223366,2
1372782,2019-12-17,2020-01-07,,97327,492943,2
1372783,2019-12-17,2020-01-07,,97404,123625,2
1372784,2019-12-17,2020-01-07,,97421,819588,2
1372785,2019-12-17,2020-01-07,,97449,366198,2
1372786,2019-12-17,2020-01-07,,97461,770098,2
1372787,2019-12-17,2020-01-07,,97582,458118,2
1372788,2019-12-17,2020-01-07,,97650,377836,2
1372789,2019-12-17,2020-01-07,,97917,719072,2
1372790,2019-12-17,2020-01-07,,97978,542665,2
1372791,2019-12-17,2020-01-07,,98022,599421,2
1372792,2019-12-17,2020-01-07,2019-12-31,98043,719164,1
1372793,2019-12-17,2020-01-07,2019-12-28,98044,380242,1
1372794,2019-12-17,2020-01-07,,98103,220902,2
1372795,2019-12-17,2020-01-07,,98125,108654,2
1372796,2019-12-17,2020-01-07,,98146,613162,2
1372797,2019-12-17,2020-01-07,,98205,225201,2
1372798,2019-12-17,2020-01-07,,98205,310365,2
1372799,2019-12-17,2020-01-07,,98205,496096,2
1372800,2019-12-17,2020-01-07,,98205,675879,2
1372801,2019-12-17,2020-01-07,,98205,773894,2
1372802,2019-12-17,2020-01-07,,98373,705877,2
1372803,2019-12-17,2020-01-07,,98534,75057,2
1372804,2019-12-17,2020-01-07,,98631,857087,2
1372805,2019-12-17,2020-01-07,,98794,130404,2
1372806,2019-12-17,2020-01-07,,99016,105257,2
1372807,2019-12-17,2020-01-07,,99031,470837,2
1372808,2019-12-17,2020-01-07,,99042,388210,2
1372809,2019-12-17,2020-01-07,,99572,699784,2
1372810,2019-12-17,2020-01-07,,99652,709153,2
1372811,2019-12-17,2020-01-07,,99700,605110,2
1372812,2019-12-17,2020-01-07,2019-12-27,99863,7299,1
1372813,2019-12-17,2020-01-07,,99936,815092,2
1372814,2019-12-17,2020-01-07,,100271,701068,2
1372815,2019-12-17,2020-01-07,,100594,607910,2
1372816,2019-12-17,2020-01-07,,100754,403655,2
1372817,2019-12-17,2020-01-07,,100805,485031,2
1372818,2019-12-17,2020-01-07,,100922,628312,2
1372819,2019-12-17,2020-01-07,,100942,542202,2
1372820,2019-12-17,2020-01-07,,100982,451342,2
1372821,2019-12-17,2020-01-07,,101164,520789,2
1372822,2019-12-17,2020-01-07,,101217,773956,2
1372823,2019-12-17,2020-01-07,,101221,483706,2
1372824,2019-12-17,2020-01-07,,101470,390643,2
1372825,2019-12-17,2020-01-07,,101473,889470,2
1372826,2019-12-17,2020-01-07,,101560,714402,2
1372827,2019-12-17,2020-01-07,,101645,159706,2
1372828,2019-12-17,2020-01-07,,101645,167599,2
1372829,2019-12-17,2020-01-07,,101645,536737,2
1372830,2019-12-17,2020-01-07,,101645,648769,2
1372831,2019-12-17,2020-01-07,,101645,693164,2
1372832,2019-12-17,2020-01-07,,101645,698711,2
1372833,2019-12-17,2020-01-07,,101645,735376,2
1372834,2019-12-17,2020-01-07,,101793,517611,2
1372835,2019-12-17,2020-01-07,,101835,713803,2
1372836,2019-12-17,2020-01-07,,101963,69292,2
1372837,2019-12-17,2020-01-07,2019-12-30,101963,214928,1
1372838,2019-12-17,2020-01-07,,101963,253427,2
1372839,2019-12-17,2020-01-07,,102051,133026,2
1372840,2019-12-17,2020-01-07,,102053,714801,2
1372841,2019-12-17,2020-01-07,,102104,881519,2
1372842,2019-12-17,2020-01-07,,102334,572939,2
1372843,2019-12-17,2020-01-07,,102380,106931,2
1372844,2019-12-17,2020-01-07,2019-12-30,102600,699071,1
1372845,2019-12-17,2020-01-07,,102606,916494,2
1372846,2019-12-17,2020-01-07,,102666,230620,2
1372847,2019-12-17,2020-01-07,,102722,274014,2
1372848,2019-12-17,2020-01-07,,102820,564457,2
1372849,2019-12-17,2020-01-07,,102849,368559,2
1372850,2019-12-17,2020-01-07,,103002,504985,2
1372851,2019-12-17,2020-01-07,,103085,264585,2
1372852,2019-12-17,2020-01-07,,103085,789476,2
1372853,2019-12-17,2020-01-07,,103085,889976,2
1372854,2019-12-17,2020-01-07,,103178,100372,2
1372855,2019-12-17,2020-01-07,,103370,565916,2
1372856,2019-12-17,2020-01-07,,103475,765304,2
1372857,2019-12-17,2020-01-07,,103576,479087,2
1372858,2019-12-17,2020-01-07,,103767,739236,2
1372859,2019-12-17,2020-01-07,,103841,209091,2
1372860,2019-12-17,2020-01-07,,103882,796715,2
1372861,2019-12-17,2020-01-07,,103899,908631,2
1372862,2019-12-17,2020-01-07,2019-12-31,103988,399544,1
1372863,2019-12-17,2020-01-07,,104006,395305,2
1372864,2019-12-17,2020-01-07,2019-12-30,104013,863379,1
1372865,2019-12-17,2020-01-07,,104018,192956,2
1372866,2019-12-17,2020-01-07,,104023,358497,2
1372867,2019-12-17,2020-01-07,,104127,594105,2
1372868,2019-12-17,2020-01-07,,104171,641619,2
1372869,2019-12-17,2020-01-07,,104459,720494,2
1372870,2019-12-17,2020-01-07,,104574,398065,2
1372871,2019-12-17,2020-01-07,,104636,395221,2
1372872,2019-12-17,2020-01-07,,104636,513875,2
1372873,2019-12-17,2020-01-07,,104642,726349,2
1372874,2019-12-17,2020-01-07,,104680,681097,2
1372875,2019-12-17,2020-01-07,,104749,45347,2
1372876,2019-12-17,2020-01-07,,104766,63172,2
1372877,2019-12-17,2020-01-07,,104869,334351,2
1372878,2019-12-17,2020-01-07,,104869,490296,2
1372879,2019-12-17,2020-01-07,,104869,575649,2
1372880,2019-12-17,2020-01-07,,105155,813596,2
1372881,2019-12-17,2020-01-07,,105162,630155,2
1372882,2019-12-17,2020-01-07,,105495,239739,2
1372883,2019-12-17,2020-01-07,,105509,821385,2
1372884,2019-12-17,2020-01-07,,105605,648500,2
1372885,2019-12-17,2020-01-07,,105646,597852,2
1372886,2019-12-17,2020-01-07,,105758,209112,2
1372887,2019-12-17,2020-01-07,,105831,799760,2
1372888,2019-12-17,2020-01-07,,105860,27907,2
1372889,2019-12-17,2020-01-07,,106162,315652,2
1372890,2019-12-17,2020-01-07,,106182,825961,2
1372891,2019-12-17,2020-01-07,,106228,765387,2
1372892,2019-12-17,2020-01-07,,106356,200401,2
1372893,2019-12-17,2020-01-07,,106356,774317,2
1372894,2019-12-17,2020-01-07,2019-12-30,106364,799389,1
1372895,2019-12-17,2020-01-07,,107192,685753,2
1372896,2019-12-17,2020-01-07,,107523,848751,2
1372897,2019-12-17,2020-01-07,,107569,376138,2
1372898,2019-12-17,2020-01-07,,107740,14829,2
1372899,2019-12-17,2020-01-07,,108058,155264,2
1372900,2019-12-17,2020-01-07,,108275,216186,2
1372901,2019-12-17,2020-01-07,,108328,398777,2
1372902,2019-12-17,2020-01-07,,108440,3621,2
1372903,2019-12-17,2020-01-07,,108521,111158,2
1372904,2019-12-17,2020-01-07,,108621,497173,2
1372905,2019-12-17,2020-01-07,,108708,786695,2
1372906,2019-12-17,2020-01-07,,108815,903653,2
1372907,2019-12-17,2020-01-07,,108853,47042,2
1372908,2019-12-17,2020-01-07,,108853,907137,2
1372909,2019-12-17,2020-01-07,2019-12-28,108916,844057,1
1372910,2019-12-17,2020-01-07,,109211,343859,2
1372911,2019-12-17,2020-01-07,,109211,471683,2
1372912,2019-12-17,2020-01-07,,109253,209615,2
1372913,2019-12-17,2020-01-07,,109256,249789,2
1372914,2019-12-17,2020-01-07,,109508,586993,2
1372915,2019-12-17,2020-01-07,,109626,274983,2
1372916,2019-12-17,2020-01-07,,109696,447317,2
1372917,2019-12-17,2020-01-07,,109737,88071,2
1372918,2019-12-17,2020-01-07,,109917,259890,2
1372919,2019-12-17,2020-01-07,,109943,39763,2
1372920,2019-12-17,2020-01-07,,109989,846018,2
1372921,2019-12-17,2020-01-07,,110074,140779,2
1372922,2019-12-17,2020-01-07,,110411,745337,2
1372923,2019-12-17,2020-01-07,,110778,682986,2
1372924,2019-12-17,2020-01-07,,110790,782380,2
1372925,2019-12-17,2020-01-07,,110860,268615,2
1372926,2019-12-17,2020-01-07,,110860,413193,2
1372927,2019-12-17,2020-01-07,,110860,639460,2
1372928,2019-12-17,2020-01-07,,110884,695417,2
1372929,2019-12-17,2020-01-07,,110908,16787,2
1372930,2019-12-17,2020-01-07,,110929,202516,2
1372931,2019-12-17,2020-01-07,,111023,764028,2
1372932,2019-12-17,2020-01-07,,111099,54025,2
1372933,2019-12-17,2020-01-07,,111389,310134,2
1372934,2019-12-17,2020-01-07,,111451,479135,2
1372935,2019-12-17,2020-01-07,,111517,628413,2
1372936,2019-12-17,2020-01-07,,111583,18504,2
1372937,2019-12-17,2020-01-07,,111583,510784,2
1372938,2019-12-17,2020-01-07,,111605,511417,2
1372939,2019-12-17,2020-01-07,,111606,519008,2
1372940,2019-12-17,2020-01-07,,111747,623756,2
1372941,2019-12-17,2020-01-07,,111764,68607,2
1372942,2019-12-17,2020-01-07,,111965,35449,2
1372943,2019-12-17,2020-01-07,,111969,483246,2
1372944,2019-12-17,2020-01-07,,112029,829489,2
1372945,2019-12-17,2020-01-07,,112227,92888,2
1372946,2019-12-17,2020-01-07,,112227,96463,2
1372947,2019-12-17,2020-01-07,,112227,130290,2
1372948,2019-12-17,2020-01-07,,112227,155093,2
1372949,2019-12-17,2020-01-07,,112227,177241,2
1372950,2019-12-17,2020-01-07,,112227,258272,2
1372951,2019-12-17,2020-01-07,,112227,282950,2
1372952,2019-12-17,2020-01-07,,112227,397583,2
1372953,2019-12-17,2020-01-07,,112227,421447,2
1372954,2019-12-17,2020-01-07,,112227,540492,2
1372955,2019-12-17,2020-01-07,,112227,671115,2
1372956,2019-12-17,2020-01-07,,112303,184855,2
1372957,2019-12-17,2020-01-07,,112386,21152,2
1372958,2019-12-17,2020-01-07,,112404,12620,2
1372959,2019-12-17,2020-01-07,,112484,741266,2
1372960,2019-12-17,2020-01-07,,112491,806545,2
1372961,2019-12-17,2020-01-07,,112493,244261,2
1372962,2019-12-17,2020-01-07,,112530,929147,2
1372963,2019-12-17,2020-01-07,,112716,49520,2
1372964,2019-12-17,2020-01-07,,112716,155094,2
1372965,2019-12-17,2020-01-07,,112716,670950,2
1372966,2019-12-17,2020-01-07,,112723,303357,2
1372967,2019-12-17,2020-01-07,,112882,443147,2
1372968,2019-12-17,2020-01-07,,112968,713908,2
1372969,2019-12-17,2020-01-07,,113034,823765,2
1372970,2019-12-17,2020-01-07,,113192,432979,2
1372971,2019-12-17,2020-01-07,,113315,303936,2
1372972,2019-12-17,2020-01-07,,113592,529787,2
1372973,2019-12-17,2020-01-07,,113605,47038,2
1372974,2019-12-17,2020-01-07,,113605,158063,2
1372975,2019-12-17,2020-01-07,,113605,163587,2
1372976,2019-12-17,2020-01-07,,113605,389004,2
1372977,2019-12-17,2020-01-07,,113605,525307,2
1372978,2019-12-17,2020-01-07,,113605,538275,2
1372979,2019-12-17,2020-01-07,,113605,878612,2
1372980,2019-12-17,2020-01-07,,113748,926832,2
1372981,2019-12-17,2020-01-07,2019-12-30,113797,430192,1
1372982,2019-12-17,2020-01-07,,114233,543360,2
1372983,2019-12-17,2020-01-07,,114398,42036,2
1372984,2019-12-17,2020-01-07,,114498,520715,2
1372985,2019-12-17,2020-01-07,,114572,749549,2
1372986,2019-12-17,2020-01-07,,114579,738274,2
1372987,2019-12-17,2020-01-07,,114630,26744,2
1372988,2019-12-17,2020-01-07,,114630,52201,2
1372989,2019-12-17,2020-01-07,,114630,76949,2
1372990,2019-12-17,2020-01-07,,114630,149180,2
1372991,2019-12-17,2020-01-07,,114630,277268,2
1372992,2019-12-17,2020-01-07,,114630,283942,2
1372993,2019-12-17,2020-01-07,,114630,336089,2
1372994,2019-12-17,2020-01-07,,114630,353799,2
1372995,2019-12-17,2020-01-07,,114630,402743,2
1372996,2019-12-17,2020-01-07,,114630,419492,2
1372997,2019-12-17,2020-01-07,,114630,424331,2
1372998,2019-12-17,2020-01-07,,114630,463133,2
1372999,2019-12-17,2020-01-07,,114630,463201,2
1373000,2019-12-17,2020-01-07,,114630,646640,2
1373001,2019-12-17,2020-01-07,,114630,647411,2
1373002,2019-12-17,2020-01-07,,114630,652312,2
1373003,2019-12-17,2020-01-07,,114630,668687,2
1373004,2019-12-17,2020-01-07,,114630,684715,2
1373005,2019-12-17,2020-01-07,,114630,745909,2
1373006,2019-12-17,2020-01-07,,114630,826681,2
1373007,2019-12-17,2020-01-07,2019-12-30,114630,868726,1
1373008,2019-12-17,2020-01-07,,114630,874806,2
1373009,2019-12-17,2020-01-07,,114630,891915,2
1373010,2019-12-17,2020-01-07,,114644,542797,2
1373011,2019-12-17,2020-01-07,,114659,282284,2
1373012,2019-12-17,2020-01-07,,114751,162512,2
1373013,2019-12-17,2020-01-07,,114851,891265,2
1373014,2019-12-17,2020-01-07,,114881,570351,2
1373015,2019-12-17,2020-01-07,,114881,688531,2
1373016,2019-12-17,2020-01-07,,114974,355260,2
1373017,2019-12-17,2020-01-07,,115341,492268,2
1373018,2019-12-17,2020-01-07,,115420,363689,2
1373019,2019-12-17,2020-01-07,,115454,408330,2
1373020,2019-12-17,2020-01-07,,115456,767064,2
1373021,2019-12-17,2020-01-07,,115503,838791,2
1373022,2019-12-17,2020-01-07,,115529,163195,2
1373023,2019-12-17,2020-01-07,,115529,429042,2
1373024,2019-12-17,2020-01-07,,115666,504767,2
1373025,2019-12-17,2020-01-07,,115682,445309,2
1373026,2019-12-17,2020-01-07,,115702,877055,2
1373027,2019-12-17,2020-01-07,,115795,306289,2
1373028,2019-12-17,2020-01-07,,115795,333811,2
1373029,2019-12-17,2020-01-07,2019-12-27,115924,127780,1
1373030,2019-12-17,2020-01-07,,115951,660688,2
1373031,2019-12-17,2020-01-07,,115994,364572,2
1373032,2019-12-17,2020-01-07,,116117,194709,2
1373033,2019-12-17,2020-01-07,,116160,826337,2
1373034,2019-12-17,2020-01-07,,116332,917676,2
1373035,2019-12-17,2020-01-07,,116361,555543,2
1373036,2019-12-17,2020-01-07,,116611,25331,2
1373037,2019-12-17,2020-01-07,2019-12-30,117102,17680,1
1373038,2019-12-17,2020-01-07,,117102,179968,2
1373039,2019-12-17,2020-01-07,,117102,247896,2
1373040,2019-12-17,2020-01-07,,117102,366449,2
1373041,2019-12-17,2020-01-07,,117147,927284,2
1373042,2019-12-17,2020-01-07,,117152,190214,2
1373043,2019-12-17,2020-01-07,,117156,388111,2
1373044,2019-12-17,2020-01-07,,117259,815288,2
1373045,2019-12-17,2020-01-07,,117262,111810,2
1373046,2019-12-17,2020-01-07,,117360,354614,2
1373047,2019-12-17,2020-01-07,,117365,566990,2
1373048,2019-12-17,2020-01-07,,117368,147042,2
1373049,2019-12-17,2020-01-07,,117409,111554,2
1373050,2019-12-17,2020-01-07,,117411,199425,2
1373051,2019-12-17,2020-01-07,,117479,103181,2
1373052,2019-12-17,2020-01-07,,117514,616812,2
1373053,2019-12-17,2020-01-07,,117573,774735,2
1373054,2019-12-17,2020-01-07,,117705,203361,2
1373055,2019-12-17,2020-01-07,,117750,657115,2
1373056,2019-12-17,2020-01-07,,117815,593562,2
1373057,2019-12-17,2020-01-07,,117906,570444,2
1373058,2019-12-17,2020-01-07,,117923,421428,2
1373059,2019-12-17,2020-01-07,2019-12-28,117923,599158,1
1373060,2019-12-17,2020-01-07,,117923,736853,2
1373061,2019-12-17,2020-01-07,,117950,955296,2
1373062,2019-12-17,2020-01-07,,117992,843853,2
1373063,2019-12-17,2020-01-07,,118046,104225,2
1373064,2019-12-17,2020-01-07,,118407,259910,2
1373065,2019-12-17,2020-01-07,,118411,742760,2
1373066,2019-12-17,2020-01-07,,118568,794075,2
1373067,2019-12-17,2020-01-07,,118639,145878,2
1373068,2019-12-17,2020-01-07,,118759,577349,2
1373069,2019-12-17,2020-01-07,,118768,913248,2
1373070,2019-12-17,2020-01-07,,119013,188130,2
1373071,2019-12-17,2020-01-07,,119013,446348,2
1373072,2019-12-17,2020-01-07,,119095,503389,2
1373073,2019-12-17,2020-01-07,2019-12-29,119194,95012,1
1373074,2019-12-17,2020-01-07,,119194,155102,2
1373075,2019-12-17,2020-01-07,,119241,229787,2
1373076,2019-12-17,2020-01-07,,119274,135746,2
1373077,2019-12-17,2020-01-07,,119323,700953,2
1373078,2019-12-17,2020-01-07,2019-12-30,119450,200285,1
1373079,2019-12-17,2020-01-07,,119450,761324,2
1373080,2019-12-17,2020-01-07,,119453,232710,2
1373081,2019-12-17,2020-01-07,,119557,222927,2
1373082,2019-12-17,2020-01-07,,119599,22433,2
1373083,2019-12-17,2020-01-07,,119821,196861,2
1373084,2019-12-17,2020-01-07,,119991,154979,2
1373085,2019-12-17,2020-01-07,,120093,387784,2
1373086,2019-12-17,2020-01-07,,120130,377891,2
1373087,2019-12-17,2020-01-07,,120342,728248,2
1373088,2019-12-17,2020-01-07,,120428,492565,2
1373089,2019-12-17,2020-01-07,,120473,349808,2
1373090,2019-12-17,2020-01-07,,120477,745808,2
1373091,2019-12-17,2020-01-07,,120530,35394,2
1373092,2019-12-17,2020-01-07,,120565,222196,2
1373093,2019-12-17,2020-01-07,,120598,24985,2
1373094,2019-12-17,2020-01-07,,120631,762867,2
1373095,2019-12-17,2020-01-07,,120631,813134,2
1373096,2019-12-17,2020-01-07,,120631,911038,2
1373097,2019-12-17,2020-01-07,2019-12-29,120631,915588,1
1373098,2019-12-17,2020-01-07,,120658,425085,2
1373099,2019-12-17,2020-01-07,2019-12-31,120724,282178,1
1373100,2019-12-17,2020-01-07,,120995,775145,2
1373101,2019-12-17,2020-01-07,,121034,713785,2
1373102,2019-12-17,2020-01-07,,121045,777122,2
1373103,2019-12-17,2020-01-07,,121048,887372,2
1373104,2019-12-17,2020-01-07,,121052,543737,2
1373105,2019-12-17,2020-01-07,,121298,818577,2
1373106,2019-12-17,2020-01-07,,121376,717911,2
1373107,2019-12-17,2020-01-07,,121586,239255,2
1373108,2019-12-17,2020-01-07,,121735,274753,2
1373109,2019-12-17,2020-01-07,,121785,929103,2
1373110,2019-12-17,2020-01-07,,121872,15012,2
1373111,2019-12-17,2020-01-07,,121908,91141,2
1373112,2019-12-17,2020-01-07,,121908,400869,2
1373113,2019-12-17,2020-01-07,,121908,504939,2
1373114,2019-12-17,2020-01-07,2019-12-29,121908,807833,1
1373115,2019-12-17,2020-01-07,,122006,569443,2
1373116,2019-12-17,2020-01-07,,122055,40105,2
1373117,2019-12-17,2020-01-07,,122055,154518,2
1373118,2019-12-17,2020-01-07,,122074,307349,2
1373119,2019-12-17,2020-01-07,,122341,419565,2
1373120,2019-12-17,2020-01-07,,122442,162690,2
1373121,2019-12-17,2020-01-07,,122666,387915,2
1373122,2019-12-17,2020-01-07,,122666,915316,2
1373123,2019-12-17,2020-01-07,2019-12-28,122705,319044,1
1373124,2019-12-17,2020-01-07,,122794,634978,2
1373125,2019-12-17,2020-01-07,,122872,629207,2
1373126,2019-12-17,2020-01-07,,122920,864710,2
1373127,2019-12-17,2020-01-07,,122997,355090,2
1373128,2019-12-17,2020-01-07,,123026,769200,2
1373129,2019-12-17,2020-01-07,,123340,70422,2
1373130,2019-12-17,2020-01-07,,123450,95034,2
1373131,2019-12-17,2020-01-07,,123528,834971,2
1373132,2019-12-17,2020-01-07,,123668,332606,2
1373133,2019-12-17,2020-01-07,,123676,129562,2
1373134,2019-12-17,2020-01-07,,123828,903310,2
1373135,2019-12-17,2020-01-07,,123952,460427,2
1373136,2019-12-17,2020-01-07,,123966,199067,2
1373137,2019-12-17,2020-01-07,,123982,557035,2
1373138,2019-12-17,2020-01-07,2019-12-29,123982,847339,1
1373139,2019-12-17,2020-01-07,,124012,620553,2
1373140,2019-12-17,2020-01-07,,124115,167156,2
1373141,2019-12-17,2020-01-07,,124322,93987,2
1373142,2019-12-17,2020-01-07,,124521,49596,2
1373143,2019-12-17,2020-01-07,,124562,455160,2
1373144,2019-12-17,2020-01-07,,124607,686615,2
1373145,2019-12-17,2020-01-07,,124724,141018,2
1373146,2019-12-17,2020-01-07,,124919,810608,2
1373147,2019-12-17,2020-01-07,,125052,770814,2
1373148,2019-12-17,2020-01-07,,125171,571387,2
1373149,2019-12-17,2020-01-07,,125179,674748,2
1373150,2019-12-17,2020-01-07,,125350,948942,2
1373151,2019-12-17,2020-01-07,,125353,509268,2
1373152,2019-12-17,2020-01-07,,125505,398142,2
1373153,2019-12-17,2020-01-07,2019-12-31,125545,813980,1
1373154,2019-12-17,2020-01-07,,125707,158300,2
1373155,2019-12-17,2020-01-07,2019-12-29,125813,720495,1
1373156,2019-12-17,2020-01-07,,125813,823368,2
1373157,2019-12-17,2020-01-07,,125980,257443,2
1373158,2019-12-17,2020-01-07,,126509,147270,2
1373159,2019-12-17,2020-01-07,,126540,98111,2
1373160,2019-12-17,2020-01-07,,126840,311886,2
1373161,2019-12-17,2020-01-07,,126840,465942,2
1373162,2019-12-17,2020-01-07,,126908,767407,2
1373163,2019-12-17,2020-01-07,,126979,478530,2
1373164,2019-12-17,2020-01-07,,127045,480793,2
1373165,2019-12-17,2020-01-07,,127073,524629,2
1373166,2019-12-17,2020-01-07,,127127,220542,2
1373167,2019-12-17,2020-01-07,,127345,666306,2
1373168,2019-12-17,2020-01-07,,127424,336976,2
1373169,2019-12-17,2020-01-07,,127533,343942,2
1373170,2019-12-17,2020-01-07,,127533,457769,2
1373171,2019-12-17,2020-01-07,2019-12-31,127592,163929,1
1373172,2019-12-17,2020-01-07,,127596,149288,2
1373173,2019-12-17,2020-01-07,,127622,846861,2
1373174,2019-12-17,2020-01-07,,127677,15521,2
1373175,2019-12-17,2020-01-07,,127766,671173,2
1373176,2019-12-17,2020-01-07,,127941,453985,2
1373177,2019-12-17,2020-01-07,,127994,651322,2
1373178,2019-12-17,2020-01-07,,128151,405490,2
1373179,2019-12-17,2020-01-07,,128200,875765,2
1373180,2019-12-17,2020-01-07,,128255,361911,2
1373181,2019-12-17,2020-01-07,,128327,560611,2
1373182,2019-12-17,2020-01-07,,128341,515358,2
1373183,2019-12-17,2020-01-07,,128387,70730,2
1373184,2019-12-17,2020-01-07,,128387,128734,2
1373185,2019-12-17,2020-01-07,,128608,445153,2
1373186,2019-12-17,2020-01-07,2019-12-27,129007,830219,1
1373187,2019-12-17,2020-01-07,,129138,96258,2
1373188,2019-12-17,2020-01-07,,129138,548424,2
1373189,2019-12-17,2020-01-07,,129233,387262,2
1373190,2019-12-17,2020-01-07,,129327,139736,2
1373191,2019-12-17,2020-01-07,,129483,606584,2
1373192,2019-12-17,2020-01-07,,129483,671897,2
1373193,2019-12-17,2020-01-07,,129483,924781,2
1373194,2019-12-17,2020-01-07,2019-12-31,129534,613599,1
1373195,2019-12-17,2020-01-07,,129544,10363,2
1373196,2019-12-17,2020-01-07,,129595,117575,2
1373197,2019-12-17,2020-01-07,,129755,686247,2
1373198,2019-12-17,2020-01-07,,129851,524353,2
1373199,2019-12-17,2020-01-07,,129896,159027,2
1373200,2019-12-17,2020-01-07,,129896,804028,2
1373201,2019-12-17,2020-01-07,,129936,577867,2
1373202,2019-12-17,2020-01-07,,130007,735441,2
1373203,2019-12-17,2020-01-07,,130010,410941,2
1373204,2019-12-17,2020-01-07,,130047,69285,2
1373205,2019-12-17,2020-01-07,,130047,253421,2
1373206,2019-12-17,2020-01-07,,130047,408323,2
1373207,2019-12-17,2020-01-07,,130047,713321,2
1373208,2019-12-17,2020-01-07,,130408,691497,2
1373209,2019-12-17,2020-01-07,,130430,155076,2
1373210,2019-12-17,2020-01-07,2019-12-29,130430,177204,1
1373211,2019-12-17,2020-01-07,2019-12-29,130601,453838,1
1373212,2019-12-17,2020-01-07,,130937,439033,2
1373213,2019-12-17,2020-01-07,,131494,91832,2
1373214,2019-12-17,2020-01-07,,131685,916999,2
1373215,2019-12-17,2020-01-07,,131917,3125,2
1373216,2019-12-17,2020-01-07,,132133,448540,2
1373217,2019-12-17,2020-01-07,,132133,479663,2
1373218,2019-12-17,2020-01-07,,132133,700039,2
1373219,2019-12-17,2020-01-07,,132144,142663,2
1373220,2019-12-17,2020-01-07,,132144,703014,2
1373221,2019-12-17,2020-01-07,,132144,886250,2
1373222,2019-12-17,2020-01-07,2019-12-30,132374,34313,1
1373223,2019-12-17,2020-01-07,2019-12-29,132439,529564,1
1373224,2019-12-17,2020-01-07,,132627,334998,2
1373225,2019-12-17,2020-01-07,,132664,253572,2
1373226,2019-12-17,2020-01-07,,132664,654694,2
1373227,2019-12-17,2020-01-07,,132664,698372,2
1373228,2019-12-17,2020-01-07,2019-12-30,132674,332687,1
1373229,2019-12-17,2020-01-07,,132724,4133,2
1373230,2019-12-17,2020-01-07,,132806,625473,2
1373231,2019-12-17,2020-01-07,,132878,331774,2
1373232,2019-12-17,2020-01-07,,132878,549758,2
1373233,2019-12-17,2020-01-07,,132973,416710,2
1373234,2019-12-17,2020-01-07,,133191,383373,2
1373235,2019-12-17,2020-01-07,,133201,498425,2
1373236,2019-12-17,2020-01-07,,133221,744010,2
1373237,2019-12-17,2020-01-07,,133273,456517,2
1373238,2019-12-17,2020-01-07,,133273,700049,2
1373239,2019-12-17,2020-01-07,,133280,316938,2
1373240,2019-12-17,2020-01-07,,133287,883122,2
1373241,2019-12-17,2020-01-07,,133359,648856,2
1373242,2019-12-17,2020-01-07,,133459,93073,2
1373243,2019-12-17,2020-01-07,,133560,197921,2
1373244,2019-12-17,2020-01-07,,133631,510746,2
1373245,2019-12-17,2020-01-07,,133672,733904,2
1373246,2019-12-17,2020-01-07,,133690,175694,2
1373247,2019-12-17,2020-01-07,,133769,123716,2
1373248,2019-12-17,2020-01-07,,133959,57402,2
1373249,2019-12-17,2020-01-07,,133974,384205,2
1373250,2019-12-17,2020-01-07,,134020,134834,2
1373251,2019-12-17,2020-01-07,,134367,867078,2
1373252,2019-12-17,2020-01-07,,134534,486562,2
1373253,2019-12-17,2020-01-07,,134576,598875,2
1373254,2019-12-17,2020-01-07,,134589,656525,2
1373255,2019-12-17,2020-01-07,,134715,677724,2
1373256,2019-12-17,2020-01-07,,134743,742639,2
1373257,2019-12-17,2020-01-07,,134758,474969,2
1373258,2019-12-17,2020-01-07,2019-12-31,134758,951937,1
1373259,2019-12-17,2020-01-07,,134903,558971,2
1373260,2019-12-17,2020-01-07,,135213,129213,2
1373261,2019-12-17,2020-01-07,,135525,640308,2
1373262,2019-12-17,2020-01-07,,135930,252481,2
1373263,2019-12-17,2020-01-07,2019-12-30,135930,380021,1
1373264,2019-12-17,2020-01-07,,136064,25745,2
1373265,2019-12-17,2020-01-07,,136064,41383,2
1373266,2019-12-17,2020-01-07,,136064,139584,2
1373267,2019-12-17,2020-01-07,,136064,178058,2
1373268,2019-12-17,2020-01-07,,136064,198466,2
1373269,2019-12-17,2020-01-07,,136064,428581,2
1373270,2019-12-17,2020-01-07,,136203,930475,2
1373271,2019-12-17,2020-01-07,,136342,227825,2
1373272,2019-12-17,2020-01-07,,136353,288532,2
1373273,2019-12-17,2020-01-07,,136353,793783,2
1373274,2019-12-17,2020-01-07,2019-12-30,136425,466148,1
1373275,2019-12-17,2020-01-07,,136450,698804,2
1373276,2019-12-17,2020-01-07,2019-12-30,136450,845002,1
1373277,2019-12-17,2020-01-07,,136545,698855,2
1373278,2019-12-17,2020-01-07,2019-12-27,136604,710044,1
1373279,2019-12-17,2020-01-07,,137223,513906,2
1373280,2019-12-17,2020-01-07,,137243,550750,2
1373281,2019-12-17,2020-01-07,,137243,853128,2
1373282,2019-12-17,2020-01-07,,137317,81956,2
1373283,2019-12-17,2020-01-07,,137506,463197,2
1373284,2019-12-17,2020-01-07,,137550,291485,2
1373285,2019-12-17,2020-01-07,,137564,803393,2
1373286,2019-12-17,2020-01-07,,137564,876809,2
1373287,2019-12-17,2020-01-07,,137564,922028,2
1373288,2019-12-17,2020-01-07,2019-12-30,137701,55082,1
1373289,2019-12-17,2020-01-07,,137811,370904,2
1373290,2019-12-17,2020-01-07,,138008,394658,2
1373291,2019-12-17,2020-01-07,,138584,463515,2
1373292,2019-12-17,2020-01-07,,138791,551864,2
1373293,2019-12-17,2020-01-07,,138818,195439,2
1373294,2019-12-17,2020-01-07,,138890,193452,2
1373295,2019-12-17,2020-01-07,,138899,48277,2
1373296,2019-12-17,2020-01-07,,138927,71709,2
1373297,2019-12-17,2020-01-07,,138927,125051,2
1373298,2019-12-17,2020-01-07,,138956,460042,2
1373299,2019-12-17,2020-01-07,,138972,438943,2
1373300,2019-12-17,2020-01-07,2019-12-28,139071,654710,1
1373301,2019-12-17,2020-01-07,,139131,502486,2
1373302,2019-12-17,2020-01-07,,139153,219322,2
1373303,2019-12-17,2020-01-07,,139347,174628,2
1373304,2019-12-17,2020-01-07,,139499,952857,2
1373305,2019-12-17,2020-01-07,,139564,837207,2
1373306,2019-12-17,2020-01-07,,139625,564280,2
1373307,2019-12-17,2020-01-07,,139645,785077,2
1373308,2019-12-17,2020-01-07,,139752,738202,2
1373309,2019-12-17,2020-01-07,,139787,397148,2
1373310,2019-12-17,2020-01-07,,139876,779966,2
1373311,2019-12-17,2020-01-07,,140033,741787,2
1373312,2019-12-17,2020-01-07,,140124,382798,2
1373313,2019-12-17,2020-01-07,,140280,206489,2
1373314,2019-12-17,2020-01-07,,140291,166528,2
1373315,2019-12-17,2020-01-07,,140293,336667,2
1373316,2019-12-17,2020-01-07,,140402,220172,2
1373317,2019-12-17,2020-01-07,,140671,107924,2
1373318,2019-12-17,2020-01-07,,140838,208715,2
1373319,2019-12-17,2020-01-07,,141019,828549,2
1373320,2019-12-17,2020-01-07,,141106,223005,2
1373321,2019-12-17,2020-01-07,,141106,845048,2
1373322,2019-12-17,2020-01-07,,141156,32515,2
1373323,2019-12-17,2020-01-07,,141238,868295,2
1373324,2019-12-17,2020-01-07,,141261,138931,2
1373325,2019-12-17,2020-01-07,,141318,210869,2
1373326,2019-12-17,2020-01-07,,141419,416258,2
1373327,2019-12-17,2020-01-07,,141428,129759,2
1373328,2019-12-17,2020-01-07,,141437,49502,2
1373329,2019-12-17,2020-01-07,,141538,881720,2
1373330,2019-12-17,2020-01-07,,141656,481615,2
1373331,2019-12-17,2020-01-07,,141779,192125,2
1373332,2019-12-17,2020-01-07,,141849,51592,2
1373333,2019-12-17,2020-01-07,,141853,25808,2
1373334,2019-12-17,2020-01-07,,141901,285580,2
1373335,2019-12-17,2020-01-07,,141901,547892,2
1373336,2019-12-17,2020-01-07,,141956,847689,2
1373337,2019-12-17,2020-01-07,,142073,526724,2
1373338,2019-12-17,2020-01-07,,142252,231277,2
1373339,2019-12-17,2020-01-07,,142481,929511,2
1373340,2019-12-17,2020-01-07,,142574,683182,2
1373341,2019-12-17,2020-01-07,,142854,378508,2
1373342,2019-12-17,2020-01-07,,142911,379458,2
1373343,2019-12-17,2020-01-07,,142911,560029,2
1373344,2019-12-17,2020-01-07,,142916,686272,2
1373345,2019-12-17,2020-01-07,,143033,937407,2
1373346,2019-12-17,2020-01-07,,143067,443676,2
1373347,2019-12-17,2020-01-07,,143184,827122,2
1373348,2019-12-17,2020-01-07,,143186,547646,2
1373349,2019-12-17,2020-01-07,,143197,311924,2
1373350,2019-12-17,2020-01-07,,143443,812467,2
1373351,2019-12-17,2020-01-07,,143472,537907,2
1373352,2019-12-17,2020-01-07,,143629,250738,2
1373353,2019-12-17,2020-01-07,,143713,164243,2
1373354,2019-12-17,2020-01-07,,143713,899028,2
1373355,2019-12-17,2020-01-07,,143727,37263,2
1373356,2019-12-17,2020-01-07,,143738,928915,2
1373357,2019-12-17,2020-01-07,,143818,548649,2
1373358,2019-12-17,2020-01-07,,143845,704150,2
1373359,2019-12-17,2020-01-07,,143848,487373,2
1373360,2019-12-17,2020-01-07,,143929,99139,2
1373361,2019-12-17,2020-01-07,,143929,175124,2
1373362,2019-12-17,2020-01-07,,143929,541747,2
1373363,2019-12-17,2020-01-07,,143929,819786,2
1373364,2019-12-17,2020-01-07,,144216,285993,2
1373365,2019-12-17,2020-01-07,,144287,337535,2
1373366,2019-12-17,2020-01-07,,144314,251839,2
1373367,2019-12-17,2020-01-07,,144361,864651,2
1373368,2019-12-17,2020-01-07,,144494,158121,2
1373369,2019-12-17,2020-01-07,,144529,824830,2
1373370,2019-12-17,2020-01-07,2019-12-30,144724,95894,1
1373371,2019-12-17,2020-01-07,,144724,567715,2
1373372,2019-12-17,2020-01-07,,144724,758488,2
1373373,2019-12-17,2020-01-07,,144831,700060,2
1373374,2019-12-17,2020-01-07,,145065,709530,2
1373375,2019-12-17,2020-01-07,,145137,752570,2
1373376,2019-12-17,2020-01-07,,145170,758822,2
1373377,2019-12-17,2020-01-07,,145500,37360,2
1373378,2019-12-17,2020-01-07,2019-12-28,145576,726018,1
1373379,2019-12-17,2020-01-07,,145686,14475,2
1373380,2019-12-17,2020-01-07,,145686,366478,2
1373381,2019-12-17,2020-01-07,,145697,340,2
1373382,2019-12-17,2020-01-07,,145697,22986,2
1373383,2019-12-17,2020-01-07,,145697,763331,2
1373384,2019-12-17,2020-01-07,,145726,419472,2
1373385,2019-12-17,2020-01-07,,145756,104652,2
1373386,2019-12-17,2020-01-07,2019-12-31,145816,900512,1
1373387,2019-12-17,2020-01-07,,145895,802278,2
1373388,2019-12-17,2020-01-07,,146040,242864,2
1373389,2019-12-17,2020-01-07,,146279,848395,2
1373390,2019-12-17,2020-01-07,,146383,206591,2
1373391,2019-12-17,2020-01-07,,146394,453949,2
1373392,2019-12-17,2020-01-07,,146394,681065,2
1373393,2019-12-17,2020-01-07,,146624,457933,2
1373394,2019-12-17,2020-01-07,,146730,476034,2
1373395,2019-12-17,2020-01-07,,146730,770808,2
1373396,2019-12-17,2020-01-07,,146904,670146,2
1373397,2019-12-17,2020-01-07,,146909,146633,2
1373398,2019-12-17,2020-01-07,,146909,250181,2
1373399,2019-12-17,2020-01-07,,146926,222084,2
1373400,2019-12-17,2020-01-07,,147018,411789,2
1373401,2019-12-17,2020-01-07,2019-12-30,147180,667964,1
1373402,2019-12-17,2020-01-07,,147262,475942,2
1373403,2019-12-17,2020-01-07,,147513,175850,2
1373404,2019-12-17,2020-01-07,,147688,122910,2
1373405,2019-12-17,2020-01-07,,147748,271593,2
1373406,2019-12-17,2020-01-07,,147786,576618,2
1373407,2019-12-17,2020-01-07,,147790,437397,2
1373408,2019-12-17,2020-01-07,,147833,111961,2
1373409,2019-12-17,2020-01-07,,147915,286960,2
1373410,2019-12-17,2020-01-07,,147919,840680,2
1373411,2019-12-17,2020-01-07,,147934,91866,2
1373412,2019-12-17,2020-01-07,,148057,498696,2
1373413,2019-12-17,2020-01-07,,148073,553319,2
1373414,2019-12-17,2020-01-07,,148097,450196,2
1373415,2019-12-17,2020-01-07,2019-12-30,148290,762137,1
1373416,2019-12-17,2020-01-07,,148479,401177,2
1373417,2019-12-17,2020-01-07,,148479,923247,2
1373418,2019-12-17,2020-01-07,,148506,489284,2
1373419,2019-12-17,2020-01-07,,148632,745784,2
1373420,2019-12-17,2020-01-07,2019-12-31,148667,506181,1
1373421,2019-12-17,2020-01-07,,148694,306397,2
1373422,2019-12-17,2020-01-07,,148820,861828,2
1373423,2019-12-17,2020-01-07,,149160,865800,2
1373424,2019-12-17,2020-01-07,,149314,184028,2
1373425,2019-12-17,2020-01-07,,149418,896702,2
1373426,2019-12-17,2020-01-07,,149493,604251,2
1373427,2019-12-17,2020-01-07,,149753,845033,2
1373428,2019-12-17,2020-01-07,,149900,237701,2
1373429,2019-12-17,2020-01-07,2019-12-30,149900,690121,1
1373430,2019-12-17,2020-01-07,2019-12-31,150175,681890,1
1373431,2019-12-17,2020-01-07,,150238,253528,2
1373432,2019-12-17,2020-01-07,,150245,753424,2
1373433,2019-12-17,2020-01-07,,150282,417999,2
1373434,2019-12-17,2020-01-07,,150321,194875,2
1373435,2019-12-17,2020-01-07,,150410,2772,2
1373436,2019-12-17,2020-01-07,,150415,212043,2
1373437,2019-12-17,2020-01-07,2019-12-29,150466,209655,1
1373438,2019-12-17,2020-01-07,,150497,462281,2
1373439,2019-12-17,2020-01-07,,151074,889035,2
1373440,2019-12-17,2020-01-07,,151253,146272,2
1373441,2019-12-17,2020-01-07,,151556,192552,2
1373442,2019-12-17,2020-01-07,,151625,945550,2
1373443,2019-12-17,2020-01-07,,151742,248331,2
1373444,2019-12-17,2020-01-07,,151787,217829,2
1373445,2019-12-17,2020-01-07,,151887,879854,2
1373446,2019-12-17,2020-01-07,,152158,50156,2
1373447,2019-12-17,2020-01-07,,152158,178185,2
1373448,2019-12-17,2020-01-07,,152158,404822,2
1373449,2019-12-17,2020-01-07,,152158,570337,2
1373450,2019-12-17,2020-01-07,,152240,403905,2
1373451,2019-12-17,2020-01-07,,152479,215600,2
1373452,2019-12-17,2020-01-07,,152698,247915,2
1373453,2019-12-17,2020-01-07,,152894,186610,2
1373454,2019-12-17,2020-01-07,,152997,698950,2
1373455,2019-12-17,2020-01-07,,153102,829485,2
1373456,2019-12-17,2020-01-07,,153111,896443,2
1373457,2019-12-17,2020-01-07,,153182,809416,2
1373458,2019-12-17,2020-01-07,,153272,430199,2
1373459,2019-12-17,2020-01-07,,153291,289456,2
1373460,2019-12-17,2020-01-07,,153578,842133,2
1373461,2019-12-17,2020-01-07,,153636,360886,2
1373462,2019-12-17,2020-01-07,,153922,568529,2
1373463,2019-12-17,2020-01-07,,154078,778450,2
1373464,2019-12-17,2020-01-07,,154202,738923,2
1373465,2019-12-17,2020-01-07,,154226,838216,2
1373466,2019-12-17,2020-01-07,,154315,617680,2
1373467,2019-12-17,2020-01-07,,154380,777620,2
1373468,2019-12-17,2020-01-07,2019-12-31,154447,477615,1
1373469,2019-12-17,2020-01-07,,154656,557850,2
1373470,2019-12-17,2020-01-07,,154751,308518,2
1373471,2019-12-17,2020-01-07,,154781,806546,2
1373472,2019-12-17,2020-01-07,,154837,299432,2
1373473,2019-12-17,2020-01-07,,154876,485750,2
1373474,2019-12-17,2020-01-07,,154902,186997,2
1373475,2019-12-17,2020-01-07,,154902,438630,2
1373476,2019-12-17,2020-01-07,,154902,470536,2
1373477,2019-12-17,2020-01-07,,154931,247904,2
1373478,2019-12-17,2020-01-07,,154943,900493,2
1373479,2019-12-17,2020-01-07,,154991,900764,2
1373480,2019-12-17,2020-01-07,,155012,774974,2
1373481,2019-12-17,2020-01-07,,155014,890969,2
1373482,2019-12-17,2020-01-07,,155032,647842,2
1373483,2019-12-17,2020-01-07,,155158,759825,2
1373484,2019-12-17,2020-01-07,,155158,832690,2
1373485,2019-12-17,2020-01-07,,155218,892314,2
1373486,2019-12-17,2020-01-07,,155503,228206,2
1373487,2019-12-17,2020-01-07,,155664,206486,2
1373488,2019-12-17,2020-01-07,,155811,160898,2
1373489,2019-12-17,2020-01-07,,155863,727931,2
1373490,2019-12-17,2020-01-07,,155886,455378,2
1373491,2019-12-17,2020-01-07,,156018,400543,2
1373492,2019-12-17,2020-01-07,,156190,412973,2
1373493,2019-12-17,2020-01-07,,156252,26745,2
1373494,2019-12-17,2020-01-07,,156355,185847,2
1373495,2019-12-17,2020-01-07,,156413,496649,2
1373496,2019-12-17,2020-01-07,,156456,900030,2
1373497,2019-12-17,2020-01-07,,156470,35145,2
1373498,2019-12-17,2020-01-07,,156609,839081,2
1373499,2019-12-17,2020-01-07,,156614,610638,2
1373500,2019-12-17,2020-01-07,,156856,104001,2
1373501,2019-12-17,2020-01-07,,156888,340601,2
1373502,2019-12-17,2020-01-07,,156912,5949,2
1373503,2019-12-17,2020-01-07,,156912,35345,2
1373504,2019-12-17,2020-01-07,,156912,331759,2
1373505,2019-12-17,2020-01-07,,156912,350378,2
1373506,2019-12-17,2020-01-07,,156912,650128,2
1373507,2019-12-17,2020-01-07,2019-12-31,156912,671138,1
1373508,2019-12-17,2020-01-07,,157064,848302,2
1373509,2019-12-17,2020-01-07,,157184,749909,2
1373510,2019-12-17,2020-01-07,,157361,661703,2
1373511,2019-12-17,2020-01-07,,157819,443450,2
1373512,2019-12-17,2020-01-07,,157856,624758,2
1373513,2019-12-17,2020-01-07,,157880,118381,2
1373514,2019-12-17,2020-01-07,,157901,278402,2
1373515,2019-12-17,2020-01-07,,157926,249920,2
1373516,2019-12-17,2020-01-07,,158023,649257,2
1373517,2019-12-17,2020-01-07,,158120,546312,2
1373518,2019-12-17,2020-01-07,,158411,546688,2
1373519,2019-12-17,2020-01-07,2019-12-29,158611,492207,1
1373520,2019-12-17,2020-01-07,,158611,794009,2
1373521,2019-12-17,2020-01-07,,158648,86563,2
1373522,2019-12-17,2020-01-07,,158666,26719,2
1373523,2019-12-17,2020-01-07,,158669,213319,2
1373524,2019-12-17,2020-01-07,,158702,743579,2
1373525,2019-12-17,2020-01-07,2019-12-31,159032,22874,1
1373526,2019-12-17,2020-01-07,,159069,87009,2
1373527,2019-12-17,2020-01-07,2019-12-31,159113,25783,1
1373528,2019-12-17,2020-01-07,,159117,735209,2
1373529,2019-12-17,2020-01-07,,159209,632394,2
1373530,2019-12-17,2020-01-07,,159262,51711,2
1373531,2019-12-17,2020-01-07,,159298,485899,2
1373532,2019-12-17,2020-01-07,,159408,155174,2
1373533,2019-12-17,2020-01-07,,159438,194609,2
1373534,2019-12-17,2020-01-07,,159573,193560,2
1373535,2019-12-17,2020-01-07,,159598,864569,2
1373536,2019-12-17,2020-01-07,,159611,657475,2
1373537,2019-12-17,2020-01-07,,159611,954527,2
1373538,2019-12-18,2020-01-08,,40,638985,2
1373539,2019-12-18,2020-01-08,,129,282179,2
1373540,2019-12-18,2020-01-08,,146,691861,2
1373541,2019-12-18,2020-01-08,,175,317286,2
1373542,2019-12-18,2020-01-08,,301,858726,2
1373543,2019-12-18,2020-01-08,,437,727769,2
1373544,2019-12-18,2020-01-08,,474,49880,2
1373545,2019-12-18,2020-01-08,,474,804409,2
1373546,2019-12-18,2020-01-08,,523,163237,2
1373547,2019-12-18,2020-01-08,2019-12-31,570,729005,1
1373548,2019-12-18,2020-01-08,,781,595267,2
1373549,2019-12-18,2020-01-08,,913,898645,2
1373550,2019-12-18,2020-01-08,,983,336354,2
1373551,2019-12-18,2020-01-08,,1081,10902,2
1373552,2019-12-18,2020-01-08,,1081,508835,2
1373553,2019-12-18,2020-01-08,,1081,689535,2
1373554,2019-12-18,2020-01-08,,1131,492302,2
1373555,2019-12-18,2020-01-08,,1363,682987,2
1373556,2019-12-18,2020-01-08,,1378,800427,2
1373557,2019-12-18,2020-01-08,,1696,47018,2
1373558,2019-12-18,2020-01-08,,1739,750785,2
1373559,2019-12-18,2020-01-08,2019-12-29,2098,800287,1
1373560,2019-12-18,2020-01-08,,2190,588156,2
1373561,2019-12-18,2020-01-08,,2195,936303,2
1373562,2019-12-18,2020-01-08,,2350,585218,2
1373563,2019-12-18,2020-01-08,,2443,931905,2
1373564,2019-12-18,2020-01-08,,2516,98593,2
1373565,2019-12-18,2020-01-08,,2516,622737,2
1373566,2019-12-18,2020-01-08,,2516,702383,2
1373567,2019-12-18,2020-01-08,,2597,201903,2
1373568,2019-12-18,2020-01-08,,2597,508586,2
1373569,2019-12-18,2020-01-08,,2597,568076,2
1373570,2019-12-18,2020-01-08,,2602,908641,2
1373571,2019-12-18,2020-01-08,2019-12-30,2691,106307,1
1373572,2019-12-18,2020-01-08,,2691,272303,2
1373573,2019-12-18,2020-01-08,,2691,421429,2
1373574,2019-12-18,2020-01-08,,2691,483459,2
1373575,2019-12-18,2020-01-08,2019-12-29,2691,720521,1
1373576,2019-12-18,2020-01-08,,2780,709410,2
1373577,2019-12-18,2020-01-08,,3004,81766,2
1373578,2019-12-18,2020-01-08,,3082,504918,2
1373579,2019-12-18,2020-01-08,,3211,688775,2
1373580,2019-12-18,2020-01-08,,3231,757949,2
1373581,2019-12-18,2020-01-08,,3243,680140,2
1373582,2019-12-18,2020-01-08,,3265,559833,2
1373583,2019-12-18,2020-01-08,,3328,232428,2
1373584,2019-12-18,2020-01-08,,3351,130516,2
1373585,2019-12-18,2020-01-08,,3358,380020,2
1373586,2019-12-18,2020-01-08,,3358,681859,2
1373587,2019-12-18,2020-01-08,,3819,46993,2
1373588,2019-12-18,2020-01-08,,3819,527553,2
1373589,2019-12-18,2020-01-08,,3819,534213,2
1373590,2019-12-18,2020-01-08,,3819,773756,2
1373591,2019-12-18,2020-01-08,,3827,682988,2
1373592,2019-12-18,2020-01-08,,3970,689387,2
1373593,2019-12-18,2020-01-08,,3993,652127,2
1373594,2019-12-18,2020-01-08,,4173,394459,2
1373595,2019-12-18,2020-01-08,,4183,776063,2
1373596,2019-12-18,2020-01-08,,4220,887916,2
1373597,2019-12-18,2020-01-08,,4320,861804,2
1373598,2019-12-18,2020-01-08,,4352,601722,2
1373599,2019-12-18,2020-01-08,,4628,877216,2
1373600,2019-12-18,2020-01-08,,4732,215956,2
1373601,2019-12-18,2020-01-08,,4816,556152,2
1373602,2019-12-18,2020-01-08,,4835,448504,2
1373603,2019-12-18,2020-01-08,,4918,717907,2
1373604,2019-12-18,2020-01-08,,4931,881462,2
1373605,2019-12-18,2020-01-08,,5147,364569,2
1373606,2019-12-18,2020-01-08,,5228,453998,2
1373607,2019-12-18,2020-01-08,,5323,519124,2
1373608,2019-12-18,2020-01-08,,5398,13762,2
1373609,2019-12-18,2020-01-08,,5460,49503,2
1373610,2019-12-18,2020-01-08,,5569,376707,2
1373611,2019-12-18,2020-01-08,,5793,446525,2
1373612,2019-12-18,2020-01-08,,5793,574645,2
1373613,2019-12-18,2020-01-08,,5850,705161,2
1373614,2019-12-18,2020-01-08,,5967,317833,2
1373615,2019-12-18,2020-01-08,,6006,93310,2
1373616,2019-12-18,2020-01-08,,6094,358638,2
1373617,2019-12-18,2020-01-08,,6151,9061,2
1373618,2019-12-18,2020-01-08,,6247,434355,2
1373619,2019-12-18,2020-01-08,,6361,584812,2
1373620,2019-12-18,2020-01-08,,6371,848977,2
1373621,2019-12-18,2020-01-08,,6376,924193,2
1373622,2019-12-18,2020-01-08,,6496,228173,2
1373623,2019-12-18,2020-01-08,,6517,177166,2
1373624,2019-12-18,2020-01-08,,6543,816764,2
1373625,2019-12-18,2020-01-08,,6563,949293,2
1373626,2019-12-18,2020-01-08,,6583,806855,2
1373627,2019-12-18,2020-01-08,,6619,461306,2
1373628,2019-12-18,2020-01-08,,6684,644768,2
1373629,2019-12-18,2020-01-08,,6714,278077,2
1373630,2019-12-18,2020-01-08,2019-12-31,6724,477961,1
1373631,2019-12-18,2020-01-08,,6725,16094,2
1373632,2019-12-18,2020-01-08,,6725,31178,2
1373633,2019-12-18,2020-01-08,,6725,44541,2
1373634,2019-12-18,2020-01-08,,6725,46359,2
1373635,2019-12-18,2020-01-08,,6725,232242,2
1373636,2019-12-18,2020-01-08,,6725,259063,2
1373637,2019-12-18,2020-01-08,,6725,272019,2
1373638,2019-12-18,2020-01-08,,6725,281817,2
1373639,2019-12-18,2020-01-08,,6725,312333,2
1373640,2019-12-18,2020-01-08,2019-12-31,6725,390796,1
1373641,2019-12-18,2020-01-08,,6725,504303,2
1373642,2019-12-18,2020-01-08,,6725,582150,2
1373643,2019-12-18,2020-01-08,,6725,630329,2
1373644,2019-12-18,2020-01-08,,6725,634547,2
1373645,2019-12-18,2020-01-08,,6725,708904,2
1373646,2019-12-18,2020-01-08,,6725,779885,2
1373647,2019-12-18,2020-01-08,,6844,510552,2
1373648,2019-12-18,2020-01-08,,6845,38910,2
1373649,2019-12-18,2020-01-08,,6903,344671,2
1373650,2019-12-18,2020-01-08,,7270,487781,2
1373651,2019-12-18,2020-01-08,,7652,183720,2
1373652,2019-12-18,2020-01-08,,7705,275984,2
1373653,2019-12-18,2020-01-08,,7791,116836,2
1373654,2019-12-18,2020-01-08,,7812,34296,2
1373655,2019-12-18,2020-01-08,,7844,288116,2
1373656,2019-12-18,2020-01-08,,7861,382073,2
1373657,2019-12-18,2020-01-08,,7933,245797,2
1373658,2019-12-18,2020-01-08,,8123,877445,2
1373659,2019-12-18,2020-01-08,,8141,606628,2
1373660,2019-12-18,2020-01-08,,8145,772105,2
1373661,2019-12-18,2020-01-08,,8322,202884,2
1373662,2019-12-18,2020-01-08,,8330,939062,2
1373663,2019-12-18,2020-01-08,,8457,848258,2
1373664,2019-12-18,2020-01-08,,8475,825286,2
1373665,2019-12-18,2020-01-08,2019-12-30,8587,116478,1
1373666,2019-12-18,2020-01-08,,8701,578629,2
1373667,2019-12-18,2020-01-08,,8932,166803,2
1373668,2019-12-18,2020-01-08,,8994,610708,2
1373669,2019-12-18,2020-01-08,,9152,359884,2
1373670,2019-12-18,2020-01-08,2019-12-31,9294,386630,1
1373671,2019-12-18,2020-01-08,,9409,366749,2
1373672,2019-12-18,2020-01-08,,9763,602954,2
1373673,2019-12-18,2020-01-08,,9792,690762,2
1373674,2019-12-18,2020-01-08,,10052,158436,2
1373675,2019-12-18,2020-01-08,,10108,344704,2
1373676,2019-12-18,2020-01-08,,10185,685185,2
1373677,2019-12-18,2020-01-08,,10220,472693,2
1373678,2019-12-18,2020-01-08,,10220,612465,2
1373679,2019-12-18,2020-01-08,,10280,852791,2
1373680,2019-12-18,2020-01-08,,10432,879525,2
1373681,2019-12-18,2020-01-08,,10449,191133,2
1373682,2019-12-18,2020-01-08,,10504,680225,2
1373683,2019-12-18,2020-01-08,,10566,709192,2
1373684,2019-12-18,2020-01-08,,10639,70652,2
1373685,2019-12-18,2020-01-08,,10707,884044,2
1373686,2019-12-18,2020-01-08,,10874,270796,2
1373687,2019-12-18,2020-01-08,,10965,275481,2
1373688,2019-12-18,2020-01-08,,11071,807844,2
1373689,2019-12-18,2020-01-08,,11082,909350,2
1373690,2019-12-18,2020-01-08,2019-12-29,11134,811386,1
1373691,2019-12-18,2020-01-08,,11140,171743,2
1373692,2019-12-18,2020-01-08,,11203,265085,2
1373693,2019-12-18,2020-01-08,,11239,875692,2
1373694,2019-12-18,2020-01-08,,11387,231606,2
1373695,2019-12-18,2020-01-08,,11408,314653,2
1373696,2019-12-18,2020-01-08,,11408,944016,2
1373697,2019-12-18,2020-01-08,,11437,555751,2
1373698,2019-12-18,2020-01-08,,11471,139181,2
1373699,2019-12-18,2020-01-08,,11663,950258,2
1373700,2019-12-18,2020-01-08,,11786,954342,2
1373701,2019-12-18,2020-01-08,,11854,149060,2
1373702,2019-12-18,2020-01-08,,11854,513876,2
1373703,2019-12-18,2020-01-08,,11858,603900,2
1373704,2019-12-18,2020-01-08,,11866,166823,2
1373705,2019-12-18,2020-01-08,2019-12-31,11906,188291,1
1373706,2019-12-18,2020-01-08,,11923,46003,2
1373707,2019-12-18,2020-01-08,,11953,448093,2
1373708,2019-12-18,2020-01-08,,12137,482954,2
1373709,2019-12-18,2020-01-08,,12210,944890,2
1373710,2019-12-18,2020-01-08,,12255,704221,2
1373711,2019-12-18,2020-01-08,,12312,335708,2
1373712,2019-12-18,2020-01-08,,12408,132216,2
1373713,2019-12-18,2020-01-08,,12515,423968,2
1373714,2019-12-18,2020-01-08,,12748,849282,2
1373715,2019-12-18,2020-01-08,,12868,103192,2
1373716,2019-12-18,2020-01-08,,13012,686727,2
1373717,2019-12-18,2020-01-08,,13082,834607,2
1373718,2019-12-18,2020-01-08,,13165,700875,2
1373719,2019-12-18,2020-01-08,,13165,926798,2
1373720,2019-12-18,2020-01-08,,13489,145959,2
1373721,2019-12-18,2020-01-08,,13500,226103,2
1373722,2019-12-18,2020-01-08,,13731,529353,2
1373723,2019-12-18,2020-01-08,,13828,280748,2
1373724,2019-12-18,2020-01-08,,13838,299234,2
1373725,2019-12-18,2020-01-08,,14013,206059,2
1373726,2019-12-18,2020-01-08,,14196,680606,2
1373727,2019-12-18,2020-01-08,,14275,36929,2
1373728,2019-12-18,2020-01-08,,14332,160663,2
1373729,2019-12-18,2020-01-08,,14369,878320,2
1373730,2019-12-18,2020-01-08,,14483,388598,2
1373731,2019-12-18,2020-01-08,,14507,791830,2
1373732,2019-12-18,2020-01-08,,14730,519166,2
1373733,2019-12-18,2020-01-08,,14766,380104,2
1373734,2019-12-18,2020-01-08,2019-12-29,14808,641286,1
1373735,2019-12-18,2020-01-08,,14867,384726,2
1373736,2019-12-18,2020-01-08,,14904,818233,2
1373737,2019-12-18,2020-01-08,,14973,166088,2
1373738,2019-12-18,2020-01-08,,15009,112894,2
1373739,2019-12-18,2020-01-08,,15059,492541,2
1373740,2019-12-18,2020-01-08,,15059,683161,2
1373741,2019-12-18,2020-01-08,,15281,141706,2
1373742,2019-12-18,2020-01-08,,15325,844888,2
1373743,2019-12-18,2020-01-08,,15655,191433,2
1373744,2019-12-18,2020-01-08,,15759,496783,2
1373745,2019-12-18,2020-01-08,,15842,874845,2
1373746,2019-12-18,2020-01-08,2019-12-30,16060,616452,1
1373747,2019-12-18,2020-01-08,,16092,381687,2
1373748,2019-12-18,2020-01-08,,16151,807426,2
1373749,2019-12-18,2020-01-08,,16192,371564,2
1373750,2019-12-18,2020-01-08,,16354,391141,2
1373751,2019-12-18,2020-01-08,,16405,774754,2
1373752,2019-12-18,2020-01-08,,16429,509301,2
1373753,2019-12-18,2020-01-08,,16448,167512,2
1373754,2019-12-18,2020-01-08,,16463,313040,2
1373755,2019-12-18,2020-01-08,,16620,346850,2
1373756,2019-12-18,2020-01-08,,16653,168717,2
1373757,2019-12-18,2020-01-08,,16671,35531,2
1373758,2019-12-18,2020-01-08,,16718,247204,2
1373759,2019-12-18,2020-01-08,,16753,415382,2
1373760,2019-12-18,2020-01-08,,16761,90061,2
1373761,2019-12-18,2020-01-08,,16959,820157,2
1373762,2019-12-18,2020-01-08,,17119,671448,2
1373763,2019-12-18,2020-01-08,,17189,54478,2
1373764,2019-12-18,2020-01-08,,17277,68331,2
1373765,2019-12-18,2020-01-08,2019-12-29,17277,451983,1
1373766,2019-12-18,2020-01-08,,17277,533790,2
1373767,2019-12-18,2020-01-08,,17314,455501,2
1373768,2019-12-18,2020-01-08,,17405,117007,2
1373769,2019-12-18,2020-01-08,,17429,808781,2
1373770,2019-12-18,2020-01-08,,17607,18321,2
1373771,2019-12-18,2020-01-08,,17607,153090,2
1373772,2019-12-18,2020-01-08,,17607,229822,2
1373773,2019-12-18,2020-01-08,,17607,796142,2
1373774,2019-12-18,2020-01-08,,17634,698951,2
1373775,2019-12-18,2020-01-08,,17751,171598,2
1373776,2019-12-18,2020-01-08,,17770,699038,2
1373777,2019-12-18,2020-01-08,,17874,698712,2
1373778,2019-12-18,2020-01-08,2019-12-31,17893,771873,1
1373779,2019-12-18,2020-01-08,,18047,917318,2
1373780,2019-12-18,2020-01-08,,18239,662648,2
1373781,2019-12-18,2020-01-08,,18368,488457,2
1373782,2019-12-18,2020-01-08,,18395,238138,2
1373783,2019-12-18,2020-01-08,,18431,372758,2
1373784,2019-12-18,2020-01-08,,18435,397616,2
1373785,2019-12-18,2020-01-08,,18549,425076,2
1373786,2019-12-18,2020-01-08,,18604,832691,2
1373787,2019-12-18,2020-01-08,,18609,156654,2
1373788,2019-12-18,2020-01-08,,18673,138074,2
1373789,2019-12-18,2020-01-08,,18673,156945,2
1373790,2019-12-18,2020-01-08,,18673,185988,2
1373791,2019-12-18,2020-01-08,,18673,248368,2
1373792,2019-12-18,2020-01-08,,18673,289985,2
1373793,2019-12-18,2020-01-08,,18673,341102,2
1373794,2019-12-18,2020-01-08,,18673,357345,2
1373795,2019-12-18,2020-01-08,,18673,379717,2
1373796,2019-12-18,2020-01-08,,18673,424080,2
1373797,2019-12-18,2020-01-08,,18673,427301,2
1373798,2019-12-18,2020-01-08,,18673,449891,2
1373799,2019-12-18,2020-01-08,,18673,641524,2
1373800,2019-12-18,2020-01-08,,18673,750934,2
1373801,2019-12-18,2020-01-08,,18673,753838,2
1373802,2019-12-18,2020-01-08,,18673,843170,2
1373803,2019-12-18,2020-01-08,,18676,114849,2
1373804,2019-12-18,2020-01-08,,18817,863993,2
1373805,2019-12-18,2020-01-08,,18964,460303,2
1373806,2019-12-18,2020-01-08,,18983,807447,2
1373807,2019-12-18,2020-01-08,,19069,484896,2
1373808,2019-12-18,2020-01-08,,19365,631038,2
1373809,2019-12-18,2020-01-08,,19376,558629,2
1373810,2019-12-18,2020-01-08,,19405,437198,2
1373811,2019-12-18,2020-01-08,,19458,468909,2
1373812,2019-12-18,2020-01-08,,19521,129363,2
1373813,2019-12-18,2020-01-08,,19575,580771,2
1373814,2019-12-18,2020-01-08,,19627,917339,2
1373815,2019-12-18,2020-01-08,,19822,834848,2
1373816,2019-12-18,2020-01-08,,19849,15899,2
1373817,2019-12-18,2020-01-08,,19849,621822,2
1373818,2019-12-18,2020-01-08,,19874,415562,2
1373819,2019-12-18,2020-01-08,,20016,272908,2
1373820,2019-12-18,2020-01-08,,20094,110970,2
1373821,2019-12-18,2020-01-08,,20250,466462,2
1373822,2019-12-18,2020-01-08,,20281,484855,2
1373823,2019-12-18,2020-01-08,,20485,830362,2
1373824,2019-12-18,2020-01-08,,20492,14446,2
1373825,2019-12-18,2020-01-08,,20551,161005,2
1373826,2019-12-18,2020-01-08,,20658,78597,2
1373827,2019-12-18,2020-01-08,,20658,907575,2
1373828,2019-12-18,2020-01-08,,20685,594498,2
1373829,2019-12-18,2020-01-08,2019-12-31,21060,88553,1
1373830,2019-12-18,2020-01-08,,21205,670188,2
1373831,2019-12-18,2020-01-08,,21364,88548,2
1373832,2019-12-18,2020-01-08,,21364,546962,2
1373833,2019-12-18,2020-01-08,,21603,75010,2
1373834,2019-12-18,2020-01-08,,21683,197413,2
1373835,2019-12-18,2020-01-08,,21888,336532,2
1373836,2019-12-18,2020-01-08,,21923,423639,2
1373837,2019-12-18,2020-01-08,,21979,821623,2
1373838,2019-12-18,2020-01-08,,22032,849606,2
1373839,2019-12-18,2020-01-08,,22077,637610,2
1373840,2019-12-18,2020-01-08,,22219,194169,2
1373841,2019-12-18,2020-01-08,,22234,711967,2
1373842,2019-12-18,2020-01-08,,22446,210570,2
1373843,2019-12-18,2020-01-08,,22553,382621,2
1373844,2019-12-18,2020-01-08,,22585,857514,2
1373845,2019-12-18,2020-01-08,,22593,776884,2
1373846,2019-12-18,2020-01-08,,22644,840346,2
1373847,2019-12-18,2020-01-08,,22806,224671,2
1373848,2019-12-18,2020-01-08,,23025,352,2
1373849,2019-12-18,2020-01-08,,23144,18109,2
1373850,2019-12-18,2020-01-08,,23150,756340,2
1373851,2019-12-18,2020-01-08,,23189,420465,2
1373852,2019-12-18,2020-01-08,,23252,186026,2
1373853,2019-12-18,2020-01-08,,23345,336731,2
1373854,2019-12-18,2020-01-08,2019-12-31,23345,377482,1
1373855,2019-12-18,2020-01-08,,23345,583253,2
1373856,2019-12-18,2020-01-08,2019-12-31,23345,812662,1
1373857,2019-12-18,2020-01-08,,23345,835256,2
1373858,2019-12-18,2020-01-08,,23345,865991,2
1373859,2019-12-18,2020-01-08,,23528,707482,2
1373860,2019-12-18,2020-01-08,,23536,614692,2
1373861,2019-12-18,2020-01-08,,23610,556303,2
1373862,2019-12-18,2020-01-08,,23629,851547,2
1373863,2019-12-18,2020-01-08,,23678,88540,2
1373864,2019-12-18,2020-01-08,,23684,420815,2
1373865,2019-12-18,2020-01-08,,23715,411582,2
1373866,2019-12-18,2020-01-08,,24021,909822,2
1373867,2019-12-18,2020-01-08,,24040,539927,2
1373868,2019-12-18,2020-01-08,,24108,209407,2
1373869,2019-12-18,2020-01-08,,24139,150387,2
1373870,2019-12-18,2020-01-08,,24192,562759,2
1373871,2019-12-18,2020-01-08,,24329,106392,2
1373872,2019-12-18,2020-01-08,,24401,398512,2
1373873,2019-12-18,2020-01-08,,24708,348932,2
1373874,2019-12-18,2020-01-08,,24708,460287,2
1373875,2019-12-18,2020-01-08,,24708,714676,2
1373876,2019-12-18,2020-01-08,,24767,776341,2
1373877,2019-12-18,2020-01-08,,24788,827003,2
1373878,2019-12-18,2020-01-08,,24877,821436,2
1373879,2019-12-18,2020-01-08,,24888,5985,2
1373880,2019-12-18,2020-01-08,,25044,731908,2
1373881,2019-12-18,2020-01-08,,25046,132066,2
1373882,2019-12-18,2020-01-08,,25046,188737,2
1373883,2019-12-18,2020-01-08,,25046,231660,2
1373884,2019-12-18,2020-01-08,,25046,638562,2
1373885,2019-12-18,2020-01-08,,25046,926920,2
1373886,2019-12-18,2020-01-08,,25203,832386,2
1373887,2019-12-18,2020-01-08,,25272,576859,2
1373888,2019-12-18,2020-01-08,,25410,841173,2
1373889,2019-12-18,2020-01-08,,25452,80632,2
1373890,2019-12-18,2020-01-08,,25479,942982,2
1373891,2019-12-18,2020-01-08,,25486,234746,2
1373892,2019-12-18,2020-01-08,,25696,333812,2
1373893,2019-12-18,2020-01-08,,25696,933329,2
1373894,2019-12-18,2020-01-08,,25759,141458,2
1373895,2019-12-18,2020-01-08,,25812,796561,2
1373896,2019-12-18,2020-01-08,,25812,910618,2
1373897,2019-12-18,2020-01-08,,25828,705676,2
1373898,2019-12-18,2020-01-08,2019-12-28,25849,718090,1
1373899,2019-12-18,2020-01-08,,25869,326566,2
1373900,2019-12-18,2020-01-08,,25917,65243,2
1373901,2019-12-18,2020-01-08,,25979,451450,2
1373902,2019-12-18,2020-01-08,,26015,317889,2
1373903,2019-12-18,2020-01-08,,26075,368964,2
1373904,2019-12-18,2020-01-08,,26185,163277,2
1373905,2019-12-18,2020-01-08,,26359,232601,2
1373906,2019-12-18,2020-01-08,,26387,832150,2
1373907,2019-12-18,2020-01-08,,26387,844948,2
1373908,2019-12-18,2020-01-08,,26410,701531,2
1373909,2019-12-18,2020-01-08,,26516,267770,2
1373910,2019-12-18,2020-01-08,,26522,331620,2
1373911,2019-12-18,2020-01-08,,26557,484334,2
1373912,2019-12-18,2020-01-08,,26621,174682,2
1373913,2019-12-18,2020-01-08,,26628,586536,2
1373914,2019-12-18,2020-01-08,,26801,823381,2
1373915,2019-12-18,2020-01-08,,26918,925766,2
1373916,2019-12-18,2020-01-08,,27461,250402,2
1373917,2019-12-18,2020-01-08,,27549,442301,2
1373918,2019-12-18,2020-01-08,,27626,14051,2
1373919,2019-12-18,2020-01-08,,27684,177520,2
1373920,2019-12-18,2020-01-08,,27684,408076,2
1373921,2019-12-18,2020-01-08,,27704,658970,2
1373922,2019-12-18,2020-01-08,,27901,795478,2
1373923,2019-12-18,2020-01-08,,28016,506927,2
1373924,2019-12-18,2020-01-08,,28103,480744,2
1373925,2019-12-18,2020-01-08,,28112,708514,2
1373926,2019-12-18,2020-01-08,,28121,548055,2
1373927,2019-12-18,2020-01-08,,28280,222928,2
1373928,2019-12-18,2020-01-08,,28307,740247,2
1373929,2019-12-18,2020-01-08,,28334,470907,2
1373930,2019-12-18,2020-01-08,,28452,321734,2
1373931,2019-12-18,2020-01-08,,28452,512077,2
1373932,2019-12-18,2020-01-08,,28452,611384,2
1373933,2019-12-18,2020-01-08,2019-12-30,28462,768256,1
1373934,2019-12-18,2020-01-08,,28462,924688,2
1373935,2019-12-18,2020-01-08,,28559,587583,2
1373936,2019-12-18,2020-01-08,,28695,191150,2
1373937,2019-12-18,2020-01-08,,28912,664635,2
1373938,2019-12-18,2020-01-08,,28959,505012,2
1373939,2019-12-18,2020-01-08,,28971,516359,2
1373940,2019-12-18,2020-01-08,,28992,33368,2
1373941,2019-12-18,2020-01-08,,29012,625821,2
1373942,2019-12-18,2020-01-08,,29057,436634,2
1373943,2019-12-18,2020-01-08,,29237,515757,2
1373944,2019-12-18,2020-01-08,,29454,178485,2
1373945,2019-12-18,2020-01-08,,29454,243748,2
1373946,2019-12-18,2020-01-08,,29454,370386,2
1373947,2019-12-18,2020-01-08,,29547,380964,2
1373948,2019-12-18,2020-01-08,,29613,804863,2
1373949,2019-12-18,2020-01-08,,29849,103929,2
1373950,2019-12-18,2020-01-08,,29849,345965,2
1373951,2019-12-18,2020-01-08,,29888,739808,2
1373952,2019-12-18,2020-01-08,,30071,954052,2
1373953,2019-12-18,2020-01-08,,30090,494476,2
1373954,2019-12-18,2020-01-08,,30090,604957,2
1373955,2019-12-18,2020-01-08,,30090,647614,2
1373956,2019-12-18,2020-01-08,,30147,371774,2
1373957,2019-12-18,2020-01-08,,30167,858584,2
1373958,2019-12-18,2020-01-08,,30194,472357,2
1373959,2019-12-18,2020-01-08,,30339,870302,2
1373960,2019-12-18,2020-01-08,,30351,457493,2
1373961,2019-12-18,2020-01-08,,30404,416350,2
1373962,2019-12-18,2020-01-08,,30631,103171,2
1373963,2019-12-18,2020-01-08,2019-12-31,30654,496741,1
1373964,2019-12-18,2020-01-08,,30871,776956,2
1373965,2019-12-18,2020-01-08,,30878,186227,2
1373966,2019-12-18,2020-01-08,,30980,650664,2
1373967,2019-12-18,2020-01-08,,31049,153069,2
1373968,2019-12-18,2020-01-08,,31149,823262,2
1373969,2019-12-18,2020-01-08,,31228,896520,2
1373970,2019-12-18,2020-01-08,,31256,530397,2
1373971,2019-12-18,2020-01-08,,31417,5964,2
1373972,2019-12-18,2020-01-08,2019-12-31,31417,486922,1
1373973,2019-12-18,2020-01-08,,31417,671180,2
1373974,2019-12-18,2020-01-08,,31417,707394,2
1373975,2019-12-18,2020-01-08,,31463,725396,2
1373976,2019-12-18,2020-01-08,,31498,398821,2
1373977,2019-12-18,2020-01-08,,31574,355800,2
1373978,2019-12-18,2020-01-08,,31745,571610,2
1373979,2019-12-18,2020-01-08,,31869,736013,2
1373980,2019-12-18,2020-01-08,,31931,266955,2
1373981,2019-12-18,2020-01-08,,31953,900363,2
1373982,2019-12-18,2020-01-08,,32003,699428,2
1373983,2019-12-18,2020-01-08,,32211,49488,2
1373984,2019-12-18,2020-01-08,,32422,113673,2
1373985,2019-12-18,2020-01-08,,32509,664600,2
1373986,2019-12-18,2020-01-08,,32964,22729,2
1373987,2019-12-18,2020-01-08,,32997,27945,2
1373988,2019-12-18,2020-01-08,,33019,805899,2
1373989,2019-12-18,2020-01-08,,33082,476236,2
1373990,2019-12-18,2020-01-08,,33169,737939,2
1373991,2019-12-18,2020-01-08,,33194,275937,2
1373992,2019-12-18,2020-01-08,,33282,638509,2
1373993,2019-12-18,2020-01-08,,33445,503846,2
1373994,2019-12-18,2020-01-08,,33738,677659,2
1373995,2019-12-18,2020-01-08,,33777,68299,2
1373996,2019-12-18,2020-01-08,,33791,451947,2
1373997,2019-12-18,2020-01-08,,33858,223006,2
1373998,2019-12-18,2020-01-08,,33869,776085,2
1373999,2019-12-18,2020-01-08,2019-12-31,33940,57374,1
1374000,2019-12-18,2020-01-08,,33979,474343,2
1374001,2019-12-18,2020-01-08,,34000,526628,2
1374002,2019-12-18,2020-01-08,,34283,411746,2
1374003,2019-12-18,2020-01-08,,34336,352132,2
1374004,2019-12-18,2020-01-08,,34363,59168,2
1374005,2019-12-18,2020-01-08,,34559,686253,2
1374006,2019-12-18,2020-01-08,,34579,355563,2
1374007,2019-12-18,2020-01-08,,34633,14750,2
1374008,2019-12-18,2020-01-08,,34805,136366,2
1374009,2019-12-18,2020-01-08,,34806,53358,2
1374010,2019-12-18,2020-01-08,,34808,664744,2
1374011,2019-12-18,2020-01-08,,34850,375972,2
1374012,2019-12-18,2020-01-08,,34872,539386,2
1374013,2019-12-18,2020-01-08,,34922,346639,2
1374014,2019-12-18,2020-01-08,,35067,215944,2
1374015,2019-12-18,2020-01-08,,35109,265550,2
1374016,2019-12-18,2020-01-08,,35164,670633,2
1374017,2019-12-18,2020-01-08,,35356,240803,2
1374018,2019-12-18,2020-01-08,,35553,501883,2
1374019,2019-12-18,2020-01-08,,35553,513167,2
1374020,2019-12-18,2020-01-08,,35577,47006,2
1374021,2019-12-18,2020-01-08,,35694,343604,2
1374022,2019-12-18,2020-01-08,,35790,641589,2
1374023,2019-12-18,2020-01-08,,35808,157333,2
1374024,2019-12-18,2020-01-08,,35936,307688,2
1374025,2019-12-18,2020-01-08,,35993,697248,2
1374026,2019-12-18,2020-01-08,,36212,323868,2
1374027,2019-12-18,2020-01-08,,36240,281140,2
1374028,2019-12-18,2020-01-08,,36276,223741,2
1374029,2019-12-18,2020-01-08,,36455,468936,2
1374030,2019-12-18,2020-01-08,,36455,806568,2
1374031,2019-12-18,2020-01-08,,36525,313041,2
1374032,2019-12-18,2020-01-08,,36636,246698,2
1374033,2019-12-18,2020-01-08,,36791,661662,2
1374034,2019-12-18,2020-01-08,,36887,218722,2
1374035,2019-12-18,2020-01-08,2019-12-30,36928,437990,1
1374036,2019-12-18,2020-01-08,,36928,612139,2
1374037,2019-12-18,2020-01-08,,37008,490508,2
1374038,2019-12-18,2020-01-08,,37051,398463,2
1374039,2019-12-18,2020-01-08,,37261,5238,2
1374040,2019-12-18,2020-01-08,,37291,484181,2
1374041,2019-12-18,2020-01-08,,37338,891785,2
1374042,2019-12-18,2020-01-08,,37394,663797,2
1374043,2019-12-18,2020-01-08,,37725,874540,2
1374044,2019-12-18,2020-01-08,,37822,505890,2
1374045,2019-12-18,2020-01-08,,37839,754186,2
1374046,2019-12-18,2020-01-08,,38095,317579,2
1374047,2019-12-18,2020-01-08,,38407,253529,2
1374048,2019-12-18,2020-01-08,,38581,556327,2
1374049,2019-12-18,2020-01-08,,38805,248627,2
1374050,2019-12-18,2020-01-08,,38875,21913,2
1374051,2019-12-18,2020-01-08,,38875,923970,2
1374052,2019-12-18,2020-01-08,,39044,282102,2
1374053,2019-12-18,2020-01-08,,39248,90554,2
1374054,2019-12-18,2020-01-08,,39602,698952,2
1374055,2019-12-18,2020-01-08,,39613,773872,2
1374056,2019-12-18,2020-01-08,,39668,924078,2
1374057,2019-12-18,2020-01-08,,39736,632117,2
1374058,2019-12-18,2020-01-08,,39842,394514,2
1374059,2019-12-18,2020-01-08,,40026,756168,2
1374060,2019-12-18,2020-01-08,,40289,930074,2
1374061,2019-12-18,2020-01-08,,40332,753473,2
1374062,2019-12-18,2020-01-08,,40393,142273,2
1374063,2019-12-18,2020-01-08,,40396,322047,2
1374064,2019-12-18,2020-01-08,,40410,739701,2
1374065,2019-12-18,2020-01-08,,40444,948592,2
1374066,2019-12-18,2020-01-08,,40482,324989,2
1374067,2019-12-18,2020-01-08,,40482,733494,2
1374068,2019-12-18,2020-01-08,,40526,267134,2
1374069,2019-12-18,2020-01-08,,40908,151319,2
1374070,2019-12-18,2020-01-08,,40991,325313,2
1374071,2019-12-18,2020-01-08,,41179,383799,2
1374072,2019-12-18,2020-01-08,,41179,528005,2
1374073,2019-12-18,2020-01-08,,41187,228561,2
1374074,2019-12-18,2020-01-08,,41240,55395,2
1374075,2019-12-18,2020-01-08,,41438,509458,2
1374076,2019-12-18,2020-01-08,,41707,685827,2
1374077,2019-12-18,2020-01-08,2019-12-30,41712,410171,1
1374078,2019-12-18,2020-01-08,,41712,511009,2
1374079,2019-12-18,2020-01-08,,41827,96864,2
1374080,2019-12-18,2020-01-08,,41877,104837,2
1374081,2019-12-18,2020-01-08,,41928,586855,2
1374082,2019-12-18,2020-01-08,,42434,845059,2
1374083,2019-12-18,2020-01-08,,42557,466408,2
1374084,2019-12-18,2020-01-08,,42568,168448,2
1374085,2019-12-18,2020-01-08,,42599,871651,2
1374086,2019-12-18,2020-01-08,,42683,268724,2
1374087,2019-12-18,2020-01-08,,42826,249452,2
1374088,2019-12-18,2020-01-08,,42826,917149,2
1374089,2019-12-18,2020-01-08,,42979,150096,2
1374090,2019-12-18,2020-01-08,,43068,74338,2
1374091,2019-12-18,2020-01-08,2019-12-31,43068,96928,1
1374092,2019-12-18,2020-01-08,,43068,614301,2
1374093,2019-12-18,2020-01-08,,43096,68788,2
1374094,2019-12-18,2020-01-08,,43322,442302,2
1374095,2019-12-18,2020-01-08,,43335,886133,2
1374096,2019-12-18,2020-01-08,,43470,415747,2
1374097,2019-12-18,2020-01-08,,43564,613556,2
1374098,2019-12-18,2020-01-08,,43564,886659,2
1374099,2019-12-18,2020-01-08,,43615,157301,2
1374100,2019-12-18,2020-01-08,,43615,494783,2
1374101,2019-12-18,2020-01-08,,43615,604926,2
1374102,2019-12-18,2020-01-08,,43714,360570,2
1374103,2019-12-18,2020-01-08,,43809,279892,2
1374104,2019-12-18,2020-01-08,,43824,918499,2
1374105,2019-12-18,2020-01-08,,43838,681121,2
1374106,2019-12-18,2020-01-08,,43913,539586,2
1374107,2019-12-18,2020-01-08,,43930,700958,2
1374108,2019-12-18,2020-01-08,,43962,258203,2
1374109,2019-12-18,2020-01-08,,44000,362806,2
1374110,2019-12-18,2020-01-08,,44123,901762,2
1374111,2019-12-18,2020-01-08,,44279,173239,2
1374112,2019-12-18,2020-01-08,,44296,582985,2
1374113,2019-12-18,2020-01-08,,44415,254334,2
1374114,2019-12-18,2020-01-08,,44780,675965,2
1374115,2019-12-18,2020-01-08,,45091,627278,2
1374116,2019-12-18,2020-01-08,,45112,144805,2
1374117,2019-12-18,2020-01-08,,45177,116520,2
1374118,2019-12-18,2020-01-08,,45301,775772,2
1374119,2019-12-18,2020-01-08,2019-12-31,45318,377468,1
1374120,2019-12-18,2020-01-08,,45357,159202,2
1374121,2019-12-18,2020-01-08,,45373,273988,2
1374122,2019-12-18,2020-01-08,,45373,751703,2
1374123,2019-12-18,2020-01-08,,45378,889940,2
1374124,2019-12-18,2020-01-08,,45584,649559,2
1374125,2019-12-18,2020-01-08,,45657,382856,2
1374126,2019-12-18,2020-01-08,,45657,492952,2
1374127,2019-12-18,2020-01-08,,45757,517441,2
1374128,2019-12-18,2020-01-08,,45799,669278,2
1374129,2019-12-18,2020-01-08,,45841,593542,2
1374130,2019-12-18,2020-01-08,2019-12-31,45847,456614,1
1374131,2019-12-18,2020-01-08,,45856,31490,2
1374132,2019-12-18,2020-01-08,2019-12-30,45895,355803,1
1374133,2019-12-18,2020-01-08,,45907,298550,2
1374134,2019-12-18,2020-01-08,,46000,902857,2
1374135,2019-12-18,2020-01-08,,46099,801912,2
1374136,2019-12-18,2020-01-08,,46125,424050,2
1374137,2019-12-18,2020-01-08,,46196,68452,2
1374138,2019-12-18,2020-01-08,,46196,469389,2
1374139,2019-12-18,2020-01-08,,46296,615611,2
1374140,2019-12-18,2020-01-08,,46332,163234,2
1374141,2019-12-18,2020-01-08,,46478,196650,2
1374142,2019-12-18,2020-01-08,,46530,57981,2
1374143,2019-12-18,2020-01-08,2019-12-29,46549,105793,1
1374144,2019-12-18,2020-01-08,,46564,822388,2
1374145,2019-12-18,2020-01-08,,46619,489589,2
1374146,2019-12-18,2020-01-08,,46744,774807,2
1374147,2019-12-18,2020-01-08,,46784,17803,2
1374148,2019-12-18,2020-01-08,,46784,808807,2
1374149,2019-12-18,2020-01-08,,46784,882939,2
1374150,2019-12-18,2020-01-08,,46791,740774,2
1374151,2019-12-18,2020-01-08,,46849,485391,2
1374152,2019-12-18,2020-01-08,,46876,932468,2
1374153,2019-12-18,2020-01-08,,46964,99446,2
1374154,2019-12-18,2020-01-08,,46964,725893,2
1374155,2019-12-18,2020-01-08,,46964,819548,2
1374156,2019-12-18,2020-01-08,,46964,870064,2
1374157,2019-12-18,2020-01-08,,47233,925756,2
1374158,2019-12-18,2020-01-08,,47361,851815,2
1374159,2019-12-18,2020-01-08,,47537,636800,2
1374160,2019-12-18,2020-01-08,,47659,735808,2
1374161,2019-12-18,2020-01-08,,47747,381988,2
1374162,2019-12-18,2020-01-08,2019-12-28,47747,851434,1
1374163,2019-12-18,2020-01-08,,47758,650151,2
1374164,2019-12-18,2020-01-08,,47809,98026,2
1374165,2019-12-18,2020-01-08,,47968,102048,2
1374166,2019-12-18,2020-01-08,2019-12-31,47989,498992,1
1374167,2019-12-18,2020-01-08,,48035,922487,2
1374168,2019-12-18,2020-01-08,,48411,523397,2
1374169,2019-12-18,2020-01-08,,48469,80142,2
1374170,2019-12-18,2020-01-08,,48501,934347,2
1374171,2019-12-18,2020-01-08,,48698,866307,2
1374172,2019-12-18,2020-01-08,,48814,871311,2
1374173,2019-12-18,2020-01-08,,49055,628520,2
1374174,2019-12-18,2020-01-08,,49056,162870,2
1374175,2019-12-18,2020-01-08,,49073,102183,2
1374176,2019-12-18,2020-01-08,,49097,648807,2
1374177,2019-12-18,2020-01-08,,49309,596834,2
1374178,2019-12-18,2020-01-08,,49387,322134,2
1374179,2019-12-18,2020-01-08,,49464,239582,2
1374180,2019-12-18,2020-01-08,,49712,943032,2
1374181,2019-12-18,2020-01-08,,49785,274040,2
1374182,2019-12-18,2020-01-08,,49901,334661,2
1374183,2019-12-18,2020-01-08,,49911,897930,2
1374184,2019-12-18,2020-01-08,,50056,82874,2
1374185,2019-12-18,2020-01-08,,50062,796579,2
1374186,2019-12-18,2020-01-08,,50111,829036,2
1374187,2019-12-18,2020-01-08,,50115,306885,2
1374188,2019-12-18,2020-01-08,,50262,926772,2
1374189,2019-12-18,2020-01-08,,50425,682989,2
1374190,2019-12-18,2020-01-08,2019-12-31,50569,431230,1
1374191,2019-12-18,2020-01-08,,50609,222861,2
1374192,2019-12-18,2020-01-08,,50730,843100,2
1374193,2019-12-18,2020-01-08,,50940,897722,2
1374194,2019-12-18,2020-01-08,,51052,867757,2
1374195,2019-12-18,2020-01-08,,51099,686701,2
1374196,2019-12-18,2020-01-08,,51179,630555,2
1374197,2019-12-18,2020-01-08,,51235,269309,2
1374198,2019-12-18,2020-01-08,,51360,163281,2
1374199,2019-12-18,2020-01-08,,51499,509126,2
1374200,2019-12-18,2020-01-08,,51512,374183,2
1374201,2019-12-18,2020-01-08,,51532,559202,2
1374202,2019-12-18,2020-01-08,,51576,609411,2
1374203,2019-12-18,2020-01-08,,51817,665542,2
1374204,2019-12-18,2020-01-08,,51831,318794,2
1374205,2019-12-18,2020-01-08,,51834,905574,2
1374206,2019-12-18,2020-01-08,,51910,371966,2
1374207,2019-12-18,2020-01-08,,51952,936746,2
1374208,2019-12-18,2020-01-08,,52029,665703,2
1374209,2019-12-18,2020-01-08,,52029,742893,2
1374210,2019-12-18,2020-01-08,,52029,813650,2
1374211,2019-12-18,2020-01-08,,52029,822499,2
1374212,2019-12-18,2020-01-08,,52201,569669,2
1374213,2019-12-18,2020-01-08,,52480,906030,2
1374214,2019-12-18,2020-01-08,,52516,38452,2
1374215,2019-12-18,2020-01-08,,52563,843943,2
1374216,2019-12-18,2020-01-08,,52575,859622,2
1374217,2019-12-18,2020-01-08,,52587,152423,2
1374218,2019-12-18,2020-01-08,,52597,172346,2
1374219,2019-12-18,2020-01-08,,53012,568079,2
1374220,2019-12-18,2020-01-08,,53026,165867,2
1374221,2019-12-18,2020-01-08,,53110,387181,2
1374222,2019-12-18,2020-01-08,,53445,168061,2
1374223,2019-12-18,2020-01-08,,53475,680555,2
1374224,2019-12-18,2020-01-08,,53540,541819,2
1374225,2019-12-18,2020-01-08,,53640,872011,2
1374226,2019-12-18,2020-01-08,,53724,821656,2
1374227,2019-12-18,2020-01-08,,53855,346530,2
1374228,2019-12-18,2020-01-08,,53884,557591,2
1374229,2019-12-18,2020-01-08,,54161,191464,2
1374230,2019-12-18,2020-01-08,,54457,47546,2
1374231,2019-12-18,2020-01-08,,54502,824348,2
1374232,2019-12-18,2020-01-08,,54525,379350,2
1374233,2019-12-18,2020-01-08,,54525,844045,2
1374234,2019-12-18,2020-01-08,,54525,884099,2
1374235,2019-12-18,2020-01-08,,54540,754730,2
1374236,2019-12-18,2020-01-08,,54557,587630,2
1374237,2019-12-18,2020-01-08,,54707,186132,2
1374238,2019-12-18,2020-01-08,,54780,789383,2
1374239,2019-12-18,2020-01-08,,54856,103407,2
1374240,2019-12-18,2020-01-08,,54969,633149,2
1374241,2019-12-18,2020-01-08,,55021,134606,2
1374242,2019-12-18,2020-01-08,,55114,408737,2
1374243,2019-12-18,2020-01-08,,55140,613175,2
1374244,2019-12-18,2020-01-08,,55226,479724,2
1374245,2019-12-18,2020-01-08,,55229,240024,2
1374246,2019-12-18,2020-01-08,,55229,949867,2
1374247,2019-12-18,2020-01-08,,55404,806456,2
1374248,2019-12-18,2020-01-08,2019-12-29,55446,849426,1
1374249,2019-12-18,2020-01-08,,55465,490193,2
1374250,2019-12-18,2020-01-08,,55529,135525,2
1374251,2019-12-18,2020-01-08,,55666,10186,2
1374252,2019-12-18,2020-01-08,2019-12-31,55666,300260,1
1374253,2019-12-18,2020-01-08,,55780,392217,2
1374254,2019-12-18,2020-01-08,,55836,509498,2
1374255,2019-12-18,2020-01-08,,55933,770143,2
1374256,2019-12-18,2020-01-08,,56127,469472,2
1374257,2019-12-18,2020-01-08,,56187,826384,2
1374258,2019-12-18,2020-01-08,,56381,698856,2
1374259,2019-12-18,2020-01-08,,56441,19889,2
1374260,2019-12-18,2020-01-08,,56441,253468,2
1374261,2019-12-18,2020-01-08,,56563,382328,2
1374262,2019-12-18,2020-01-08,,56655,731909,2
1374263,2019-12-18,2020-01-08,,56711,27971,2
1374264,2019-12-18,2020-01-08,,56720,644546,2
1374265,2019-12-18,2020-01-08,,56767,561383,2
1374266,2019-12-18,2020-01-08,,56772,58090,2
1374267,2019-12-18,2020-01-08,,56916,305134,2
1374268,2019-12-18,2020-01-08,,56997,361266,2
1374269,2019-12-18,2020-01-08,,56997,569810,2
1374270,2019-12-18,2020-01-08,,57001,624939,2
1374271,2019-12-18,2020-01-08,,57042,845060,2
1374272,2019-12-18,2020-01-08,,57131,387982,2
1374273,2019-12-18,2020-01-08,,57178,820083,2
1374274,2019-12-18,2020-01-08,,57183,936838,2
1374275,2019-12-18,2020-01-08,,57187,613578,2
1374276,2019-12-18,2020-01-08,,57228,545025,2
1374277,2019-12-18,2020-01-08,,57331,406202,2
1374278,2019-12-18,2020-01-08,,57429,885802,2
1374279,2019-12-18,2020-01-08,,57510,642619,2
1374280,2019-12-18,2020-01-08,,57631,633492,2
1374281,2019-12-18,2020-01-08,,57686,148694,2
1374282,2019-12-18,2020-01-08,,57827,433260,2
1374283,2019-12-18,2020-01-08,,57870,5959,2
1374284,2019-12-18,2020-01-08,2019-12-31,57870,25906,1
1374285,2019-12-18,2020-01-08,,57870,337135,2
1374286,2019-12-18,2020-01-08,,57870,915529,2
1374287,2019-12-18,2020-01-08,,57881,604187,2
1374288,2019-12-18,2020-01-08,,57933,789260,2
1374289,2019-12-18,2020-01-08,,57972,196339,2
1374290,2019-12-18,2020-01-08,,58087,950712,2
1374291,2019-12-18,2020-01-08,,58176,213035,2
1374292,2019-12-18,2020-01-08,,58256,256360,2
1374293,2019-12-18,2020-01-08,,58392,58078,2
1374294,2019-12-18,2020-01-08,,58392,132246,2
1374295,2019-12-18,2020-01-08,,58479,304990,2
1374296,2019-12-18,2020-01-08,,58479,652680,2
1374297,2019-12-18,2020-01-08,,58560,529569,2
1374298,2019-12-18,2020-01-08,,58751,267722,2
1374299,2019-12-18,2020-01-08,,58928,678745,2
1374300,2019-12-18,2020-01-08,,59002,718586,2
1374301,2019-12-18,2020-01-08,,59067,178125,2
1374302,2019-12-18,2020-01-08,,59108,594918,2
1374303,2019-12-18,2020-01-08,,59163,588567,2
1374304,2019-12-18,2020-01-08,,59189,796045,2
1374305,2019-12-18,2020-01-08,,59194,408960,2
1374306,2019-12-18,2020-01-08,,59194,669277,2
1374307,2019-12-18,2020-01-08,,59202,823070,2
1374308,2019-12-18,2020-01-08,,59202,901554,2
1374309,2019-12-18,2020-01-08,,59490,822972,2
1374310,2019-12-18,2020-01-08,,59539,126511,2
1374311,2019-12-18,2020-01-08,,59720,439341,2
1374312,2019-12-18,2020-01-08,,59739,589124,2
1374313,2019-12-18,2020-01-08,,59917,320653,2
1374314,2019-12-18,2020-01-08,2019-12-31,60003,59986,1
1374315,2019-12-18,2020-01-08,,60003,814633,2
1374316,2019-12-18,2020-01-08,,60206,683111,2
1374317,2019-12-18,2020-01-08,,60822,916627,2
1374318,2019-12-18,2020-01-08,,60962,324788,2
1374319,2019-12-18,2020-01-08,,61181,702277,2
1374320,2019-12-18,2020-01-08,,61206,243374,2
1374321,2019-12-18,2020-01-08,,61364,139765,2
1374322,2019-12-18,2020-01-08,,61372,261485,2
1374323,2019-12-18,2020-01-08,,61548,6556,2
1374324,2019-12-18,2020-01-08,2019-12-29,61597,887195,1
1374325,2019-12-18,2020-01-08,,61912,559004,2
1374326,2019-12-18,2020-01-08,,61912,584891,2
1374327,2019-12-18,2020-01-08,,61938,485659,2
1374328,2019-12-18,2020-01-08,,62036,832152,2
1374329,2019-12-18,2020-01-08,,62296,49521,2
1374330,2019-12-18,2020-01-08,,62296,176184,2
1374331,2019-12-18,2020-01-08,,62592,851806,2
1374332,2019-12-18,2020-01-08,,62602,605108,2
1374333,2019-12-18,2020-01-08,,62657,577357,2
1374334,2019-12-18,2020-01-08,,62719,361245,2
1374335,2019-12-18,2020-01-08,,62823,379857,2
1374336,2019-12-18,2020-01-08,,62874,313658,2
1374337,2019-12-18,2020-01-08,,63065,935658,2
1374338,2019-12-18,2020-01-08,,63207,777461,2
1374339,2019-12-18,2020-01-08,,63277,551382,2
1374340,2019-12-18,2020-01-08,2019-12-31,63290,870200,1
1374341,2019-12-18,2020-01-08,,63360,925798,2
1374342,2019-12-18,2020-01-08,,63537,368570,2
1374343,2019-12-18,2020-01-08,,63659,567739,2
1374344,2019-12-18,2020-01-08,,63659,621690,2
1374345,2019-12-18,2020-01-08,,63662,614164,2
1374346,2019-12-18,2020-01-08,,63662,873898,2
1374347,2019-12-18,2020-01-08,,63803,591102,2
1374348,2019-12-18,2020-01-08,,63962,54195,2
1374349,2019-12-18,2020-01-08,,64193,337547,2
1374350,2019-12-18,2020-01-08,,64193,626689,2
1374351,2019-12-18,2020-01-08,,64285,684524,2
1374352,2019-12-18,2020-01-08,,64286,548271,2
1374353,2019-12-18,2020-01-08,,64368,698857,2
1374354,2019-12-18,2020-01-08,,64420,799450,2
1374355,2019-12-18,2020-01-08,,64778,894356,2
1374356,2019-12-18,2020-01-08,,64789,719370,2
1374357,2019-12-18,2020-01-08,,64917,358447,2
1374358,2019-12-18,2020-01-08,2019-12-28,65034,221877,1
1374359,2019-12-18,2020-01-08,,65123,633140,2
1374360,2019-12-18,2020-01-08,,65214,176609,2
1374361,2019-12-18,2020-01-08,,65249,536600,2
1374362,2019-12-18,2020-01-08,,65277,870207,2
1374363,2019-12-18,2020-01-08,,65298,258623,2
1374364,2019-12-18,2020-01-08,,65335,70571,2
1374365,2019-12-18,2020-01-08,,65350,365895,2
1374366,2019-12-18,2020-01-08,,65366,104475,2
1374367,2019-12-18,2020-01-08,,65382,920813,2
1374368,2019-12-18,2020-01-08,,65689,95280,2
1374369,2019-12-18,2020-01-08,,65689,430629,2
1374370,2019-12-18,2020-01-08,,65702,947931,2
1374371,2019-12-18,2020-01-08,,65802,737859,2
1374372,2019-12-18,2020-01-08,,65819,405621,2
1374373,2019-12-18,2020-01-08,,65819,774556,2
1374374,2019-12-18,2020-01-08,,65825,180016,2
1374375,2019-12-18,2020-01-08,,65825,517347,2
1374376,2019-12-18,2020-01-08,,65936,698858,2
1374377,2019-12-18,2020-01-08,,66032,832692,2
1374378,2019-12-18,2020-01-08,,66125,206395,2
1374379,2019-12-18,2020-01-08,,66129,195282,2
1374380,2019-12-18,2020-01-08,,66242,542515,2
1374381,2019-12-18,2020-01-08,,66270,944582,2
1374382,2019-12-18,2020-01-08,,66297,894335,2
1374383,2019-12-18,2020-01-08,,66311,348418,2
1374384,2019-12-18,2020-01-08,,66385,835547,2
1374385,2019-12-18,2020-01-08,,66385,948358,2
1374386,2019-12-18,2020-01-08,,66387,425198,2
1374387,2019-12-18,2020-01-08,,66534,408136,2
1374388,2019-12-18,2020-01-08,2019-12-29,66534,545775,1
1374389,2019-12-18,2020-01-08,,66691,504163,2
1374390,2019-12-18,2020-01-08,,66696,803640,2
1374391,2019-12-18,2020-01-08,,66760,394951,2
1374392,2019-12-18,2020-01-08,,66876,495919,2
1374393,2019-12-18,2020-01-08,2019-12-29,67261,311408,1
1374394,2019-12-18,2020-01-08,,67340,613355,2
1374395,2019-12-18,2020-01-08,,67433,621797,2
1374396,2019-12-18,2020-01-08,,67472,34399,2
1374397,2019-12-18,2020-01-08,,67571,341902,2
1374398,2019-12-18,2020-01-08,,67571,557285,2
1374399,2019-12-18,2020-01-08,,67641,182868,2
1374400,2019-12-18,2020-01-08,,67753,59047,2
1374401,2019-12-18,2020-01-08,,67986,710084,2
1374402,2019-12-18,2020-01-08,,68090,915112,2
1374403,2019-12-18,2020-01-08,,68121,594799,2
1374404,2019-12-18,2020-01-08,,68214,64135,2
1374405,2019-12-18,2020-01-08,,68224,532198,2
1374406,2019-12-18,2020-01-08,2019-12-31,68240,704414,1
1374407,2019-12-18,2020-01-08,,68312,782322,2
1374408,2019-12-18,2020-01-08,,68346,205796,2
1374409,2019-12-18,2020-01-08,,68433,518249,2
1374410,2019-12-18,2020-01-08,,68464,394653,2
1374411,2019-12-18,2020-01-08,,68464,669554,2
1374412,2019-12-18,2020-01-08,,68558,559368,2
1374413,2019-12-18,2020-01-08,,68584,301498,2
1374414,2019-12-18,2020-01-08,,68624,340876,2
1374415,2019-12-18,2020-01-08,,68624,413927,2
1374416,2019-12-18,2020-01-08,,68689,21241,2
1374417,2019-12-18,2020-01-08,,68744,686179,2
1374418,2019-12-18,2020-01-08,,68929,104185,2
1374419,2019-12-18,2020-01-08,2019-12-30,68967,410672,1
1374420,2019-12-18,2020-01-08,,68980,323771,2
1374421,2019-12-18,2020-01-08,,68980,327279,2
1374422,2019-12-18,2020-01-08,,68980,670072,2
1374423,2019-12-18,2020-01-08,,68980,744310,2
1374424,2019-12-18,2020-01-08,,68980,899735,2
1374425,2019-12-18,2020-01-08,,68988,406262,2
1374426,2019-12-18,2020-01-08,,69180,137081,2
1374427,2019-12-18,2020-01-08,,69221,307036,2
1374428,2019-12-18,2020-01-08,,69276,742520,2
1374429,2019-12-18,2020-01-08,,69299,882576,2
1374430,2019-12-18,2020-01-08,,69643,632677,2
1374431,2019-12-18,2020-01-08,,69754,105768,2
1374432,2019-12-18,2020-01-08,,69974,278383,2
1374433,2019-12-18,2020-01-08,,70295,758253,2
1374434,2019-12-18,2020-01-08,,70445,413870,2
1374435,2019-12-18,2020-01-08,,70445,490951,2
1374436,2019-12-18,2020-01-08,,70445,579280,2
1374437,2019-12-18,2020-01-08,,70445,686748,2
1374438,2019-12-18,2020-01-08,,70445,913469,2
1374439,2019-12-18,2020-01-08,,70489,558627,2
1374440,2019-12-18,2020-01-08,,70607,587303,2
1374441,2019-12-18,2020-01-08,,70607,689090,2
1374442,2019-12-18,2020-01-08,,70663,94946,2
1374443,2019-12-18,2020-01-08,,70663,131171,2
1374444,2019-12-18,2020-01-08,,70663,729575,2
1374445,2019-12-18,2020-01-08,,70689,449837,2
1374446,2019-12-18,2020-01-08,,70855,449830,2
1374447,2019-12-18,2020-01-08,,71079,329832,2
1374448,2019-12-18,2020-01-08,,71079,845548,2
1374449,2019-12-18,2020-01-08,,71079,849577,2
1374450,2019-12-18,2020-01-08,,71187,676438,2
1374451,2019-12-18,2020-01-08,,71222,372262,2
1374452,2019-12-18,2020-01-08,,71244,164770,2
1374453,2019-12-18,2020-01-08,,71253,630560,2
1374454,2019-12-18,2020-01-08,,71407,955825,2
1374455,2019-12-18,2020-01-08,,71626,138520,2
1374456,2019-12-18,2020-01-08,,71626,650587,2
1374457,2019-12-18,2020-01-08,,71728,368931,2
1374458,2019-12-18,2020-01-08,,71728,552512,2
1374459,2019-12-18,2020-01-08,,71728,631506,2
1374460,2019-12-18,2020-01-08,,71728,672750,2
1374461,2019-12-18,2020-01-08,2019-12-31,71728,722170,1
1374462,2019-12-18,2020-01-08,,71728,776646,2
1374463,2019-12-18,2020-01-08,,71728,791371,2
1374464,2019-12-18,2020-01-08,,71846,675558,2
1374465,2019-12-18,2020-01-08,2019-12-29,71984,938048,1
1374466,2019-12-18,2020-01-08,,72042,774977,2
1374467,2019-12-18,2020-01-08,,72179,542685,2
1374468,2019-12-18,2020-01-08,,72333,105265,2
1374469,2019-12-18,2020-01-08,,72515,892739,2
1374470,2019-12-18,2020-01-08,,72587,712798,2
1374471,2019-12-18,2020-01-08,,72592,790470,2
1374472,2019-12-18,2020-01-08,2019-12-29,72649,767875,1
1374473,2019-12-18,2020-01-08,,72653,821792,2
1374474,2019-12-18,2020-01-08,,72708,624880,2
1374475,2019-12-18,2020-01-08,,73113,1892,2
1374476,2019-12-18,2020-01-08,,73213,161843,2
1374477,2019-12-18,2020-01-08,,73219,789582,2
1374478,2019-12-18,2020-01-08,,73405,770343,2
1374479,2019-12-18,2020-01-08,,73718,808296,2
1374480,2019-12-18,2020-01-08,,73785,265218,2
1374481,2019-12-18,2020-01-08,,74101,457466,2
1374482,2019-12-18,2020-01-08,,74104,48279,2
1374483,2019-12-18,2020-01-08,2019-12-31,74104,917000,1
1374484,2019-12-18,2020-01-08,2019-12-28,74146,244175,1
1374485,2019-12-18,2020-01-08,,74231,456359,2
1374486,2019-12-18,2020-01-08,,74389,282103,2
1374487,2019-12-18,2020-01-08,,74389,311866,2
1374488,2019-12-18,2020-01-08,,74415,584284,2
1374489,2019-12-18,2020-01-08,2019-12-30,74654,496244,1
1374490,2019-12-18,2020-01-08,,74769,309508,2
1374491,2019-12-18,2020-01-08,,74845,34011,2
1374492,2019-12-18,2020-01-08,,74892,728188,2
1374493,2019-12-18,2020-01-08,,74929,118291,2
1374494,2019-12-18,2020-01-08,,74979,352291,2
1374495,2019-12-18,2020-01-08,,74999,561095,2
1374496,2019-12-18,2020-01-08,,75021,664456,2
1374497,2019-12-18,2020-01-08,,75123,96175,2
1374498,2019-12-18,2020-01-08,,75234,429089,2
1374499,2019-12-18,2020-01-08,,75261,803753,2
1374500,2019-12-18,2020-01-08,,75337,219262,2
1374501,2019-12-18,2020-01-08,,75584,776638,2
1374502,2019-12-18,2020-01-08,,75621,14742,2
1374503,2019-12-18,2020-01-08,,75621,157069,2
1374504,2019-12-18,2020-01-08,,75621,394069,2
1374505,2019-12-18,2020-01-08,,75621,900748,2
1374506,2019-12-18,2020-01-08,,75763,578054,2
1374507,2019-12-18,2020-01-08,,75834,580014,2
1374508,2019-12-18,2020-01-08,,75834,723342,2
1374509,2019-12-18,2020-01-08,,75872,59837,2
1374510,2019-12-18,2020-01-08,,76075,226572,2
1374511,2019-12-18,2020-01-08,,76526,895269,2
1374512,2019-12-18,2020-01-08,,76642,46340,2
1374513,2019-12-18,2020-01-08,,76719,345743,2
1374514,2019-12-18,2020-01-08,,76776,282302,2
1374515,2019-12-18,2020-01-08,,76776,893227,2
1374516,2019-12-18,2020-01-08,,76800,817046,2
1374517,2019-12-18,2020-01-08,,77232,332988,2
1374518,2019-12-18,2020-01-08,,77232,335392,2
1374519,2019-12-18,2020-01-08,,77232,582980,2
1374520,2019-12-18,2020-01-08,,77530,206008,2
1374521,2019-12-18,2020-01-08,,77781,65765,2
1374522,2019-12-18,2020-01-08,,77858,765465,2
1374523,2019-12-18,2020-01-08,,77904,769281,2
1374524,2019-12-18,2020-01-08,,77918,101267,2
1374525,2019-12-18,2020-01-08,,77951,678273,2
1374526,2019-12-18,2020-01-08,,78008,546937,2
1374527,2019-12-18,2020-01-08,,78227,68461,2
1374528,2019-12-18,2020-01-08,,78245,110021,2
1374529,2019-12-18,2020-01-08,,78325,270688,2
1374530,2019-12-18,2020-01-08,,78460,808905,2
1374531,2019-12-18,2020-01-08,,78620,537932,2
1374532,2019-12-18,2020-01-08,,78655,316606,2
1374533,2019-12-18,2020-01-08,,78705,453914,2
1374534,2019-12-18,2020-01-08,,78808,156363,2
1374535,2019-12-18,2020-01-08,,78896,599439,2
1374536,2019-12-18,2020-01-08,,78912,599964,2
1374537,2019-12-18,2020-01-08,,78930,133925,2
1374538,2019-12-18,2020-01-08,,78971,104308,2
1374539,2019-12-18,2020-01-08,,79100,759550,2
1374540,2019-12-18,2020-01-08,,79147,394664,2
1374541,2019-12-18,2020-01-08,,79213,543042,2
1374542,2019-12-18,2020-01-08,,79284,4286,2
1374543,2019-12-18,2020-01-08,,79284,581850,2
1374544,2019-12-18,2020-01-08,,79475,449679,2
1374545,2019-12-18,2020-01-08,,79475,836646,2
1374546,2019-12-18,2020-01-08,,79481,665627,2
1374547,2019-12-18,2020-01-08,,79651,866308,2
1374548,2019-12-18,2020-01-08,,79681,271088,2
1374549,2019-12-18,2020-01-08,,79701,448699,2
1374550,2019-12-18,2020-01-08,,79743,101271,2
1374551,2019-12-18,2020-01-08,2019-12-29,79761,856558,1
1374552,2019-12-18,2020-01-08,,79801,27097,2
1374553,2019-12-18,2020-01-08,,79829,686611,2
1374554,2019-12-18,2020-01-08,,80075,778642,2
1374555,2019-12-18,2020-01-08,,80076,48198,2
1374556,2019-12-18,2020-01-08,,80094,10195,2
1374557,2019-12-18,2020-01-08,,80094,41030,2
1374558,2019-12-18,2020-01-08,,80094,251209,2
1374559,2019-12-18,2020-01-08,,80131,917260,2
1374560,2019-12-18,2020-01-08,,80131,917975,2
1374561,2019-12-18,2020-01-08,,80158,712870,2
1374562,2019-12-18,2020-01-08,2019-12-28,80186,649286,1
1374563,2019-12-18,2020-01-08,,80254,166829,2
1374564,2019-12-18,2020-01-08,,80420,301510,2
1374565,2019-12-18,2020-01-08,,80724,452669,2
1374566,2019-12-18,2020-01-08,,80791,905686,2
1374567,2019-12-18,2020-01-08,,80817,487397,2
1374568,2019-12-18,2020-01-08,,80901,430290,2
1374569,2019-12-18,2020-01-08,,81002,268421,2
1374570,2019-12-18,2020-01-08,,81056,257224,2
1374571,2019-12-18,2020-01-08,,81064,288671,2
1374572,2019-12-18,2020-01-08,,81070,72221,2
1374573,2019-12-18,2020-01-08,,81070,165885,2
1374574,2019-12-18,2020-01-08,,81070,167600,2
1374575,2019-12-18,2020-01-08,,81070,191134,2
1374576,2019-12-18,2020-01-08,,81070,266129,2
1374577,2019-12-18,2020-01-08,,81070,327391,2
1374578,2019-12-18,2020-01-08,,81070,681484,2
1374579,2019-12-18,2020-01-08,,81070,737767,2
1374580,2019-12-18,2020-01-08,,81116,489287,2
1374581,2019-12-18,2020-01-08,,81263,409174,2
1374582,2019-12-18,2020-01-08,,81366,615093,2
1374583,2019-12-18,2020-01-08,,81378,222974,2
1374584,2019-12-18,2020-01-08,,81577,503652,2
1374585,2019-12-18,2020-01-08,,81678,665379,2
1374586,2019-12-18,2020-01-08,,81678,806569,2
1374587,2019-12-18,2020-01-08,,81875,258035,2
1374588,2019-12-18,2020-01-08,,81952,452689,2
1374589,2019-12-18,2020-01-08,,81963,408706,2
1374590,2019-12-18,2020-01-08,,81986,390017,2
1374591,2019-12-18,2020-01-08,,81991,603653,2
1374592,2019-12-18,2020-01-08,,82047,686756,2
1374593,2019-12-18,2020-01-08,,82345,148572,2
1374594,2019-12-18,2020-01-08,,82454,277308,2
1374595,2019-12-18,2020-01-08,,82477,285378,2
1374596,2019-12-18,2020-01-08,,82614,458504,2
1374597,2019-12-18,2020-01-08,,82614,698859,2
1374598,2019-12-18,2020-01-08,,82669,499688,2
1374599,2019-12-18,2020-01-08,,82973,573393,2
1374600,2019-12-18,2020-01-08,,82984,426995,2
1374601,2019-12-18,2020-01-08,,82999,159089,2
1374602,2019-12-18,2020-01-08,,83135,15010,2
1374603,2019-12-18,2020-01-08,,83135,247824,2
1374604,2019-12-18,2020-01-08,,83135,872283,2
1374605,2019-12-18,2020-01-08,,83324,504300,2
1374606,2019-12-18,2020-01-08,,83387,106921,2
1374607,2019-12-18,2020-01-08,,83462,820435,2
1374608,2019-12-18,2020-01-08,,83503,220234,2
1374609,2019-12-18,2020-01-08,,83680,639290,2
1374610,2019-12-18,2020-01-08,,83693,536517,2
1374611,2019-12-18,2020-01-08,,83838,348454,2
1374612,2019-12-18,2020-01-08,,83887,385182,2
1374613,2019-12-18,2020-01-08,,84103,136809,2
1374614,2019-12-18,2020-01-08,,84103,764250,2
1374615,2019-12-18,2020-01-08,,84214,41062,2
1374616,2019-12-18,2020-01-08,,84214,138255,2
1374617,2019-12-18,2020-01-08,,84214,366802,2
1374618,2019-12-18,2020-01-08,,84220,805553,2
1374619,2019-12-18,2020-01-08,,84578,812421,2
1374620,2019-12-18,2020-01-08,,84627,671449,2
1374621,2019-12-18,2020-01-08,,84870,845930,2
1374622,2019-12-18,2020-01-08,,84889,918252,2
1374623,2019-12-18,2020-01-08,,84914,763952,2
1374624,2019-12-18,2020-01-08,,84987,189093,2
1374625,2019-12-18,2020-01-08,,85005,661116,2
1374626,2019-12-18,2020-01-08,,85005,699887,2
1374627,2019-12-18,2020-01-08,2019-12-31,85010,638833,1
1374628,2019-12-18,2020-01-08,,85123,842194,2
1374629,2019-12-18,2020-01-08,,85151,930612,2
1374630,2019-12-18,2020-01-08,,85182,928359,2
1374631,2019-12-18,2020-01-08,,85209,370490,2
1374632,2019-12-18,2020-01-08,,85214,576040,2
1374633,2019-12-18,2020-01-08,,85268,494317,2
1374634,2019-12-18,2020-01-08,,85283,838050,2
1374635,2019-12-18,2020-01-08,2019-12-31,85338,784205,1
1374636,2019-12-18,2020-01-08,,85372,332923,2
1374637,2019-12-18,2020-01-08,,85610,270444,2
1374638,2019-12-18,2020-01-08,,85610,568190,2
1374639,2019-12-18,2020-01-08,,85813,755259,2
1374640,2019-12-18,2020-01-08,2019-12-29,85885,1905,1
1374641,2019-12-18,2020-01-08,,85885,3008,2
1374642,2019-12-18,2020-01-08,,85950,952756,2
1374643,2019-12-18,2020-01-08,,85958,130296,2
1374644,2019-12-18,2020-01-08,,85958,435404,2
1374645,2019-12-18,2020-01-08,,85958,915508,2
1374646,2019-12-18,2020-01-08,,86287,487799,2
1374647,2019-12-18,2020-01-08,,86301,151432,2
1374648,2019-12-18,2020-01-08,,86374,776910,2
1374649,2019-12-18,2020-01-08,,86419,444448,2
1374650,2019-12-18,2020-01-08,,86510,363629,2
1374651,2019-12-18,2020-01-08,,86510,770809,2
1374652,2019-12-18,2020-01-08,,86611,253535,2
1374653,2019-12-18,2020-01-08,,86852,440502,2
1374654,2019-12-18,2020-01-08,,86909,360158,2
1374655,2019-12-18,2020-01-08,,87138,875912,2
1374656,2019-12-18,2020-01-08,,87173,394681,2
1374657,2019-12-18,2020-01-08,,87173,815310,2
1374658,2019-12-18,2020-01-08,,87173,889444,2
1374659,2019-12-18,2020-01-08,,87296,165060,2
1374660,2019-12-18,2020-01-08,,87310,913448,2
1374661,2019-12-18,2020-01-08,,87346,526987,2
1374662,2019-12-18,2020-01-08,,87436,490042,2
1374663,2019-12-18,2020-01-08,,87481,700786,2
1374664,2019-12-18,2020-01-08,,87505,261498,2
1374665,2019-12-18,2020-01-08,,87546,561932,2
1374666,2019-12-18,2020-01-08,2019-12-31,87552,187412,1
1374667,2019-12-18,2020-01-08,,87605,876358,2
1374668,2019-12-18,2020-01-08,,87664,848027,2
1374669,2019-12-18,2020-01-08,,87685,702914,2
1374670,2019-12-18,2020-01-08,,87807,430441,2
1374671,2019-12-18,2020-01-08,,87978,65740,2
1374672,2019-12-18,2020-01-08,,87978,703581,2
1374673,2019-12-18,2020-01-08,,88016,15326,2
1374674,2019-12-18,2020-01-08,,88226,119222,2
1374675,2019-12-18,2020-01-08,,88276,185045,2
1374676,2019-12-18,2020-01-08,,88276,467956,2
1374677,2019-12-18,2020-01-08,,88424,164922,2
1374678,2019-12-18,2020-01-08,2019-12-28,88479,25651,1
1374679,2019-12-18,2020-01-08,,88508,59048,2
1374680,2019-12-18,2020-01-08,,88508,498016,2
1374681,2019-12-18,2020-01-08,,89125,929843,2
1374682,2019-12-18,2020-01-08,,89214,824182,2
1374683,2019-12-18,2020-01-08,,89431,902892,2
1374684,2019-12-18,2020-01-08,,89692,876245,2
1374685,2019-12-18,2020-01-08,,89915,327719,2
1374686,2019-12-18,2020-01-08,,90122,41812,2
1374687,2019-12-18,2020-01-08,,90309,395524,2
1374688,2019-12-18,2020-01-08,,90321,844949,2
1374689,2019-12-18,2020-01-08,,90325,321413,2
1374690,2019-12-18,2020-01-08,,90346,71430,2
1374691,2019-12-18,2020-01-08,,90563,692723,2
1374692,2019-12-18,2020-01-08,,90687,591849,2
1374693,2019-12-18,2020-01-08,,90687,662336,2
1374694,2019-12-18,2020-01-08,,90687,737814,2
1374695,2019-12-18,2020-01-08,,91172,189867,2
1374696,2019-12-18,2020-01-08,,91288,372544,2
1374697,2019-12-18,2020-01-08,,91341,764338,2
1374698,2019-12-18,2020-01-08,,91426,792398,2
1374699,2019-12-18,2020-01-08,,91426,840895,2
1374700,2019-12-18,2020-01-08,,91546,388293,2
1374701,2019-12-18,2020-01-08,,91694,748670,2
1374702,2019-12-18,2020-01-08,,91745,221217,2
1374703,2019-12-18,2020-01-08,,91753,546129,2
1374704,2019-12-18,2020-01-08,,91792,649550,2
1374705,2019-12-18,2020-01-08,,91843,61605,2
1374706,2019-12-18,2020-01-08,,91844,42801,2
1374707,2019-12-18,2020-01-08,,91996,931272,2
1374708,2019-12-18,2020-01-08,,92063,589304,2
1374709,2019-12-18,2020-01-08,,92178,130454,2
1374710,2019-12-18,2020-01-08,,92190,833838,2
1374711,2019-12-18,2020-01-08,,92224,223007,2
1374712,2019-12-18,2020-01-08,,92297,586417,2
1374713,2019-12-18,2020-01-08,,92297,688495,2
1374714,2019-12-18,2020-01-08,2019-12-30,92371,953456,1
1374715,2019-12-18,2020-01-08,,92408,333201,2
1374716,2019-12-18,2020-01-08,,92509,841648,2
1374717,2019-12-18,2020-01-08,,92536,108156,2
1374718,2019-12-18,2020-01-08,,92539,50343,2
1374719,2019-12-18,2020-01-08,,92539,468328,2
1374720,2019-12-18,2020-01-08,,92636,510380,2
1374721,2019-12-18,2020-01-08,,92654,165430,2
1374722,2019-12-18,2020-01-08,,92654,332954,2
1374723,2019-12-18,2020-01-08,,92654,794328,2
1374724,2019-12-18,2020-01-08,,92692,251506,2
1374725,2019-12-18,2020-01-08,2019-12-31,93111,253192,1
1374726,2019-12-18,2020-01-08,,93164,809378,2
1374727,2019-12-18,2020-01-08,,93183,403706,2
1374728,2019-12-18,2020-01-08,,93208,944524,2
1374729,2019-12-18,2020-01-08,,93716,704800,2
1374730,2019-12-18,2020-01-08,,93749,189937,2
1374731,2019-12-18,2020-01-08,,93749,237642,2
1374732,2019-12-18,2020-01-08,,93749,834540,2
1374733,2019-12-18,2020-01-08,,93809,254959,2
1374734,2019-12-18,2020-01-08,,93863,885817,2
1374735,2019-12-18,2020-01-08,,93876,3214,2
1374736,2019-12-18,2020-01-08,,93960,164168,2
1374737,2019-12-18,2020-01-08,,93964,544158,2
1374738,2019-12-18,2020-01-08,,94163,125804,2
1374739,2019-12-18,2020-01-08,,94251,903066,2
1374740,2019-12-18,2020-01-08,,94290,492140,2
1374741,2019-12-18,2020-01-08,,94352,789875,2
1374742,2019-12-18,2020-01-08,,94452,499586,2
1374743,2019-12-18,2020-01-08,2019-12-30,94679,394070,1
1374744,2019-12-18,2020-01-08,,94757,133686,2
1374745,2019-12-18,2020-01-08,,94799,479344,2
1374746,2019-12-18,2020-01-08,,94840,145998,2
1374747,2019-12-18,2020-01-08,,94936,226351,2
1374748,2019-12-18,2020-01-08,,94938,121617,2
1374749,2019-12-18,2020-01-08,,94944,55134,2
1374750,2019-12-18,2020-01-08,,95216,799717,2
1374751,2019-12-18,2020-01-08,,95338,680221,2
1374752,2019-12-18,2020-01-08,,95868,769636,2
1374753,2019-12-18,2020-01-08,,95995,513899,2
1374754,2019-12-18,2020-01-08,,96098,696014,2
1374755,2019-12-18,2020-01-08,,96202,644288,2
1374756,2019-12-18,2020-01-08,,96438,226003,2
1374757,2019-12-18,2020-01-08,,96449,649557,2
1374758,2019-12-18,2020-01-08,,96452,38198,2
1374759,2019-12-18,2020-01-08,,96610,75058,2
1374760,2019-12-18,2020-01-08,,96676,30954,2
1374761,2019-12-18,2020-01-08,,96676,96921,2
1374762,2019-12-18,2020-01-08,,96676,96979,2
1374763,2019-12-18,2020-01-08,,96676,693376,2
1374764,2019-12-18,2020-01-08,,96723,504894,2
1374765,2019-12-18,2020-01-08,,96883,729475,2
1374766,2019-12-18,2020-01-08,,96970,481116,2
1374767,2019-12-18,2020-01-08,,97450,195769,2
1374768,2019-12-18,2020-01-08,,97751,863729,2
1374769,2019-12-18,2020-01-08,,97760,16097,2
1374770,2019-12-18,2020-01-08,2019-12-31,97760,561896,1
1374771,2019-12-18,2020-01-08,,97760,768538,2
1374772,2019-12-18,2020-01-08,2019-12-31,97899,253242,1
1374773,2019-12-18,2020-01-08,,98253,737816,2
1374774,2019-12-18,2020-01-08,2019-12-29,98364,731186,1
1374775,2019-12-18,2020-01-08,,98391,457039,2
1374776,2019-12-18,2020-01-08,,98430,131150,2
1374777,2019-12-18,2020-01-08,,98464,177034,2
1374778,2019-12-18,2020-01-08,,98483,201396,2
1374779,2019-12-18,2020-01-08,,98517,569964,2
1374780,2019-12-18,2020-01-08,,98545,145082,2
1374781,2019-12-18,2020-01-08,,98803,140514,2
1374782,2019-12-18,2020-01-08,,98864,45354,2
1374783,2019-12-18,2020-01-08,,98900,492319,2
1374784,2019-12-18,2020-01-08,,99002,692047,2
1374785,2019-12-18,2020-01-08,,99042,750236,2
1374786,2019-12-18,2020-01-08,,99085,165487,2
1374787,2019-12-18,2020-01-08,,99293,869337,2
1374788,2019-12-18,2020-01-08,,99418,317168,2
1374789,2019-12-18,2020-01-08,,99652,51812,2
1374790,2019-12-18,2020-01-08,,99654,855753,2
1374791,2019-12-18,2020-01-08,,99742,540103,2
1374792,2019-12-18,2020-01-08,,100044,754602,2
1374793,2019-12-18,2020-01-08,,100085,514448,2
1374794,2019-12-18,2020-01-08,,100100,63109,2
1374795,2019-12-18,2020-01-08,,100105,104320,2
1374796,2019-12-18,2020-01-08,,100204,77446,2
1374797,2019-12-18,2020-01-08,,100219,844521,2
1374798,2019-12-18,2020-01-08,,100252,172256,2
1374799,2019-12-18,2020-01-08,2019-12-30,100252,203951,1
1374800,2019-12-18,2020-01-08,,100296,302347,2
1374801,2019-12-18,2020-01-08,,100388,763941,2
1374802,2019-12-18,2020-01-08,,100504,216864,2
1374803,2019-12-18,2020-01-08,,100594,114706,2
1374804,2019-12-18,2020-01-08,,100675,214724,2
1374805,2019-12-18,2020-01-08,,100677,454032,2
1374806,2019-12-18,2020-01-08,,100694,946958,2
1374807,2019-12-18,2020-01-08,,100798,908545,2
1374808,2019-12-18,2020-01-08,,100916,857099,2
1374809,2019-12-18,2020-01-08,,100922,227172,2
1374810,2019-12-18,2020-01-08,,101095,50485,2
1374811,2019-12-18,2020-01-08,,101166,254007,2
1374812,2019-12-18,2020-01-08,,101203,45037,2
1374813,2019-12-18,2020-01-08,,101217,59648,2
1374814,2019-12-18,2020-01-08,,101263,232967,2
1374815,2019-12-18,2020-01-08,,101349,334805,2
1374816,2019-12-18,2020-01-08,,101632,884415,2
1374817,2019-12-18,2020-01-08,,101659,442266,2
1374818,2019-12-18,2020-01-08,,101667,794990,2
1374819,2019-12-18,2020-01-08,,101718,20097,2
1374820,2019-12-18,2020-01-08,,101739,857045,2
1374821,2019-12-18,2020-01-08,,101848,541524,2
1374822,2019-12-18,2020-01-08,,101848,790511,2
1374823,2019-12-18,2020-01-08,,101953,674584,2
1374824,2019-12-18,2020-01-08,,102034,323992,2
1374825,2019-12-18,2020-01-08,,102051,25663,2
1374826,2019-12-18,2020-01-08,,102069,330258,2
1374827,2019-12-18,2020-01-08,,102139,336519,2
1374828,2019-12-18,2020-01-08,,102230,33680,2
1374829,2019-12-18,2020-01-08,2019-12-29,102279,131110,1
1374830,2019-12-18,2020-01-08,2019-12-31,102279,712305,1
1374831,2019-12-18,2020-01-08,,102331,127692,2
1374832,2019-12-18,2020-01-08,,102610,464449,2
1374833,2019-12-18,2020-01-08,2019-12-30,102645,643038,1
1374834,2019-12-18,2020-01-08,,102776,886390,2
1374835,2019-12-18,2020-01-08,,102820,462432,2
1374836,2019-12-18,2020-01-08,,102942,32839,2
1374837,2019-12-18,2020-01-08,,102966,713612,2
1374838,2019-12-18,2020-01-08,,103024,96544,2
1374839,2019-12-18,2020-01-08,,103061,840552,2
1374840,2019-12-18,2020-01-08,,103411,552891,2
1374841,2019-12-18,2020-01-08,,103430,624159,2
1374842,2019-12-18,2020-01-08,,103563,763459,2
1374843,2019-12-18,2020-01-08,,103721,486164,2
1374844,2019-12-18,2020-01-08,,103882,281261,2
1374845,2019-12-18,2020-01-08,,103988,682990,2
1374846,2019-12-18,2020-01-08,,104013,87397,2
1374847,2019-12-18,2020-01-08,,104348,156141,2
1374848,2019-12-18,2020-01-08,,104466,94489,2
1374849,2019-12-18,2020-01-08,,104473,427672,2
1374850,2019-12-18,2020-01-08,,104473,686728,2
1374851,2019-12-18,2020-01-08,,104574,104363,2
1374852,2019-12-18,2020-01-08,,104622,554598,2
1374853,2019-12-18,2020-01-08,,104869,841270,2
1374854,2019-12-18,2020-01-08,,105179,700829,2
1374855,2019-12-18,2020-01-08,,105223,301247,2
1374856,2019-12-18,2020-01-08,,105253,548205,2
1374857,2019-12-18,2020-01-08,,105278,671416,2
1374858,2019-12-18,2020-01-08,,105411,677293,2
1374859,2019-12-18,2020-01-08,,105416,440709,2
1374860,2019-12-18,2020-01-08,,105742,699635,2
1374861,2019-12-18,2020-01-08,,105816,918024,2
1374862,2019-12-18,2020-01-08,,105887,811645,2
1374863,2019-12-18,2020-01-08,,105961,220806,2
1374864,2019-12-18,2020-01-08,,106063,101280,2
1374865,2019-12-18,2020-01-08,,106154,729848,2
1374866,2019-12-18,2020-01-08,,106237,712565,2
1374867,2019-12-18,2020-01-08,,106242,952308,2
1374868,2019-12-18,2020-01-08,,106354,47199,2
1374869,2019-12-18,2020-01-08,,106417,579879,2
1374870,2019-12-18,2020-01-08,,106433,239797,2
1374871,2019-12-18,2020-01-08,,106445,180209,2
1374872,2019-12-18,2020-01-08,,106755,244163,2
1374873,2019-12-18,2020-01-08,,106794,850156,2
1374874,2019-12-18,2020-01-08,,106839,697819,2
1374875,2019-12-18,2020-01-08,,106981,576158,2
1374876,2019-12-18,2020-01-08,,107052,213504,2
1374877,2019-12-18,2020-01-08,,107168,895399,2
1374878,2019-12-18,2020-01-08,,107261,744752,2
1374879,2019-12-18,2020-01-08,,107667,418787,2
1374880,2019-12-18,2020-01-08,,107842,949079,2
1374881,2019-12-18,2020-01-08,,108160,574595,2
1374882,2019-12-18,2020-01-08,,108274,152424,2
1374883,2019-12-18,2020-01-08,,108274,807299,2
1374884,2019-12-18,2020-01-08,,108284,309550,2
1374885,2019-12-18,2020-01-08,,108284,443677,2
1374886,2019-12-18,2020-01-08,,108294,685090,2
1374887,2019-12-18,2020-01-08,,108314,782199,2
1374888,2019-12-18,2020-01-08,,108358,738763,2
1374889,2019-12-18,2020-01-08,,108404,554401,2
1374890,2019-12-18,2020-01-08,,108570,836745,2
1374891,2019-12-18,2020-01-08,,108621,374691,2
1374892,2019-12-18,2020-01-08,,108621,395615,2
1374893,2019-12-18,2020-01-08,,108621,534203,2
1374894,2019-12-18,2020-01-08,,108621,688312,2
1374895,2019-12-18,2020-01-08,,108789,521218,2
1374896,2019-12-18,2020-01-08,,108913,624824,2
1374897,2019-12-18,2020-01-08,2019-12-31,108951,878916,1
1374898,2019-12-18,2020-01-08,,109057,262203,2
1374899,2019-12-18,2020-01-08,,109508,543594,2
1374900,2019-12-18,2020-01-08,2019-12-30,109662,63761,1
1374901,2019-12-18,2020-01-08,,109696,882603,2
1374902,2019-12-18,2020-01-08,,109802,196746,2
1374903,2019-12-18,2020-01-08,,109897,111702,2
1374904,2019-12-18,2020-01-08,,109901,268351,2
1374905,2019-12-18,2020-01-08,,109995,11560,2
1374906,2019-12-18,2020-01-08,,110121,380138,2
1374907,2019-12-18,2020-01-08,,110121,641558,2
1374908,2019-12-18,2020-01-08,,110226,17993,2
1374909,2019-12-18,2020-01-08,,110262,69147,2
1374910,2019-12-18,2020-01-08,,110283,187103,2
1374911,2019-12-18,2020-01-08,,110299,381554,2
1374912,2019-12-18,2020-01-08,,110320,343860,2
1374913,2019-12-18,2020-01-08,,110478,278318,2
1374914,2019-12-18,2020-01-08,,110495,646494,2
1374915,2019-12-18,2020-01-08,,110638,533675,2
1374916,2019-12-18,2020-01-08,,110767,693810,2
1374917,2019-12-18,2020-01-08,,110783,82495,2
1374918,2019-12-18,2020-01-08,,110790,61467,2
1374919,2019-12-18,2020-01-08,,110790,607656,2
1374920,2019-12-18,2020-01-08,,110860,49489,2
1374921,2019-12-18,2020-01-08,,110860,455411,2
1374922,2019-12-18,2020-01-08,,111070,36971,2
1374923,2019-12-18,2020-01-08,,111252,575930,2
1374924,2019-12-18,2020-01-08,,111252,605332,2
1374925,2019-12-18,2020-01-08,2019-12-29,111383,37562,1
1374926,2019-12-18,2020-01-08,,111438,329813,2
1374927,2019-12-18,2020-01-08,,111438,451613,2
1374928,2019-12-18,2020-01-08,,111463,905520,2
1374929,2019-12-18,2020-01-08,,111605,831625,2
1374930,2019-12-18,2020-01-08,,111605,848175,2
1374931,2019-12-18,2020-01-08,,111664,302840,2
1374932,2019-12-18,2020-01-08,,111682,949782,2
1374933,2019-12-18,2020-01-08,,111740,422372,2
1374934,2019-12-18,2020-01-08,,111819,857530,2
1374935,2019-12-18,2020-01-08,,111866,376810,2
1374936,2019-12-18,2020-01-08,,111993,335874,2
1374937,2019-12-18,2020-01-08,,112104,868,2
1374938,2019-12-18,2020-01-08,,112323,268368,2
1374939,2019-12-18,2020-01-08,,112603,418424,2
1374940,2019-12-18,2020-01-08,,112683,340080,2
1374941,2019-12-18,2020-01-08,,112770,562890,2
1374942,2019-12-18,2020-01-08,2019-12-29,112906,252482,1
1374943,2019-12-18,2020-01-08,,112906,484333,2
1374944,2019-12-18,2020-01-08,,112906,801323,2
1374945,2019-12-18,2020-01-08,,112925,752675,2
1374946,2019-12-18,2020-01-08,,113018,572187,2
1374947,2019-12-18,2020-01-08,,113041,430790,2
1374948,2019-12-18,2020-01-08,,113041,670139,2
1374949,2019-12-18,2020-01-08,,113041,685307,2
1374950,2019-12-18,2020-01-08,,113157,27330,2
1374951,2019-12-18,2020-01-08,,113182,569462,2
1374952,2019-12-18,2020-01-08,,113246,380699,2
1374953,2019-12-18,2020-01-08,,113264,382219,2
1374954,2019-12-18,2020-01-08,,113377,54397,2
1374955,2019-12-18,2020-01-08,,113561,325722,2
1374956,2019-12-18,2020-01-08,2019-12-29,113748,49490,1
1374957,2019-12-18,2020-01-08,,113776,484870,2
1374958,2019-12-18,2020-01-08,,113785,865106,2
1374959,2019-12-18,2020-01-08,,113797,104751,2
1374960,2019-12-18,2020-01-08,,114221,159420,2
1374961,2019-12-18,2020-01-08,,114288,530950,2
1374962,2019-12-18,2020-01-08,,114309,276228,2
1374963,2019-12-18,2020-01-08,,114319,427663,2
1374964,2019-12-18,2020-01-08,,114328,395244,2
1374965,2019-12-18,2020-01-08,,114328,773907,2
1374966,2019-12-18,2020-01-08,,114365,799926,2
1374967,2019-12-18,2020-01-08,,114382,38594,2
1374968,2019-12-18,2020-01-08,,114490,365851,2
1374969,2019-12-18,2020-01-08,,114539,132348,2
1374970,2019-12-18,2020-01-08,,114572,159415,2
1374971,2019-12-18,2020-01-08,,114968,516608,2
1374972,2019-12-18,2020-01-08,,115201,797707,2
1374973,2019-12-18,2020-01-08,,115469,908226,2
1374974,2019-12-18,2020-01-08,,115579,739567,2
1374975,2019-12-18,2020-01-08,,115604,417949,2
1374976,2019-12-18,2020-01-08,,115910,76067,2
1374977,2019-12-18,2020-01-08,,116193,180091,2
1374978,2019-12-18,2020-01-08,,116204,551339,2
1374979,2019-12-18,2020-01-08,,116485,898649,2
1374980,2019-12-18,2020-01-08,,116499,247789,2
1374981,2019-12-18,2020-01-08,,116513,401755,2
1374982,2019-12-18,2020-01-08,,116714,11011,2
1374983,2019-12-18,2020-01-08,,116773,498756,2
1374984,2019-12-18,2020-01-08,,116773,721335,2
1374985,2019-12-18,2020-01-08,,116774,739409,2
1374986,2019-12-18,2020-01-08,,116841,572240,2
1374987,2019-12-18,2020-01-08,,116932,647319,2
1374988,2019-12-18,2020-01-08,,117099,169890,2
1374989,2019-12-18,2020-01-08,,117185,652436,2
1374990,2019-12-18,2020-01-08,,117249,635445,2
1374991,2019-12-18,2020-01-08,,117254,160657,2
1374992,2019-12-18,2020-01-08,,117280,727922,2
1374993,2019-12-18,2020-01-08,,117288,317820,2
1374994,2019-12-18,2020-01-08,,117288,843148,2
1374995,2019-12-18,2020-01-08,,117420,133812,2
1374996,2019-12-18,2020-01-08,,117923,92942,2
1374997,2019-12-18,2020-01-08,,117923,482838,2
1374998,2019-12-18,2020-01-08,,117923,483460,2
1374999,2019-12-18,2020-01-08,,118029,355313,2
1375000,2019-12-18,2020-01-08,,118234,546934,2
1375001,2019-12-18,2020-01-08,,118346,941316,2
1375002,2019-12-18,2020-01-08,,118409,441166,2
1375003,2019-12-18,2020-01-08,,118439,639389,2
1375004,2019-12-18,2020-01-08,,118573,753302,2
1375005,2019-12-18,2020-01-08,,118626,489748,2
1375006,2019-12-18,2020-01-08,,118701,576763,2
1375007,2019-12-18,2020-01-08,,118928,348419,2
1375008,2019-12-18,2020-01-08,,118934,512370,2
1375009,2019-12-18,2020-01-08,,118956,461125,2
1375010,2019-12-18,2020-01-08,,119013,684554,2
1375011,2019-12-18,2020-01-08,,119286,346739,2
1375012,2019-12-18,2020-01-08,,119319,474833,2
1375013,2019-12-18,2020-01-08,,119327,32445,2
1375014,2019-12-18,2020-01-08,,119369,365579,2
1375015,2019-12-18,2020-01-08,,119450,427874,2
1375016,2019-12-18,2020-01-08,,119450,562657,2
1375017,2019-12-18,2020-01-08,,119682,857889,2
1375018,2019-12-18,2020-01-08,,119733,463237,2
1375019,2019-12-18,2020-01-08,,119973,400333,2
1375020,2019-12-18,2020-01-08,,120108,555964,2
1375021,2019-12-18,2020-01-08,,120124,632175,2
1375022,2019-12-18,2020-01-08,,120428,442592,2
1375023,2019-12-18,2020-01-08,,120518,562585,2
1375024,2019-12-18,2020-01-08,,120526,830461,2
1375025,2019-12-18,2020-01-08,,120582,509193,2
1375026,2019-12-18,2020-01-08,,120598,225690,2
1375027,2019-12-18,2020-01-08,2019-12-29,120631,850749,1
1375028,2019-12-18,2020-01-08,,120631,856481,2
1375029,2019-12-18,2020-01-08,,120680,425930,2
1375030,2019-12-18,2020-01-08,,121153,188464,2
1375031,2019-12-18,2020-01-08,,121174,595751,2
1375032,2019-12-18,2020-01-08,,121298,371957,2
1375033,2019-12-18,2020-01-08,,121341,915760,2
1375034,2019-12-18,2020-01-08,,121384,839700,2
1375035,2019-12-18,2020-01-08,,121643,334800,2
1375036,2019-12-18,2020-01-08,,121741,699039,2
1375037,2019-12-18,2020-01-08,,121818,130865,2
1375038,2019-12-18,2020-01-08,,121818,645449,2
1375039,2019-12-18,2020-01-08,,121964,33036,2
1375040,2019-12-18,2020-01-08,,121964,463443,2
1375041,2019-12-18,2020-01-08,2019-12-30,121964,476170,1
1375042,2019-12-18,2020-01-08,,122069,683168,2
1375043,2019-12-18,2020-01-08,,122141,506369,2
1375044,2019-12-18,2020-01-08,,122370,286150,2
1375045,2019-12-18,2020-01-08,,122535,367494,2
1375046,2019-12-18,2020-01-08,,122666,506376,2
1375047,2019-12-18,2020-01-08,,122756,477919,2
1375048,2019-12-18,2020-01-08,,122895,789071,2
1375049,2019-12-18,2020-01-08,,122895,872012,2
1375050,2019-12-18,2020-01-08,,122997,398871,2
1375051,2019-12-18,2020-01-08,,123178,936824,2
1375052,2019-12-18,2020-01-08,,123551,837123,2
1375053,2019-12-18,2020-01-08,,123668,638078,2
1375054,2019-12-18,2020-01-08,,123857,443434,2
1375055,2019-12-18,2020-01-08,,123861,928456,2
1375056,2019-12-18,2020-01-08,,124037,397333,2
1375057,2019-12-18,2020-01-08,,124077,526695,2
1375058,2019-12-18,2020-01-08,,124077,614426,2
1375059,2019-12-18,2020-01-08,,124147,598623,2
1375060,2019-12-18,2020-01-08,,124160,333155,2
1375061,2019-12-18,2020-01-08,,124359,135542,2
1375062,2019-12-18,2020-01-08,,124444,544662,2
1375063,2019-12-18,2020-01-08,,124559,688401,2
1375064,2019-12-18,2020-01-08,,124948,550276,2
1375065,2019-12-18,2020-01-08,,125041,774524,2
1375066,2019-12-18,2020-01-08,,125290,206654,2
1375067,2019-12-18,2020-01-08,,125587,554891,2
1375068,2019-12-18,2020-01-08,,125750,590567,2
1375069,2019-12-18,2020-01-08,,125852,74163,2
1375070,2019-12-18,2020-01-08,,125993,104364,2
1375071,2019-12-18,2020-01-08,,126312,464921,2
1375072,2019-12-18,2020-01-08,,126522,857273,2
1375073,2019-12-18,2020-01-08,2019-12-31,126546,720959,1
1375074,2019-12-18,2020-01-08,2019-12-31,126546,900484,1
1375075,2019-12-18,2020-01-08,,126546,953138,2
1375076,2019-12-18,2020-01-08,,126695,235262,2
1375077,2019-12-18,2020-01-08,,126840,683112,2
1375078,2019-12-18,2020-01-08,,126858,156800,2
1375079,2019-12-18,2020-01-08,,126882,636221,2
1375080,2019-12-18,2020-01-08,,126949,743342,2
1375081,2019-12-18,2020-01-08,,126950,57789,2
1375082,2019-12-18,2020-01-08,,126998,683825,2
1375083,2019-12-18,2020-01-08,2019-12-30,127073,318888,1
1375084,2019-12-18,2020-01-08,,127104,169701,2
1375085,2019-12-18,2020-01-08,,127236,533826,2
1375086,2019-12-18,2020-01-08,,127392,895061,2
1375087,2019-12-18,2020-01-08,,127414,199064,2
1375088,2019-12-18,2020-01-08,,127436,51371,2
1375089,2019-12-18,2020-01-08,,127525,420707,2
1375090,2019-12-18,2020-01-08,,127579,261649,2
1375091,2019-12-18,2020-01-08,,127579,923902,2
1375092,2019-12-18,2020-01-08,,127685,460430,2
1375093,2019-12-18,2020-01-08,,127749,589111,2
1375094,2019-12-18,2020-01-08,,127766,88526,2
1375095,2019-12-18,2020-01-08,,127766,92356,2
1375096,2019-12-18,2020-01-08,,127766,127318,2
1375097,2019-12-18,2020-01-08,,127766,496656,2
1375098,2019-12-18,2020-01-08,,127885,223736,2
1375099,2019-12-18,2020-01-08,,127937,182869,2
1375100,2019-12-18,2020-01-08,2019-12-31,128005,318578,1
1375101,2019-12-18,2020-01-08,,128077,568375,2
1375102,2019-12-18,2020-01-08,,128193,511025,2
1375103,2019-12-18,2020-01-08,,128200,621826,2
1375104,2019-12-18,2020-01-08,,128386,261904,2
1375105,2019-12-18,2020-01-08,,128509,222862,2
1375106,2019-12-18,2020-01-08,,128539,56520,2
1375107,2019-12-18,2020-01-08,,128582,828933,2
1375108,2019-12-18,2020-01-08,,128687,132217,2
1375109,2019-12-18,2020-01-08,,128740,145021,2
1375110,2019-12-18,2020-01-08,,129002,558924,2
1375111,2019-12-18,2020-01-08,,129002,698713,2
1375112,2019-12-18,2020-01-08,,129007,31052,2
1375113,2019-12-18,2020-01-08,,129066,287470,2
1375114,2019-12-18,2020-01-08,,129166,925443,2
1375115,2019-12-18,2020-01-08,,129326,389614,2
1375116,2019-12-18,2020-01-08,,129327,273775,2
1375117,2019-12-18,2020-01-08,,129397,580904,2
1375118,2019-12-18,2020-01-08,,129483,90264,2
1375119,2019-12-18,2020-01-08,2019-12-30,129483,253163,1
1375120,2019-12-18,2020-01-08,,129484,187794,2
1375121,2019-12-18,2020-01-08,,129534,534152,2
1375122,2019-12-18,2020-01-08,2019-12-31,129582,647959,1
1375123,2019-12-18,2020-01-08,,129702,348540,2
1375124,2019-12-18,2020-01-08,,129888,443590,2
1375125,2019-12-18,2020-01-08,,129896,92380,2
1375126,2019-12-18,2020-01-08,,129896,671219,2
1375127,2019-12-18,2020-01-08,,129896,754717,2
1375128,2019-12-18,2020-01-08,,130044,156716,2
1375129,2019-12-18,2020-01-08,,130206,564599,2
1375130,2019-12-18,2020-01-08,,130326,594512,2
1375131,2019-12-18,2020-01-08,,130388,132180,2
1375132,2019-12-18,2020-01-08,,130430,434684,2
1375133,2019-12-18,2020-01-08,,130799,251206,2
1375134,2019-12-18,2020-01-08,,130958,857292,2
1375135,2019-12-18,2020-01-08,,131012,496845,2
1375136,2019-12-18,2020-01-08,,131279,7075,2
1375137,2019-12-18,2020-01-08,,131279,767310,2
1375138,2019-12-18,2020-01-08,,131282,574133,2
1375139,2019-12-18,2020-01-08,,131418,78771,2
1375140,2019-12-18,2020-01-08,,131427,504895,2
1375141,2019-12-18,2020-01-08,,131567,25383,2
1375142,2019-12-18,2020-01-08,,131596,117183,2
1375143,2019-12-18,2020-01-08,,131821,882716,2
1375144,2019-12-18,2020-01-08,,131894,421241,2
1375145,2019-12-18,2020-01-08,,132030,358554,2
1375146,2019-12-18,2020-01-08,,132069,698040,2
1375147,2019-12-18,2020-01-08,,132083,713734,2
1375148,2019-12-18,2020-01-08,,132144,16088,2
1375149,2019-12-18,2020-01-08,,132234,193576,2
1375150,2019-12-18,2020-01-08,,132234,628505,2
1375151,2019-12-18,2020-01-08,,132246,864797,2
1375152,2019-12-18,2020-01-08,,132389,533417,2
1375153,2019-12-18,2020-01-08,,132495,944893,2
1375154,2019-12-18,2020-01-08,,132532,640817,2
1375155,2019-12-18,2020-01-08,,132532,751876,2
1375156,2019-12-18,2020-01-08,2019-12-31,132602,436185,1
1375157,2019-12-18,2020-01-08,,132656,951361,2
1375158,2019-12-18,2020-01-08,,132664,38453,2
1375159,2019-12-18,2020-01-08,,132664,384678,2
1375160,2019-12-18,2020-01-08,,132664,387150,2
1375161,2019-12-18,2020-01-08,,132664,884194,2
1375162,2019-12-18,2020-01-08,,132861,875493,2
1375163,2019-12-18,2020-01-08,,132986,649535,2
1375164,2019-12-18,2020-01-08,,132986,698714,2
1375165,2019-12-18,2020-01-08,,132986,843145,2
1375166,2019-12-18,2020-01-08,,132986,866637,2
1375167,2019-12-18,2020-01-08,,133225,605203,2
1375168,2019-12-18,2020-01-08,,133287,328258,2
1375169,2019-12-18,2020-01-08,,133287,866638,2
1375170,2019-12-18,2020-01-08,,133289,389938,2
1375171,2019-12-18,2020-01-08,,133327,360937,2
1375172,2019-12-18,2020-01-08,,133580,567884,2
1375173,2019-12-18,2020-01-08,,133607,705797,2
1375174,2019-12-18,2020-01-08,,133880,663655,2
1375175,2019-12-18,2020-01-08,,133938,400220,2
1375176,2019-12-18,2020-01-08,,134141,412307,2
1375177,2019-12-18,2020-01-08,,134235,289202,2
1375178,2019-12-18,2020-01-08,,134271,635251,2
1375179,2019-12-18,2020-01-08,2019-12-29,134300,843360,1
1375180,2019-12-18,2020-01-08,,134341,386721,2
1375181,2019-12-18,2020-01-08,,134489,63253,2
1375182,2019-12-18,2020-01-08,,134561,391497,2
1375183,2019-12-18,2020-01-08,,134573,937391,2
1375184,2019-12-18,2020-01-08,,134576,690984,2
1375185,2019-12-18,2020-01-08,,134589,785197,2
1375186,2019-12-18,2020-01-08,,134710,342261,2
1375187,2019-12-18,2020-01-08,,134801,695848,2
1375188,2019-12-18,2020-01-08,,134818,73390,2
1375189,2019-12-18,2020-01-08,,134833,701667,2
1375190,2019-12-18,2020-01-08,,134847,511095,2
1375191,2019-12-18,2020-01-08,,134946,804268,2
1375192,2019-12-18,2020-01-08,,134957,794377,2
1375193,2019-12-18,2020-01-08,,135214,786982,2
1375194,2019-12-18,2020-01-08,,135292,87657,2
1375195,2019-12-18,2020-01-08,,135447,774153,2
1375196,2019-12-18,2020-01-08,2019-12-31,135465,121593,1
1375197,2019-12-18,2020-01-08,,135473,667329,2
1375198,2019-12-18,2020-01-08,,135481,278729,2
1375199,2019-12-18,2020-01-08,,135481,625462,2
1375200,2019-12-18,2020-01-08,,135507,112927,2
1375201,2019-12-18,2020-01-08,,135600,492201,2
1375202,2019-12-18,2020-01-08,,135710,645231,2
1375203,2019-12-18,2020-01-08,,135811,683534,2
1375204,2019-12-18,2020-01-08,,135945,195109,2
1375205,2019-12-18,2020-01-08,,136184,879053,2
1375206,2019-12-18,2020-01-08,,136353,699217,2
1375207,2019-12-18,2020-01-08,,136450,718082,2
1375208,2019-12-18,2020-01-08,,136481,545026,2
1375209,2019-12-18,2020-01-08,,136826,43473,2
1375210,2019-12-18,2020-01-08,,136841,109878,2
1375211,2019-12-18,2020-01-08,,136899,881297,2
1375212,2019-12-18,2020-01-08,,137032,651425,2
1375213,2019-12-18,2020-01-08,,137241,240523,2
1375214,2019-12-18,2020-01-08,,137257,374693,2
1375215,2019-12-18,2020-01-08,,137258,445188,2
1375216,2019-12-18,2020-01-08,,137292,538986,2
1375217,2019-12-18,2020-01-08,,137354,150840,2
1375218,2019-12-18,2020-01-08,,137481,519221,2
1375219,2019-12-18,2020-01-08,,137481,731888,2
1375220,2019-12-18,2020-01-08,,137564,153576,2
1375221,2019-12-18,2020-01-08,,137609,187394,2
1375222,2019-12-18,2020-01-08,,137759,445301,2
1375223,2019-12-18,2020-01-08,,137842,548266,2
1375224,2019-12-18,2020-01-08,,137967,720561,2
1375225,2019-12-18,2020-01-08,,137996,668489,2
1375226,2019-12-18,2020-01-08,,138145,953239,2
1375227,2019-12-18,2020-01-08,,138389,862387,2
1375228,2019-12-18,2020-01-08,,138529,10259,2
1375229,2019-12-18,2020-01-08,,138798,125164,2
1375230,2019-12-18,2020-01-08,,138839,189055,2
1375231,2019-12-18,2020-01-08,,138844,312497,2
1375232,2019-12-18,2020-01-08,,139131,652208,2
1375233,2019-12-18,2020-01-08,,139131,683273,2
1375234,2019-12-18,2020-01-08,,139131,806607,2
1375235,2019-12-18,2020-01-08,,139259,889064,2
1375236,2019-12-18,2020-01-08,,139348,357254,2
1375237,2019-12-18,2020-01-08,,139416,420909,2
1375238,2019-12-18,2020-01-08,,139610,377480,2
1375239,2019-12-18,2020-01-08,,139756,624944,2
1375240,2019-12-18,2020-01-08,,139787,387368,2
1375241,2019-12-18,2020-01-08,,139848,555160,2
1375242,2019-12-18,2020-01-08,,140067,282142,2
1375243,2019-12-18,2020-01-08,,140167,47409,2
1375244,2019-12-18,2020-01-08,2019-12-30,140580,553804,1
1375245,2019-12-18,2020-01-08,,140582,547689,2
1375246,2019-12-18,2020-01-08,,140748,672094,2
1375247,2019-12-18,2020-01-08,,140795,530493,2
1375248,2019-12-18,2020-01-08,,140921,102724,2
1375249,2019-12-18,2020-01-08,,140952,335420,2
1375250,2019-12-18,2020-01-08,,141242,144873,2
1375251,2019-12-18,2020-01-08,,141292,627949,2
1375252,2019-12-18,2020-01-08,,141292,832525,2
1375253,2019-12-18,2020-01-08,,141428,12297,2
1375254,2019-12-18,2020-01-08,,141437,701051,2
1375255,2019-12-18,2020-01-08,,141471,662570,2
1375256,2019-12-18,2020-01-08,,141471,907664,2
1375257,2019-12-18,2020-01-08,,141546,739914,2
1375258,2019-12-18,2020-01-08,,141661,131070,2
1375259,2019-12-18,2020-01-08,,141856,942904,2
1375260,2019-12-18,2020-01-08,,141915,902413,2
1375261,2019-12-18,2020-01-08,,141984,908755,2
1375262,2019-12-18,2020-01-08,,141988,790183,2
1375263,2019-12-18,2020-01-08,,142012,438982,2
1375264,2019-12-18,2020-01-08,,142060,434772,2
1375265,2019-12-18,2020-01-08,,142457,406843,2
1375266,2019-12-18,2020-01-08,,142540,863331,2
1375267,2019-12-18,2020-01-08,,142759,441375,2
1375268,2019-12-18,2020-01-08,,142765,166909,2
1375269,2019-12-18,2020-01-08,,142911,781659,2
1375270,2019-12-18,2020-01-08,,143026,342890,2
1375271,2019-12-18,2020-01-08,,143039,362629,2
1375272,2019-12-18,2020-01-08,,143281,102414,2
1375273,2019-12-18,2020-01-08,,143367,314442,2
1375274,2019-12-18,2020-01-08,,143481,8545,2
1375275,2019-12-18,2020-01-08,,143525,557902,2
1375276,2019-12-18,2020-01-08,,143556,233163,2
1375277,2019-12-18,2020-01-08,,143655,909379,2
1375278,2019-12-18,2020-01-08,,143713,497499,2
1375279,2019-12-18,2020-01-08,2019-12-31,143713,886639,1
1375280,2019-12-18,2020-01-08,,143715,523386,2
1375281,2019-12-18,2020-01-08,,143899,899362,2
1375282,2019-12-18,2020-01-08,,143982,150627,2
1375283,2019-12-18,2020-01-08,,144160,876304,2
1375284,2019-12-18,2020-01-08,,144228,610958,2
1375285,2019-12-18,2020-01-08,,144255,269108,2
1375286,2019-12-18,2020-01-08,,144351,624269,2
1375287,2019-12-18,2020-01-08,,144454,556594,2
1375288,2019-12-18,2020-01-08,,144563,187474,2
1375289,2019-12-18,2020-01-08,,144698,726693,2
1375290,2019-12-18,2020-01-08,,144880,2256,2
1375291,2019-12-18,2020-01-08,,144954,309916,2
1375292,2019-12-18,2020-01-08,,144954,705798,2
1375293,2019-12-18,2020-01-08,,145065,175540,2
1375294,2019-12-18,2020-01-08,,145155,621827,2
1375295,2019-12-18,2020-01-08,,145155,844406,2
1375296,2019-12-18,2020-01-08,,145240,826663,2
1375297,2019-12-18,2020-01-08,2019-12-29,145272,156753,1
1375298,2019-12-18,2020-01-08,,145290,498858,2
1375299,2019-12-18,2020-01-08,,145292,21400,2
1375300,2019-12-18,2020-01-08,,145580,9066,2
1375301,2019-12-18,2020-01-08,,145715,798260,2
1375302,2019-12-18,2020-01-08,,145732,581532,2
1375303,2019-12-18,2020-01-08,,145779,9070,2
1375304,2019-12-18,2020-01-08,,145949,834261,2
1375305,2019-12-18,2020-01-08,,146151,581843,2
1375306,2019-12-18,2020-01-08,,146348,784451,2
1375307,2019-12-18,2020-01-08,,146444,860285,2
1375308,2019-12-18,2020-01-08,,146519,416420,2
1375309,2019-12-18,2020-01-08,,146544,86949,2
1375310,2019-12-18,2020-01-08,,146618,371393,2
1375311,2019-12-18,2020-01-08,,146667,630145,2
1375312,2019-12-18,2020-01-08,,146741,199343,2
1375313,2019-12-18,2020-01-08,,146741,209926,2
1375314,2019-12-18,2020-01-08,,146800,1195,2
1375315,2019-12-18,2020-01-08,,146800,235211,2
1375316,2019-12-18,2020-01-08,,146800,823429,2
1375317,2019-12-18,2020-01-08,,146800,831615,2
1375318,2019-12-18,2020-01-08,,146829,275385,2
1375319,2019-12-18,2020-01-08,,146933,954054,2
1375320,2019-12-18,2020-01-08,,146953,639149,2
1375321,2019-12-18,2020-01-08,,147018,52202,2
1375322,2019-12-18,2020-01-08,,147024,14952,2
1375323,2019-12-18,2020-01-08,,147063,580785,2
1375324,2019-12-18,2020-01-08,,147154,537563,2
1375325,2019-12-18,2020-01-08,,147170,51902,2
1375326,2019-12-18,2020-01-08,,147424,882030,2
1375327,2019-12-18,2020-01-08,,147439,65343,2
1375328,2019-12-18,2020-01-08,,147478,262228,2
1375329,2019-12-18,2020-01-08,,147596,75309,2
1375330,2019-12-18,2020-01-08,,147786,939134,2
1375331,2019-12-18,2020-01-08,,147895,165110,2
1375332,2019-12-18,2020-01-08,,148057,480561,2
1375333,2019-12-18,2020-01-08,,148113,42239,2
1375334,2019-12-18,2020-01-08,,148150,198495,2
1375335,2019-12-18,2020-01-08,,148323,648631,2
1375336,2019-12-18,2020-01-08,,148542,281292,2
1375337,2019-12-18,2020-01-08,,148583,450778,2
1375338,2019-12-18,2020-01-08,,148654,274317,2
1375339,2019-12-18,2020-01-08,,148662,475547,2
1375340,2019-12-18,2020-01-08,,148663,843118,2
1375341,2019-12-18,2020-01-08,,148671,306196,2
1375342,2019-12-18,2020-01-08,,148674,876838,2
1375343,2019-12-18,2020-01-08,,148747,132341,2
1375344,2019-12-18,2020-01-08,,148759,305144,2
1375345,2019-12-18,2020-01-08,,149081,726206,2
1375346,2019-12-18,2020-01-08,,149182,76132,2
1375347,2019-12-18,2020-01-08,,149238,870120,2
1375348,2019-12-18,2020-01-08,,149287,57982,2
1375349,2019-12-18,2020-01-08,,149287,185964,2
1375350,2019-12-18,2020-01-08,,149287,484182,2
1375351,2019-12-18,2020-01-08,,149287,548259,2
1375352,2019-12-18,2020-01-08,,149287,650666,2
1375353,2019-12-18,2020-01-08,,149485,683183,2
1375354,2019-12-18,2020-01-08,,149524,14096,2
1375355,2019-12-18,2020-01-08,,149535,398066,2
1375356,2019-12-18,2020-01-08,,149535,547961,2
1375357,2019-12-18,2020-01-08,,149801,510381,2
1375358,2019-12-18,2020-01-08,,149972,936167,2
1375359,2019-12-18,2020-01-08,,150002,857559,2
1375360,2019-12-18,2020-01-08,,150148,752295,2
1375361,2019-12-18,2020-01-08,,150154,27285,2
1375362,2019-12-18,2020-01-08,,150197,601776,2
1375363,2019-12-18,2020-01-08,,150197,895698,2
1375364,2019-12-18,2020-01-08,,150245,734362,2
1375365,2019-12-18,2020-01-08,,150327,81832,2
1375366,2019-12-18,2020-01-08,,150536,82870,2
1375367,2019-12-18,2020-01-08,,150536,701444,2
1375368,2019-12-18,2020-01-08,,150536,737207,2
1375369,2019-12-18,2020-01-08,2019-12-29,150778,37553,1
1375370,2019-12-18,2020-01-08,,150801,163616,2
1375371,2019-12-18,2020-01-08,,150822,177242,2
1375372,2019-12-18,2020-01-08,,150841,523726,2
1375373,2019-12-18,2020-01-08,,150853,244632,2
1375374,2019-12-18,2020-01-08,,150976,246218,2
1375375,2019-12-18,2020-01-08,,151219,932331,2
1375376,2019-12-18,2020-01-08,,151437,580185,2
1375377,2019-12-18,2020-01-08,,151496,557341,2
1375378,2019-12-18,2020-01-08,,152371,306647,2
1375379,2019-12-18,2020-01-08,2019-12-29,152921,49227,1
1375380,2019-12-18,2020-01-08,,152921,754588,2
1375381,2019-12-18,2020-01-08,2019-12-31,152929,629208,1
1375382,2019-12-18,2020-01-08,,152996,207868,2
1375383,2019-12-18,2020-01-08,,153279,74142,2
1375384,2019-12-18,2020-01-08,,153664,111632,2
1375385,2019-12-18,2020-01-08,,153752,481268,2
1375386,2019-12-18,2020-01-08,,153855,844950,2
1375387,2019-12-18,2020-01-08,,153857,812693,2
1375388,2019-12-18,2020-01-08,,153958,620141,2
1375389,2019-12-18,2020-01-08,,154029,445224,2
1375390,2019-12-18,2020-01-08,,154085,776808,2
1375391,2019-12-18,2020-01-08,,154099,136490,2
1375392,2019-12-18,2020-01-08,,154144,164411,2
1375393,2019-12-18,2020-01-08,,154206,631484,2
1375394,2019-12-18,2020-01-08,,154510,832693,2
1375395,2019-12-18,2020-01-08,,154514,671018,2
1375396,2019-12-18,2020-01-08,,154550,453849,2
1375397,2019-12-18,2020-01-08,,154550,680979,2
1375398,2019-12-18,2020-01-08,,154550,892868,2
1375399,2019-12-18,2020-01-08,,154598,420938,2
1375400,2019-12-18,2020-01-08,,154610,800048,2
1375401,2019-12-18,2020-01-08,,154701,38635,2
1375402,2019-12-18,2020-01-08,,154751,343183,2
1375403,2019-12-18,2020-01-08,,154758,140586,2
1375404,2019-12-18,2020-01-08,,154783,526789,2
1375405,2019-12-18,2020-01-08,,154932,232745,2
1375406,2019-12-18,2020-01-08,,154972,219027,2
1375407,2019-12-18,2020-01-08,,155046,249505,2
1375408,2019-12-18,2020-01-08,,155088,145529,2
1375409,2019-12-18,2020-01-08,,155102,443708,2
1375410,2019-12-18,2020-01-08,,155144,698953,2
1375411,2019-12-18,2020-01-08,,155238,565466,2
1375412,2019-12-18,2020-01-08,,155398,412473,2
1375413,2019-12-18,2020-01-08,,155431,766462,2
1375414,2019-12-18,2020-01-08,,155431,824725,2
1375415,2019-12-18,2020-01-08,,155589,502476,2
1375416,2019-12-18,2020-01-08,,155623,876346,2
1375417,2019-12-18,2020-01-08,,155646,656716,2
1375418,2019-12-18,2020-01-08,,155886,204542,2
1375419,2019-12-18,2020-01-08,,155920,936537,2
1375420,2019-12-18,2020-01-08,,156120,460694,2
1375421,2019-12-18,2020-01-08,,156413,41053,2
1375422,2019-12-18,2020-01-08,,156456,736468,2
1375423,2019-12-18,2020-01-08,,156493,351271,2
1375424,2019-12-18,2020-01-08,,156507,309388,2
1375425,2019-12-18,2020-01-08,,156507,329713,2
1375426,2019-12-18,2020-01-08,,156507,875504,2
1375427,2019-12-18,2020-01-08,,156554,93118,2
1375428,2019-12-18,2020-01-08,,156635,339750,2
1375429,2019-12-18,2020-01-08,,156867,128253,2
1375430,2019-12-18,2020-01-08,,157165,663962,2
1375431,2019-12-18,2020-01-08,,157173,655852,2
1375432,2019-12-18,2020-01-08,,157174,305700,2
1375433,2019-12-18,2020-01-08,,157315,798536,2
1375434,2019-12-18,2020-01-08,,157595,422039,2
1375435,2019-12-18,2020-01-08,,157612,937450,2
1375436,2019-12-18,2020-01-08,,157722,314783,2
1375437,2019-12-18,2020-01-08,,157935,661635,2
1375438,2019-12-18,2020-01-08,,158062,206621,2
1375439,2019-12-18,2020-01-08,,158261,611949,2
1375440,2019-12-18,2020-01-08,,158428,861819,2
1375441,2019-12-18,2020-01-08,,158453,800200,2
1375442,2019-12-18,2020-01-08,,158666,764025,2
1375443,2019-12-18,2020-01-08,,158686,64511,2
1375444,2019-12-18,2020-01-08,,158811,371968,2
1375445,2019-12-18,2020-01-08,,158822,200146,2
1375446,2019-12-18,2020-01-08,,158830,60558,2
1375447,2019-12-18,2020-01-08,,159168,314691,2
1375448,2019-12-18,2020-01-08,,159246,686400,2
1375449,2019-12-18,2020-01-08,,159311,615776,2
1375450,2019-12-18,2020-01-08,,159366,453850,2
1375451,2019-12-18,2020-01-08,,159477,115066,2
1375452,2019-12-18,2020-01-08,,159491,476433,2
1375453,2019-12-18,2020-01-08,,159523,832148,2
1375454,2019-12-19,2020-01-09,,21,675024,2
1375455,2019-12-19,2020-01-09,,156,731996,2
1375456,2019-12-19,2020-01-09,,236,707535,2
1375457,2019-12-19,2020-01-09,,300,475048,2
1375458,2019-12-19,2020-01-09,,471,404148,2
1375459,2019-12-19,2020-01-09,,531,901774,2
1375460,2019-12-19,2020-01-09,,628,260900,2
1375461,2019-12-19,2020-01-09,,699,130365,2
1375462,2019-12-19,2020-01-09,,884,823330,2
1375463,2019-12-19,2020-01-09,,992,152630,2
1375464,2019-12-19,2020-01-09,,1081,397563,2
1375465,2019-12-19,2020-01-09,,1092,366300,2
1375466,2019-12-19,2020-01-09,,1153,305827,2
1375467,2019-12-19,2020-01-09,,1310,859668,2
1375468,2019-12-19,2020-01-09,,1410,449976,2
1375469,2019-12-19,2020-01-09,,1412,207877,2
1375470,2019-12-19,2020-01-09,,1529,564030,2
1375471,2019-12-19,2020-01-09,,1774,806061,2
1375472,2019-12-19,2020-01-09,,1847,760955,2
1375473,2019-12-19,2020-01-09,,2079,252262,2
1375474,2019-12-19,2020-01-09,,2214,784580,2
1375475,2019-12-19,2020-01-09,,2220,326608,2
1375476,2019-12-19,2020-01-09,,2361,104226,2
1375477,2019-12-19,2020-01-09,,2516,794053,2
1375478,2019-12-19,2020-01-09,,2526,318957,2
1375479,2019-12-19,2020-01-09,,2703,486859,2
1375480,2019-12-19,2020-01-09,,2812,769658,2
1375481,2019-12-19,2020-01-09,,2849,831301,2
1375482,2019-12-19,2020-01-09,,2911,603527,2
1375483,2019-12-19,2020-01-09,,2962,459443,2
1375484,2019-12-19,2020-01-09,,3082,63825,2
1375485,2019-12-19,2020-01-09,,3082,209771,2
1375486,2019-12-19,2020-01-09,,3082,266702,2
1375487,2019-12-19,2020-01-09,,3082,448829,2
1375488,2019-12-19,2020-01-09,,3082,460805,2
1375489,2019-12-19,2020-01-09,,3082,737853,2
1375490,2019-12-19,2020-01-09,,3167,383469,2
1375491,2019-12-19,2020-01-09,,3278,95610,2
1375492,2019-12-19,2020-01-09,,3293,923155,2
1375493,2019-12-19,2020-01-09,,3302,92480,2
1375494,2019-12-19,2020-01-09,,3389,201384,2
1375495,2019-12-19,2020-01-09,,3389,900320,2
1375496,2019-12-19,2020-01-09,,3400,622091,2
1375497,2019-12-19,2020-01-09,2019-12-30,3450,460637,1
1375498,2019-12-19,2020-01-09,,3675,79560,2
1375499,2019-12-19,2020-01-09,,3743,626333,2
1375500,2019-12-19,2020-01-09,,3866,30579,2
1375501,2019-12-19,2020-01-09,,3906,698954,2
1375502,2019-12-19,2020-01-09,2019-12-31,4068,526875,1
1375503,2019-12-19,2020-01-09,,4139,197169,2
1375504,2019-12-19,2020-01-09,,4247,82543,2
1375505,2019-12-19,2020-01-09,,4253,165582,2
1375506,2019-12-19,2020-01-09,,4565,511590,2
1375507,2019-12-19,2020-01-09,,4783,948342,2
1375508,2019-12-19,2020-01-09,,4784,87359,2
1375509,2019-12-19,2020-01-09,,4858,408189,2
1375510,2019-12-19,2020-01-09,2019-12-29,4918,167482,1
1375511,2019-12-19,2020-01-09,,5120,386464,2
1375512,2019-12-19,2020-01-09,,5128,446524,2
1375513,2019-12-19,2020-01-09,,5161,536401,2
1375514,2019-12-19,2020-01-09,,5217,378700,2
1375515,2019-12-19,2020-01-09,,5353,457186,2
1375516,2019-12-19,2020-01-09,,5472,707373,2
1375517,2019-12-19,2020-01-09,,5673,188101,2
1375518,2019-12-19,2020-01-09,,5756,179539,2
1375519,2019-12-19,2020-01-09,,5756,774082,2
1375520,2019-12-19,2020-01-09,,5871,857935,2
1375521,2019-12-19,2020-01-09,,5914,655719,2
1375522,2019-12-19,2020-01-09,,5999,811426,2
1375523,2019-12-19,2020-01-09,,6006,163315,2
1375524,2019-12-19,2020-01-09,,6108,262647,2
1375525,2019-12-19,2020-01-09,,6141,711045,2
1375526,2019-12-19,2020-01-09,,6252,719758,2
1375527,2019-12-19,2020-01-09,,6288,877885,2
1375528,2019-12-19,2020-01-09,,6465,794217,2
1375529,2019-12-19,2020-01-09,,6517,105467,2
1375530,2019-12-19,2020-01-09,,6619,41044,2
1375531,2019-12-19,2020-01-09,,6619,142123,2
1375532,2019-12-19,2020-01-09,,6619,549033,2
1375533,2019-12-19,2020-01-09,,6619,859166,2
1375534,2019-12-19,2020-01-09,,6619,891240,2
1375535,2019-12-19,2020-01-09,,6919,129130,2
1375536,2019-12-19,2020-01-09,,6923,765298,2
1375537,2019-12-19,2020-01-09,,7087,103798,2
1375538,2019-12-19,2020-01-09,,7108,194346,2
1375539,2019-12-19,2020-01-09,,7208,474435,2
1375540,2019-12-19,2020-01-09,,7579,868866,2
1375541,2019-12-19,2020-01-09,,7666,425033,2
1375542,2019-12-19,2020-01-09,,7786,839774,2
1375543,2019-12-19,2020-01-09,,7844,865094,2
1375544,2019-12-19,2020-01-09,,8092,773209,2
1375545,2019-12-19,2020-01-09,,8201,699012,2
1375546,2019-12-19,2020-01-09,,8262,60625,2
1375547,2019-12-19,2020-01-09,,8307,699391,2
1375548,2019-12-19,2020-01-09,,8330,233240,2
1375549,2019-12-19,2020-01-09,,8399,198924,2
1375550,2019-12-19,2020-01-09,,8462,18903,2
1375551,2019-12-19,2020-01-09,,8496,486589,2
1375552,2019-12-19,2020-01-09,,8581,698226,2
1375553,2019-12-19,2020-01-09,,8587,19755,2
1375554,2019-12-19,2020-01-09,,8650,896635,2
1375555,2019-12-19,2020-01-09,,8801,870406,2
1375556,2019-12-19,2020-01-09,,9214,907857,2
1375557,2019-12-19,2020-01-09,,9334,553012,2
1375558,2019-12-19,2020-01-09,,9487,137822,2
1375559,2019-12-19,2020-01-09,,9763,896878,2
1375560,2019-12-19,2020-01-09,,10091,933528,2
1375561,2019-12-19,2020-01-09,,10274,27792,2
1375562,2019-12-19,2020-01-09,,10314,916628,2
1375563,2019-12-19,2020-01-09,,10399,548607,2
1375564,2019-12-19,2020-01-09,,10432,338740,2
1375565,2019-12-19,2020-01-09,,10432,901025,2
1375566,2019-12-19,2020-01-09,,10525,912092,2
1375567,2019-12-19,2020-01-09,,10538,56026,2
1375568,2019-12-19,2020-01-09,,10566,460806,2
1375569,2019-12-19,2020-01-09,,10724,156175,2
1375570,2019-12-19,2020-01-09,,10858,952749,2
1375571,2019-12-19,2020-01-09,,10901,190766,2
1375572,2019-12-19,2020-01-09,,11238,882857,2
1375573,2019-12-19,2020-01-09,,11344,16269,2
1375574,2019-12-19,2020-01-09,,11482,911338,2
1375575,2019-12-19,2020-01-09,,11493,35645,2
1375576,2019-12-19,2020-01-09,,11523,104503,2
1375577,2019-12-19,2020-01-09,,11702,618582,2
1375578,2019-12-19,2020-01-09,,11706,875693,2
1375579,2019-12-19,2020-01-09,,11739,533793,2
1375580,2019-12-19,2020-01-09,,11857,311901,2
1375581,2019-12-19,2020-01-09,,11857,453950,2
1375582,2019-12-19,2020-01-09,,11857,683184,2
1375583,2019-12-19,2020-01-09,,11857,837208,2
1375584,2019-12-19,2020-01-09,,12210,624370,2
1375585,2019-12-19,2020-01-09,,12210,660668,2
1375586,2019-12-19,2020-01-09,,12397,408279,2
1375587,2019-12-19,2020-01-09,,12439,156528,2
1375588,2019-12-19,2020-01-09,,12574,884900,2
1375589,2019-12-19,2020-01-09,,12666,16253,2
1375590,2019-12-19,2020-01-09,,12707,312706,2
1375591,2019-12-19,2020-01-09,,12720,182801,2
1375592,2019-12-19,2020-01-09,,12766,665340,2
1375593,2019-12-19,2020-01-09,,12846,902592,2
1375594,2019-12-19,2020-01-09,,12998,419495,2
1375595,2019-12-19,2020-01-09,2019-12-31,13136,825899,1
1375596,2019-12-19,2020-01-09,,13363,319863,2
1375597,2019-12-19,2020-01-09,,13427,165886,2
1375598,2019-12-19,2020-01-09,,13427,648766,2
1375599,2019-12-19,2020-01-09,,13530,17673,2
1375600,2019-12-19,2020-01-09,,13547,358118,2
1375601,2019-12-19,2020-01-09,,13591,68000,2
1375602,2019-12-19,2020-01-09,,13617,734391,2
1375603,2019-12-19,2020-01-09,,13631,501959,2
1375604,2019-12-19,2020-01-09,,13760,759263,2
1375605,2019-12-19,2020-01-09,,13906,482164,2
1375606,2019-12-19,2020-01-09,,14451,586011,2
1375607,2019-12-19,2020-01-09,,14619,882436,2
1375608,2019-12-19,2020-01-09,,14650,663820,2
1375609,2019-12-19,2020-01-09,,14660,41054,2
1375610,2019-12-19,2020-01-09,,14864,192953,2
1375611,2019-12-19,2020-01-09,,14973,114102,2
1375612,2019-12-19,2020-01-09,,15051,938427,2
1375613,2019-12-19,2020-01-09,2019-12-29,15096,542534,1
1375614,2019-12-19,2020-01-09,,15333,539899,2
1375615,2019-12-19,2020-01-09,,15393,712220,2
1375616,2019-12-19,2020-01-09,,15421,96662,2
1375617,2019-12-19,2020-01-09,,15421,655729,2
1375618,2019-12-19,2020-01-09,,15488,587461,2
1375619,2019-12-19,2020-01-09,,15705,542241,2
1375620,2019-12-19,2020-01-09,,15835,574574,2
1375621,2019-12-19,2020-01-09,,15874,646061,2
1375622,2019-12-19,2020-01-09,,15881,220652,2
1375623,2019-12-19,2020-01-09,,16043,565650,2
1375624,2019-12-19,2020-01-09,,16210,435356,2
1375625,2019-12-19,2020-01-09,,16253,88638,2
1375626,2019-12-19,2020-01-09,,16318,413307,2
1375627,2019-12-19,2020-01-09,,16350,51313,2
1375628,2019-12-19,2020-01-09,,16568,384340,2
1375629,2019-12-19,2020-01-09,,16654,558341,2
1375630,2019-12-19,2020-01-09,,16798,428049,2
1375631,2019-12-19,2020-01-09,,16823,651461,2
1375632,2019-12-19,2020-01-09,,16943,10351,2
1375633,2019-12-19,2020-01-09,,16943,884355,2
1375634,2019-12-19,2020-01-09,,17124,735870,2
1375635,2019-12-19,2020-01-09,,17133,299539,2
1375636,2019-12-19,2020-01-09,,17157,650588,2
1375637,2019-12-19,2020-01-09,,17189,606512,2
1375638,2019-12-19,2020-01-09,,17277,354492,2
1375639,2019-12-19,2020-01-09,,17277,575650,2
1375640,2019-12-19,2020-01-09,,17451,523412,2
1375641,2019-12-19,2020-01-09,,17607,24099,2
1375642,2019-12-19,2020-01-09,,17607,195162,2
1375643,2019-12-19,2020-01-09,,17607,525561,2
1375644,2019-12-19,2020-01-09,,17607,802274,2
1375645,2019-12-19,2020-01-09,,17612,705614,2
1375646,2019-12-19,2020-01-09,2019-12-30,17619,93673,1
1375647,2019-12-19,2020-01-09,,17661,151682,2
1375648,2019-12-19,2020-01-09,,17722,876347,2
1375649,2019-12-19,2020-01-09,,17791,318215,2
1375650,2019-12-19,2020-01-09,,17976,672503,2
1375651,2019-12-19,2020-01-09,,18108,224946,2
1375652,2019-12-19,2020-01-09,,18157,877567,2
1375653,2019-12-19,2020-01-09,,18170,333706,2
1375654,2019-12-19,2020-01-09,,18196,629735,2
1375655,2019-12-19,2020-01-09,,18223,740122,2
1375656,2019-12-19,2020-01-09,,18261,240594,2
1375657,2019-12-19,2020-01-09,,18300,572903,2
1375658,2019-12-19,2020-01-09,,18357,783096,2
1375659,2019-12-19,2020-01-09,,18394,231751,2
1375660,2019-12-19,2020-01-09,,18510,741218,2
1375661,2019-12-19,2020-01-09,,18536,519826,2
1375662,2019-12-19,2020-01-09,,18612,509454,2
1375663,2019-12-19,2020-01-09,,18675,421279,2
1375664,2019-12-19,2020-01-09,,18817,24498,2
1375665,2019-12-19,2020-01-09,,18890,194547,2
1375666,2019-12-19,2020-01-09,,18983,477120,2
1375667,2019-12-19,2020-01-09,,18983,892661,2
1375668,2019-12-19,2020-01-09,,19028,875733,2
1375669,2019-12-19,2020-01-09,,19352,251290,2
1375670,2019-12-19,2020-01-09,,19371,227310,2
1375671,2019-12-19,2020-01-09,,19435,152224,2
1375672,2019-12-19,2020-01-09,,19483,131244,2
1375673,2019-12-19,2020-01-09,,19537,271225,2
1375674,2019-12-19,2020-01-09,,19582,410223,2
1375675,2019-12-19,2020-01-09,,19595,527617,2
1375676,2019-12-19,2020-01-09,,19681,698715,2
1375677,2019-12-19,2020-01-09,,19696,433318,2
1375678,2019-12-19,2020-01-09,,19840,829894,2
1375679,2019-12-19,2020-01-09,,19847,172536,2
1375680,2019-12-19,2020-01-09,,19849,487172,2
1375681,2019-12-19,2020-01-09,,19964,266126,2
1375682,2019-12-19,2020-01-09,,19964,364754,2
1375683,2019-12-19,2020-01-09,,19964,741587,2
1375684,2019-12-19,2020-01-09,,20004,771525,2
1375685,2019-12-19,2020-01-09,,20200,521293,2
1375686,2019-12-19,2020-01-09,,20365,421372,2
1375687,2019-12-19,2020-01-09,,20877,749912,2
1375688,2019-12-19,2020-01-09,,20897,301248,2
1375689,2019-12-19,2020-01-09,,20985,548260,2
1375690,2019-12-19,2020-01-09,,21144,641158,2
1375691,2019-12-19,2020-01-09,,21148,477714,2
1375692,2019-12-19,2020-01-09,,21154,600087,2
1375693,2019-12-19,2020-01-09,,21178,5327,2
1375694,2019-12-19,2020-01-09,,21208,220173,2
1375695,2019-12-19,2020-01-09,,21304,592475,2
1375696,2019-12-19,2020-01-09,,21407,445775,2
1375697,2019-12-19,2020-01-09,,21420,40743,2
1375698,2019-12-19,2020-01-09,,21435,548267,2
1375699,2019-12-19,2020-01-09,,21543,63638,2
1375700,2019-12-19,2020-01-09,,21758,209066,2
1375701,2019-12-19,2020-01-09,,21828,250628,2
1375702,2019-12-19,2020-01-09,,21915,793291,2
1375703,2019-12-19,2020-01-09,,21931,927520,2
1375704,2019-12-19,2020-01-09,,22103,706760,2
1375705,2019-12-19,2020-01-09,,22108,743185,2
1375706,2019-12-19,2020-01-09,,22378,368947,2
1375707,2019-12-19,2020-01-09,,22397,709833,2
1375708,2019-12-19,2020-01-09,,22497,872141,2
1375709,2019-12-19,2020-01-09,,22537,891788,2
1375710,2019-12-19,2020-01-09,,22661,744586,2
1375711,2019-12-19,2020-01-09,,22816,482070,2
1375712,2019-12-19,2020-01-09,,22870,610872,2
1375713,2019-12-19,2020-01-09,,23095,954378,2
1375714,2019-12-19,2020-01-09,,23188,141383,2
1375715,2019-12-19,2020-01-09,,23193,484588,2
1375716,2019-12-19,2020-01-09,,23277,72634,2
1375717,2019-12-19,2020-01-09,,23348,191254,2
1375718,2019-12-19,2020-01-09,,23761,790050,2
1375719,2019-12-19,2020-01-09,,24074,7206,2
1375720,2019-12-19,2020-01-09,,24109,590977,2
1375721,2019-12-19,2020-01-09,,24458,387649,2
1375722,2019-12-19,2020-01-09,,24701,297497,2
1375723,2019-12-19,2020-01-09,,24888,598765,2
1375724,2019-12-19,2020-01-09,,24888,826601,2
1375725,2019-12-19,2020-01-09,,24915,104227,2
1375726,2019-12-19,2020-01-09,,24960,787411,2
1375727,2019-12-19,2020-01-09,,25161,184543,2
1375728,2019-12-19,2020-01-09,,25270,653733,2
1375729,2019-12-19,2020-01-09,,25271,654551,2
1375730,2019-12-19,2020-01-09,,25362,368966,2
1375731,2019-12-19,2020-01-09,,25741,494666,2
1375732,2019-12-19,2020-01-09,,25818,96320,2
1375733,2019-12-19,2020-01-09,,26018,112654,2
1375734,2019-12-19,2020-01-09,,26021,682991,2
1375735,2019-12-19,2020-01-09,,26205,166010,2
1375736,2019-12-19,2020-01-09,,26244,807396,2
1375737,2019-12-19,2020-01-09,,26305,133578,2
1375738,2019-12-19,2020-01-09,,26469,201953,2
1375739,2019-12-19,2020-01-09,,26522,594069,2
1375740,2019-12-19,2020-01-09,,26522,786873,2
1375741,2019-12-19,2020-01-09,,26538,621432,2
1375742,2019-12-19,2020-01-09,,26718,337575,2
1375743,2019-12-19,2020-01-09,,26925,809461,2
1375744,2019-12-19,2020-01-09,,26947,71827,2
1375745,2019-12-19,2020-01-09,,27015,622274,2
1375746,2019-12-19,2020-01-09,,27043,368541,2
1375747,2019-12-19,2020-01-09,,27308,664206,2
1375748,2019-12-19,2020-01-09,,27411,148515,2
1375749,2019-12-19,2020-01-09,,27445,22226,2
1375750,2019-12-19,2020-01-09,,27515,222093,2
1375751,2019-12-19,2020-01-09,,27527,274075,2
1375752,2019-12-19,2020-01-09,,27684,396740,2
1375753,2019-12-19,2020-01-09,,27684,455882,2
1375754,2019-12-19,2020-01-09,,28029,94357,2
1375755,2019-12-19,2020-01-09,,28289,314508,2
1375756,2019-12-19,2020-01-09,,28307,141899,2
1375757,2019-12-19,2020-01-09,,28506,349081,2
1375758,2019-12-19,2020-01-09,,28508,766346,2
1375759,2019-12-19,2020-01-09,,28725,337031,2
1375760,2019-12-19,2020-01-09,,28832,849607,2
1375761,2019-12-19,2020-01-09,,28844,336109,2
1375762,2019-12-19,2020-01-09,,28847,332679,2
1375763,2019-12-19,2020-01-09,,28847,526938,2
1375764,2019-12-19,2020-01-09,,28847,534645,2
1375765,2019-12-19,2020-01-09,,28847,713610,2
1375766,2019-12-19,2020-01-09,,28860,348903,2
1375767,2019-12-19,2020-01-09,,28934,595497,2
1375768,2019-12-19,2020-01-09,,28952,232697,2
1375769,2019-12-19,2020-01-09,,29089,866648,2
1375770,2019-12-19,2020-01-09,,29207,714376,2
1375771,2019-12-19,2020-01-09,,29431,217877,2
1375772,2019-12-19,2020-01-09,,29431,414481,2
1375773,2019-12-19,2020-01-09,,29431,528827,2
1375774,2019-12-19,2020-01-09,,29738,278576,2
1375775,2019-12-19,2020-01-09,,30108,607354,2
1375776,2019-12-19,2020-01-09,,30116,83636,2
1375777,2019-12-19,2020-01-09,,30161,512556,2
1375778,2019-12-19,2020-01-09,,30320,886997,2
1375779,2019-12-19,2020-01-09,,30351,226041,2
1375780,2019-12-19,2020-01-09,,30476,569175,2
1375781,2019-12-19,2020-01-09,,30556,55922,2
1375782,2019-12-19,2020-01-09,,30649,248316,2
1375783,2019-12-19,2020-01-09,,30664,515466,2
1375784,2019-12-19,2020-01-09,,30858,375307,2
1375785,2019-12-19,2020-01-09,,30891,222589,2
1375786,2019-12-19,2020-01-09,,31099,214558,2
1375787,2019-12-19,2020-01-09,,31307,568797,2
1375788,2019-12-19,2020-01-09,2019-12-29,31318,487114,1
1375789,2019-12-19,2020-01-09,2019-12-31,31347,806418,1
1375790,2019-12-19,2020-01-09,,31497,198020,2
1375791,2019-12-19,2020-01-09,,31746,825891,2
1375792,2019-12-19,2020-01-09,,31799,786700,2
1375793,2019-12-19,2020-01-09,,31887,375714,2
1375794,2019-12-19,2020-01-09,,31923,745231,2
1375795,2019-12-19,2020-01-09,,31929,376888,2
1375796,2019-12-19,2020-01-09,,31962,377945,2
1375797,2019-12-19,2020-01-09,,32015,792038,2
1375798,2019-12-19,2020-01-09,,32047,362705,2
1375799,2019-12-19,2020-01-09,,32090,406060,2
1375800,2019-12-19,2020-01-09,,32148,582392,2
1375801,2019-12-19,2020-01-09,,32166,365921,2
1375802,2019-12-19,2020-01-09,,32166,830195,2
1375803,2019-12-19,2020-01-09,,32166,844808,2
1375804,2019-12-19,2020-01-09,,32320,449983,2
1375805,2019-12-19,2020-01-09,,32539,614431,2
1375806,2019-12-19,2020-01-09,,32681,698591,2
1375807,2019-12-19,2020-01-09,,32777,788424,2
1375808,2019-12-19,2020-01-09,,32818,102153,2
1375809,2019-12-19,2020-01-09,,32849,82028,2
1375810,2019-12-19,2020-01-09,,32889,923650,2
1375811,2019-12-19,2020-01-09,,33029,386982,2
1375812,2019-12-19,2020-01-09,,33062,354448,2
1375813,2019-12-19,2020-01-09,2019-12-30,33132,659020,1
1375814,2019-12-19,2020-01-09,,33161,16098,2
1375815,2019-12-19,2020-01-09,,33503,558925,2
1375816,2019-12-19,2020-01-09,,33533,151332,2
1375817,2019-12-19,2020-01-09,,33583,128493,2
1375818,2019-12-19,2020-01-09,,33741,630880,2
1375819,2019-12-19,2020-01-09,,33974,121070,2
1375820,2019-12-19,2020-01-09,,33984,726554,2
1375821,2019-12-19,2020-01-09,,34074,61588,2
1375822,2019-12-19,2020-01-09,,34290,456937,2
1375823,2019-12-19,2020-01-09,,34316,903013,2
1375824,2019-12-19,2020-01-09,,34370,907260,2
1375825,2019-12-19,2020-01-09,,34559,671381,2
1375826,2019-12-19,2020-01-09,,34594,668880,2
1375827,2019-12-19,2020-01-09,,34850,497554,2
1375828,2019-12-19,2020-01-09,,34850,549672,2
1375829,2019-12-19,2020-01-09,,34910,76447,2
1375830,2019-12-19,2020-01-09,,35004,733244,2
1375831,2019-12-19,2020-01-09,,35033,405455,2
1375832,2019-12-19,2020-01-09,,35110,778804,2
1375833,2019-12-19,2020-01-09,,35157,449198,2
1375834,2019-12-19,2020-01-09,,35306,434081,2
1375835,2019-12-19,2020-01-09,,35371,211859,2
1375836,2019-12-19,2020-01-09,,35415,1649,2
1375837,2019-12-19,2020-01-09,,35459,580192,2
1375838,2019-12-19,2020-01-09,,35462,723100,2
1375839,2019-12-19,2020-01-09,,35643,519434,2
1375840,2019-12-19,2020-01-09,,35643,663966,2
1375841,2019-12-19,2020-01-09,,35643,703962,2
1375842,2019-12-19,2020-01-09,,35767,113156,2
1375843,2019-12-19,2020-01-09,,35788,689954,2
1375844,2019-12-19,2020-01-09,,35792,644846,2
1375845,2019-12-19,2020-01-09,,35935,498210,2
1375846,2019-12-19,2020-01-09,,35961,738085,2
1375847,2019-12-19,2020-01-09,,36113,609179,2
1375848,2019-12-19,2020-01-09,,36113,699905,2
1375849,2019-12-19,2020-01-09,,36158,86033,2
1375850,2019-12-19,2020-01-09,,36471,840281,2
1375851,2019-12-19,2020-01-09,,36661,366995,2
1375852,2019-12-19,2020-01-09,,36667,891956,2
1375853,2019-12-19,2020-01-09,,36675,533405,2
1375854,2019-12-19,2020-01-09,,36675,883954,2
1375855,2019-12-19,2020-01-09,,36985,43045,2
1375856,2019-12-19,2020-01-09,,37042,424558,2
1375857,2019-12-19,2020-01-09,,37047,449134,2
1375858,2019-12-19,2020-01-09,,37128,688021,2
1375859,2019-12-19,2020-01-09,,37201,779898,2
1375860,2019-12-19,2020-01-09,,37433,842445,2
1375861,2019-12-19,2020-01-09,,37452,340524,2
1375862,2019-12-19,2020-01-09,,37544,822867,2
1375863,2019-12-19,2020-01-09,,37547,113492,2
1375864,2019-12-19,2020-01-09,,37645,478473,2
1375865,2019-12-19,2020-01-09,,37690,158315,2
1375866,2019-12-19,2020-01-09,,37694,621560,2
1375867,2019-12-19,2020-01-09,,37971,463469,2
1375868,2019-12-19,2020-01-09,,38179,109761,2
1375869,2019-12-19,2020-01-09,,38236,173069,2
1375870,2019-12-19,2020-01-09,,38283,89608,2
1375871,2019-12-19,2020-01-09,,38301,909588,2
1375872,2019-12-19,2020-01-09,,38342,89777,2
1375873,2019-12-19,2020-01-09,,38368,469878,2
1375874,2019-12-19,2020-01-09,,38368,507228,2
1375875,2019-12-19,2020-01-09,,38407,390058,2
1375876,2019-12-19,2020-01-09,,38680,563908,2
1375877,2019-12-19,2020-01-09,,38792,285826,2
1375878,2019-12-19,2020-01-09,,38879,47645,2
1375879,2019-12-19,2020-01-09,,38880,933374,2
1375880,2019-12-19,2020-01-09,,38954,269291,2
1375881,2019-12-19,2020-01-09,,38954,572028,2
1375882,2019-12-19,2020-01-09,,38954,646383,2
1375883,2019-12-19,2020-01-09,,38954,775144,2
1375884,2019-12-19,2020-01-09,,39472,844477,2
1375885,2019-12-19,2020-01-09,,39591,677526,2
1375886,2019-12-19,2020-01-09,,39780,684639,2
1375887,2019-12-19,2020-01-09,,39901,402420,2
1375888,2019-12-19,2020-01-09,,40138,104422,2
1375889,2019-12-19,2020-01-09,,40290,3197,2
1375890,2019-12-19,2020-01-09,,40338,14476,2
1375891,2019-12-19,2020-01-09,,40338,686729,2
1375892,2019-12-19,2020-01-09,,40384,343943,2
1375893,2019-12-19,2020-01-09,,40388,794131,2
1375894,2019-12-19,2020-01-09,,40526,793102,2
1375895,2019-12-19,2020-01-09,,40578,327153,2
1375896,2019-12-19,2020-01-09,,40578,754791,2
1375897,2019-12-19,2020-01-09,,40613,438269,2
1375898,2019-12-19,2020-01-09,,40666,737867,2
1375899,2019-12-19,2020-01-09,,40676,567571,2
1375900,2019-12-19,2020-01-09,,40847,203142,2
1375901,2019-12-19,2020-01-09,,40849,395234,2
1375902,2019-12-19,2020-01-09,,40908,504301,2
1375903,2019-12-19,2020-01-09,,40932,884883,2
1375904,2019-12-19,2020-01-09,,40942,833431,2
1375905,2019-12-19,2020-01-09,,40975,147555,2
1375906,2019-12-19,2020-01-09,,40991,60091,2
1375907,2019-12-19,2020-01-09,,41015,234483,2
1375908,2019-12-19,2020-01-09,,41066,364718,2
1375909,2019-12-19,2020-01-09,,41240,49504,2
1375910,2019-12-19,2020-01-09,,41240,671172,2
1375911,2019-12-19,2020-01-09,,41396,908214,2
1375912,2019-12-19,2020-01-09,,41827,630330,2
1375913,2019-12-19,2020-01-09,,41827,843852,2
1375914,2019-12-19,2020-01-09,,42053,814154,2
1375915,2019-12-19,2020-01-09,,42384,861925,2
1375916,2019-12-19,2020-01-09,,42444,791201,2
1375917,2019-12-19,2020-01-09,,42469,898982,2
1375918,2019-12-19,2020-01-09,,42580,798180,2
1375919,2019-12-19,2020-01-09,,42768,336435,2
1375920,2019-12-19,2020-01-09,,42896,647243,2
1375921,2019-12-19,2020-01-09,,43068,693385,2
1375922,2019-12-19,2020-01-09,,43139,267620,2
1375923,2019-12-19,2020-01-09,,43139,627929,2
1375924,2019-12-19,2020-01-09,,43139,823385,2
1375925,2019-12-19,2020-01-09,,43291,389767,2
1375926,2019-12-19,2020-01-09,,43320,818844,2
1375927,2019-12-19,2020-01-09,,43322,79651,2
1375928,2019-12-19,2020-01-09,,43392,305788,2
1375929,2019-12-19,2020-01-09,,43431,110709,2
1375930,2019-12-19,2020-01-09,,43431,117359,2
1375931,2019-12-19,2020-01-09,,43487,466298,2
1375932,2019-12-19,2020-01-09,,43554,165887,2
1375933,2019-12-19,2020-01-09,,43563,872935,2
1375934,2019-12-19,2020-01-09,,43564,587577,2
1375935,2019-12-19,2020-01-09,,43615,44523,2
1375936,2019-12-19,2020-01-09,,43673,650073,2
1375937,2019-12-19,2020-01-09,,43705,189720,2
1375938,2019-12-19,2020-01-09,,43809,8282,2
1375939,2019-12-19,2020-01-09,,43930,551460,2
1375940,2019-12-19,2020-01-09,,43961,354277,2
1375941,2019-12-19,2020-01-09,,44016,103888,2
1375942,2019-12-19,2020-01-09,,44098,482995,2
1375943,2019-12-19,2020-01-09,,44263,206239,2
1375944,2019-12-19,2020-01-09,,44296,267805,2
1375945,2019-12-19,2020-01-09,,44296,798415,2
1375946,2019-12-19,2020-01-09,,44296,894891,2
1375947,2019-12-19,2020-01-09,,44296,952624,2
1375948,2019-12-19,2020-01-09,,44431,552606,2
1375949,2019-12-19,2020-01-09,,44518,588197,2
1375950,2019-12-19,2020-01-09,,44529,720008,2
1375951,2019-12-19,2020-01-09,,44731,414883,2
1375952,2019-12-19,2020-01-09,,44904,88989,2
1375953,2019-12-19,2020-01-09,,44973,703777,2
1375954,2019-12-19,2020-01-09,,45277,545138,2
1375955,2019-12-19,2020-01-09,,45382,792044,2
1375956,2019-12-19,2020-01-09,,45635,732443,2
1375957,2019-12-19,2020-01-09,,45750,502207,2
1375958,2019-12-19,2020-01-09,,45982,72854,2
1375959,2019-12-19,2020-01-09,,45982,147562,2
1375960,2019-12-19,2020-01-09,2019-12-30,46125,663456,1
1375961,2019-12-19,2020-01-09,,46300,829573,2
1375962,2019-12-19,2020-01-09,,46384,115321,2
1375963,2019-12-19,2020-01-09,,46457,248252,2
1375964,2019-12-19,2020-01-09,,46459,118948,2
1375965,2019-12-19,2020-01-09,,46557,915160,2
1375966,2019-12-19,2020-01-09,,46639,546889,2
1375967,2019-12-19,2020-01-09,,46826,83640,2
1375968,2019-12-19,2020-01-09,,46925,856191,2
1375969,2019-12-19,2020-01-09,,46964,759601,2
1375970,2019-12-19,2020-01-09,,47159,141740,2
1375971,2019-12-19,2020-01-09,,47184,793233,2
1375972,2019-12-19,2020-01-09,,47340,188132,2
1375973,2019-12-19,2020-01-09,,47513,876576,2
1375974,2019-12-19,2020-01-09,,47571,435051,2
1375975,2019-12-19,2020-01-09,,47659,20489,2
1375976,2019-12-19,2020-01-09,,47659,649977,2
1375977,2019-12-19,2020-01-09,,47747,702173,2
1375978,2019-12-19,2020-01-09,,47765,42185,2
1375979,2019-12-19,2020-01-09,,47896,926628,2
1375980,2019-12-19,2020-01-09,,47959,223525,2
1375981,2019-12-19,2020-01-09,,47988,665863,2
1375982,2019-12-19,2020-01-09,,48075,606843,2
1375983,2019-12-19,2020-01-09,,48260,150788,2
1375984,2019-12-19,2020-01-09,,48260,442806,2
1375985,2019-12-19,2020-01-09,,48417,580187,2
1375986,2019-12-19,2020-01-09,,48945,508734,2
1375987,2019-12-19,2020-01-09,,49071,311635,2
1375988,2019-12-19,2020-01-09,,49125,677281,2
1375989,2019-12-19,2020-01-09,,49179,516853,2
1375990,2019-12-19,2020-01-09,,49262,825505,2
1375991,2019-12-19,2020-01-09,,49456,344431,2
1375992,2019-12-19,2020-01-09,,49594,867940,2
1375993,2019-12-19,2020-01-09,,49790,653447,2
1375994,2019-12-19,2020-01-09,,49795,221717,2
1375995,2019-12-19,2020-01-09,,49879,299224,2
1375996,2019-12-19,2020-01-09,,49901,851816,2
1375997,2019-12-19,2020-01-09,,49962,828929,2
1375998,2019-12-19,2020-01-09,2019-12-30,49962,880868,1
1375999,2019-12-19,2020-01-09,,50136,202086,2
1376000,2019-12-19,2020-01-09,,50159,112172,2
1376001,2019-12-19,2020-01-09,,50181,50277,2
1376002,2019-12-19,2020-01-09,,50262,587585,2
1376003,2019-12-19,2020-01-09,,50357,132007,2
1376004,2019-12-19,2020-01-09,,50490,429896,2
1376005,2019-12-19,2020-01-09,,50531,296687,2
1376006,2019-12-19,2020-01-09,,50531,859821,2
1376007,2019-12-19,2020-01-09,,50984,131216,2
1376008,2019-12-19,2020-01-09,,51024,193155,2
1376009,2019-12-19,2020-01-09,,51049,177075,2
1376010,2019-12-19,2020-01-09,,51121,665285,2
1376011,2019-12-19,2020-01-09,,51166,670199,2
1376012,2019-12-19,2020-01-09,,51200,608982,2
1376013,2019-12-19,2020-01-09,,51241,104228,2
1376014,2019-12-19,2020-01-09,,51282,631545,2
1376015,2019-12-19,2020-01-09,,51467,737366,2
1376016,2019-12-19,2020-01-09,,51487,202281,2
1376017,2019-12-19,2020-01-09,,51487,501092,2
1376018,2019-12-19,2020-01-09,,51505,919066,2
1376019,2019-12-19,2020-01-09,,51549,634929,2
1376020,2019-12-19,2020-01-09,,51605,224624,2
1376021,2019-12-19,2020-01-09,,51652,806570,2
1376022,2019-12-19,2020-01-09,,51682,603159,2
1376023,2019-12-19,2020-01-09,,51699,65578,2
1376024,2019-12-19,2020-01-09,,51772,527228,2
1376025,2019-12-19,2020-01-09,,51825,621581,2
1376026,2019-12-19,2020-01-09,,51909,221277,2
1376027,2019-12-19,2020-01-09,,51985,595587,2
1376028,2019-12-19,2020-01-09,,52016,97611,2
1376029,2019-12-19,2020-01-09,,52016,138418,2
1376030,2019-12-19,2020-01-09,,52016,604718,2
1376031,2019-12-19,2020-01-09,,52081,33841,2
1376032,2019-12-19,2020-01-09,,52093,598822,2
1376033,2019-12-19,2020-01-09,,52220,830069,2
1376034,2019-12-19,2020-01-09,,52368,952349,2
1376035,2019-12-19,2020-01-09,,52457,910191,2
1376036,2019-12-19,2020-01-09,,52503,951559,2
1376037,2019-12-19,2020-01-09,,52759,625337,2
1376038,2019-12-19,2020-01-09,,52773,498244,2
1376039,2019-12-19,2020-01-09,,52799,778422,2
1376040,2019-12-19,2020-01-09,,52862,575655,2
1376041,2019-12-19,2020-01-09,,52938,246262,2
1376042,2019-12-19,2020-01-09,,53207,164811,2
1376043,2019-12-19,2020-01-09,,53439,469584,2
1376044,2019-12-19,2020-01-09,2019-12-30,53517,335774,1
1376045,2019-12-19,2020-01-09,,53544,209815,2
1376046,2019-12-19,2020-01-09,,53681,640084,2
1376047,2019-12-19,2020-01-09,,53725,256195,2
1376048,2019-12-19,2020-01-09,,53824,510553,2
1376049,2019-12-19,2020-01-09,,53857,763988,2
1376050,2019-12-19,2020-01-09,,54269,44023,2
1376051,2019-12-19,2020-01-09,,54561,265344,2
1376052,2019-12-19,2020-01-09,,54563,86028,2
1376053,2019-12-19,2020-01-09,,54605,254104,2
1376054,2019-12-19,2020-01-09,2019-12-30,54609,49491,1
1376055,2019-12-19,2020-01-09,,54627,516712,2
1376056,2019-12-19,2020-01-09,,54674,230677,2
1376057,2019-12-19,2020-01-09,,54895,527229,2
1376058,2019-12-19,2020-01-09,,54989,298203,2
1376059,2019-12-19,2020-01-09,,54994,164095,2
1376060,2019-12-19,2020-01-09,,55016,322711,2
1376061,2019-12-19,2020-01-09,,55298,208222,2
1376062,2019-12-19,2020-01-09,,55310,132361,2
1376063,2019-12-19,2020-01-09,,55354,658964,2
1376064,2019-12-19,2020-01-09,,55601,588396,2
1376065,2019-12-19,2020-01-09,,55666,168865,2
1376066,2019-12-19,2020-01-09,,55666,395222,2
1376067,2019-12-19,2020-01-09,,55666,808784,2
1376068,2019-12-19,2020-01-09,,55674,145862,2
1376069,2019-12-19,2020-01-09,,55674,148879,2
1376070,2019-12-19,2020-01-09,,55674,478038,2
1376071,2019-12-19,2020-01-09,,55674,483567,2
1376072,2019-12-19,2020-01-09,,55674,553754,2
1376073,2019-12-19,2020-01-09,2019-12-31,55750,647109,1
1376074,2019-12-19,2020-01-09,,55767,546362,2
1376075,2019-12-19,2020-01-09,,55784,18232,2
1376076,2019-12-19,2020-01-09,,55991,829641,2
1376077,2019-12-19,2020-01-09,,56061,158765,2
1376078,2019-12-19,2020-01-09,,56384,783418,2
1376079,2019-12-19,2020-01-09,,56403,949557,2
1376080,2019-12-19,2020-01-09,,56483,59490,2
1376081,2019-12-19,2020-01-09,,56655,889422,2
1376082,2019-12-19,2020-01-09,,56765,705829,2
1376083,2019-12-19,2020-01-09,,56806,606750,2
1376084,2019-12-19,2020-01-09,,56916,834553,2
1376085,2019-12-19,2020-01-09,,56965,33023,2
1376086,2019-12-19,2020-01-09,,57023,606144,2
1376087,2019-12-19,2020-01-09,,57049,891778,2
1376088,2019-12-19,2020-01-09,,57127,126967,2
1376089,2019-12-19,2020-01-09,,57127,180553,2
1376090,2019-12-19,2020-01-09,,57127,462489,2
1376091,2019-12-19,2020-01-09,,57127,576583,2
1376092,2019-12-19,2020-01-09,,57127,653129,2
1376093,2019-12-19,2020-01-09,,57127,681038,2
1376094,2019-12-19,2020-01-09,,57132,483920,2
1376095,2019-12-19,2020-01-09,,57198,443794,2
1376096,2019-12-19,2020-01-09,,57228,944553,2
1376097,2019-12-19,2020-01-09,,57279,285585,2
1376098,2019-12-19,2020-01-09,,57280,428140,2
1376099,2019-12-19,2020-01-09,,57331,416403,2
1376100,2019-12-19,2020-01-09,,57331,767674,2
1376101,2019-12-19,2020-01-09,,57547,456034,2
1376102,2019-12-19,2020-01-09,,57679,370600,2
1376103,2019-12-19,2020-01-09,,57686,909343,2
1376104,2019-12-19,2020-01-09,2019-12-30,57879,241430,1
1376105,2019-12-19,2020-01-09,,57883,810745,2
1376106,2019-12-19,2020-01-09,,57961,503858,2
1376107,2019-12-19,2020-01-09,,58260,47016,2
1376108,2019-12-19,2020-01-09,,58534,693108,2
1376109,2019-12-19,2020-01-09,,58589,130953,2
1376110,2019-12-19,2020-01-09,,58694,771167,2
1376111,2019-12-19,2020-01-09,,58706,93074,2
1376112,2019-12-19,2020-01-09,,58758,486316,2
1376113,2019-12-19,2020-01-09,,58774,372842,2
1376114,2019-12-19,2020-01-09,,58804,499559,2
1376115,2019-12-19,2020-01-09,,58896,161174,2
1376116,2019-12-19,2020-01-09,,59030,220174,2
1376117,2019-12-19,2020-01-09,2019-12-29,59067,780064,1
1376118,2019-12-19,2020-01-09,,59202,159852,2
1376119,2019-12-19,2020-01-09,,59202,341202,2
1376120,2019-12-19,2020-01-09,,59294,517695,2
1376121,2019-12-19,2020-01-09,,59472,881439,2
1376122,2019-12-19,2020-01-09,,59560,327400,2
1376123,2019-12-19,2020-01-09,,59720,430630,2
1376124,2019-12-19,2020-01-09,,59720,517230,2
1376125,2019-12-19,2020-01-09,,59739,65726,2
1376126,2019-12-19,2020-01-09,,59739,112370,2
1376127,2019-12-19,2020-01-09,,59739,155095,2
1376128,2019-12-19,2020-01-09,,59739,415096,2
1376129,2019-12-19,2020-01-09,,59739,421925,2
1376130,2019-12-19,2020-01-09,,59739,442516,2
1376131,2019-12-19,2020-01-09,,59739,570463,2
1376132,2019-12-19,2020-01-09,,59739,654267,2
1376133,2019-12-19,2020-01-09,,59739,740308,2
1376134,2019-12-19,2020-01-09,,59739,903553,2
1376135,2019-12-19,2020-01-09,,59742,579548,2
1376136,2019-12-19,2020-01-09,,59745,626995,2
1376137,2019-12-19,2020-01-09,,59782,780990,2
1376138,2019-12-19,2020-01-09,,60020,604849,2
1376139,2019-12-19,2020-01-09,,60033,872226,2
1376140,2019-12-19,2020-01-09,,60103,192316,2
1376141,2019-12-19,2020-01-09,,60187,336189,2
1376142,2019-12-19,2020-01-09,,60234,299738,2
1376143,2019-12-19,2020-01-09,,60243,691070,2
1376144,2019-12-19,2020-01-09,,60331,442612,2
1376145,2019-12-19,2020-01-09,,60395,195015,2
1376146,2019-12-19,2020-01-09,,60595,279874,2
1376147,2019-12-19,2020-01-09,,60782,558665,2
1376148,2019-12-19,2020-01-09,,60868,533148,2
1376149,2019-12-19,2020-01-09,,60868,808336,2
1376150,2019-12-19,2020-01-09,,60986,483074,2
1376151,2019-12-19,2020-01-09,,61166,624186,2
1376152,2019-12-19,2020-01-09,,61169,706655,2
1376153,2019-12-19,2020-01-09,,61516,423291,2
1376154,2019-12-19,2020-01-09,,61538,889434,2
1376155,2019-12-19,2020-01-09,,61548,332194,2
1376156,2019-12-19,2020-01-09,,61634,43706,2
1376157,2019-12-19,2020-01-09,,61697,820375,2
1376158,2019-12-19,2020-01-09,,61820,154821,2
1376159,2019-12-19,2020-01-09,,62050,927335,2
1376160,2019-12-19,2020-01-09,,62166,625798,2
1376161,2019-12-19,2020-01-09,,62174,712321,2
1376162,2019-12-19,2020-01-09,,62296,55406,2
1376163,2019-12-19,2020-01-09,,62335,114624,2
1376164,2019-12-19,2020-01-09,,62350,934420,2
1376165,2019-12-19,2020-01-09,,62392,864909,2
1376166,2019-12-19,2020-01-09,,62399,247108,2
1376167,2019-12-19,2020-01-09,,62427,265180,2
1376168,2019-12-19,2020-01-09,,62427,273977,2
1376169,2019-12-19,2020-01-09,,62456,698390,2
1376170,2019-12-19,2020-01-09,,62485,831644,2
1376171,2019-12-19,2020-01-09,,62572,447643,2
1376172,2019-12-19,2020-01-09,,62582,207789,2
1376173,2019-12-19,2020-01-09,,62632,713844,2
1376174,2019-12-19,2020-01-09,,62664,729817,2
1376175,2019-12-19,2020-01-09,,62904,950150,2
1376176,2019-12-19,2020-01-09,,63005,670965,2
1376177,2019-12-19,2020-01-09,,63113,285989,2
1376178,2019-12-19,2020-01-09,,63131,97025,2
1376179,2019-12-19,2020-01-09,,63290,484091,2
1376180,2019-12-19,2020-01-09,,63302,82218,2
1376181,2019-12-19,2020-01-09,,63331,796466,2
1376182,2019-12-19,2020-01-09,,63482,937332,2
1376183,2019-12-19,2020-01-09,,63751,50157,2
1376184,2019-12-19,2020-01-09,,63756,800686,2
1376185,2019-12-19,2020-01-09,,64082,21545,2
1376186,2019-12-19,2020-01-09,,64082,452361,2
1376187,2019-12-19,2020-01-09,,64173,688869,2
1376188,2019-12-19,2020-01-09,,64216,523875,2
1376189,2019-12-19,2020-01-09,,64502,453469,2
1376190,2019-12-19,2020-01-09,,64519,45616,2
1376191,2019-12-19,2020-01-09,,64532,236286,2
1376192,2019-12-19,2020-01-09,,64739,844553,2
1376193,2019-12-19,2020-01-09,,64877,932799,2
1376194,2019-12-19,2020-01-09,,64891,469703,2
1376195,2019-12-19,2020-01-09,,64905,857233,2
1376196,2019-12-19,2020-01-09,2019-12-30,64920,126012,1
1376197,2019-12-19,2020-01-09,,64921,600571,2
1376198,2019-12-19,2020-01-09,,64940,360048,2
1376199,2019-12-19,2020-01-09,,65063,254929,2
1376200,2019-12-19,2020-01-09,,65077,249560,2
1376201,2019-12-19,2020-01-09,,65098,284988,2
1376202,2019-12-19,2020-01-09,,65242,881437,2
1376203,2019-12-19,2020-01-09,,65249,643881,2
1376204,2019-12-19,2020-01-09,,65249,772297,2
1376205,2019-12-19,2020-01-09,,65299,412503,2
1376206,2019-12-19,2020-01-09,,65346,823179,2
1376207,2019-12-19,2020-01-09,,65689,901,2
1376208,2019-12-19,2020-01-09,,65689,236351,2
1376209,2019-12-19,2020-01-09,,65736,826272,2
1376210,2019-12-19,2020-01-09,,65769,836375,2
1376211,2019-12-19,2020-01-09,,65777,490255,2
1376212,2019-12-19,2020-01-09,,65806,46876,2
1376213,2019-12-19,2020-01-09,,65825,170908,2
1376214,2019-12-19,2020-01-09,,65825,866649,2
1376215,2019-12-19,2020-01-09,,65942,761,2
1376216,2019-12-19,2020-01-09,,66031,844528,2
1376217,2019-12-19,2020-01-09,,66045,301269,2
1376218,2019-12-19,2020-01-09,,66132,712003,2
1376219,2019-12-19,2020-01-09,,66157,288440,2
1376220,2019-12-19,2020-01-09,,66181,477667,2
1376221,2019-12-19,2020-01-09,,66289,698955,2
1376222,2019-12-19,2020-01-09,,66296,145630,2
1376223,2019-12-19,2020-01-09,,66318,321941,2
1376224,2019-12-19,2020-01-09,,66385,462330,2
1376225,2019-12-19,2020-01-09,,66385,693010,2
1376226,2019-12-19,2020-01-09,,66385,697332,2
1376227,2019-12-19,2020-01-09,,66400,95590,2
1376228,2019-12-19,2020-01-09,,66502,602926,2
1376229,2019-12-19,2020-01-09,,66502,742523,2
1376230,2019-12-19,2020-01-09,,66524,186296,2
1376231,2019-12-19,2020-01-09,,66903,37286,2
1376232,2019-12-19,2020-01-09,,66908,668204,2
1376233,2019-12-19,2020-01-09,,67027,781977,2
1376234,2019-12-19,2020-01-09,,67086,403268,2
1376235,2019-12-19,2020-01-09,,67117,662644,2
1376236,2019-12-19,2020-01-09,,67142,651970,2
1376237,2019-12-19,2020-01-09,,67180,656314,2
1376238,2019-12-19,2020-01-09,,67213,582621,2
1376239,2019-12-19,2020-01-09,,67226,428177,2
1376240,2019-12-19,2020-01-09,,67267,430845,2
1376241,2019-12-19,2020-01-09,,67289,809462,2
1376242,2019-12-19,2020-01-09,,67299,442536,2
1376243,2019-12-19,2020-01-09,,67457,913069,2
1376244,2019-12-19,2020-01-09,,67472,24230,2
1376245,2019-12-19,2020-01-09,,67472,310421,2
1376246,2019-12-19,2020-01-09,,67472,440535,2
1376247,2019-12-19,2020-01-09,,67476,627813,2
1376248,2019-12-19,2020-01-09,,67571,334627,2
1376249,2019-12-19,2020-01-09,,67571,360432,2
1376250,2019-12-19,2020-01-09,,67571,598727,2
1376251,2019-12-19,2020-01-09,,67571,830202,2
1376252,2019-12-19,2020-01-09,,67595,892765,2
1376253,2019-12-19,2020-01-09,,67626,591389,2
1376254,2019-12-19,2020-01-09,,67930,167864,2
1376255,2019-12-19,2020-01-09,,67946,222929,2
1376256,2019-12-19,2020-01-09,,67959,96988,2
1376257,2019-12-19,2020-01-09,,68002,601277,2
1376258,2019-12-19,2020-01-09,,68177,151605,2
1376259,2019-12-19,2020-01-09,,68177,478635,2
1376260,2019-12-19,2020-01-09,,68343,271252,2
1376261,2019-12-19,2020-01-09,,68624,289583,2
1376262,2019-12-19,2020-01-09,,68753,918513,2
1376263,2019-12-19,2020-01-09,,68887,222975,2
1376264,2019-12-19,2020-01-09,,68916,865350,2
1376265,2019-12-19,2020-01-09,,68980,554599,2
1376266,2019-12-19,2020-01-09,,68980,598625,2
1376267,2019-12-19,2020-01-09,,68980,668561,2
1376268,2019-12-19,2020-01-09,,69017,247487,2
1376269,2019-12-19,2020-01-09,,69029,901312,2
1376270,2019-12-19,2020-01-09,,69156,17739,2
1376271,2019-12-19,2020-01-09,,69159,629613,2
1376272,2019-12-19,2020-01-09,,69221,394113,2
1376273,2019-12-19,2020-01-09,,69286,810754,2
1376274,2019-12-19,2020-01-09,,69334,197076,2
1376275,2019-12-19,2020-01-09,,69365,203865,2
1376276,2019-12-19,2020-01-09,,69384,407636,2
1376277,2019-12-19,2020-01-09,,69466,729093,2
1376278,2019-12-19,2020-01-09,,69586,750499,2
1376279,2019-12-19,2020-01-09,,69835,492944,2
1376280,2019-12-19,2020-01-09,,70010,773920,2
1376281,2019-12-19,2020-01-09,,70064,864910,2
1376282,2019-12-19,2020-01-09,,70095,411835,2
1376283,2019-12-19,2020-01-09,,70132,231169,2
1376284,2019-12-19,2020-01-09,,70267,45359,2
1376285,2019-12-19,2020-01-09,,70274,39049,2
1376286,2019-12-19,2020-01-09,,70353,181185,2
1376287,2019-12-19,2020-01-09,,70445,165350,2
1376288,2019-12-19,2020-01-09,,70445,335289,2
1376289,2019-12-19,2020-01-09,,70445,561343,2
1376290,2019-12-19,2020-01-09,,70663,743006,2
1376291,2019-12-19,2020-01-09,,70767,274318,2
1376292,2019-12-19,2020-01-09,,70840,243437,2
1376293,2019-12-19,2020-01-09,,70885,336084,2
1376294,2019-12-19,2020-01-09,,70889,26966,2
1376295,2019-12-19,2020-01-09,,70949,308262,2
1376296,2019-12-19,2020-01-09,,71034,596915,2
1376297,2019-12-19,2020-01-09,,71144,57969,2
1376298,2019-12-19,2020-01-09,,71144,476354,2
1376299,2019-12-19,2020-01-09,,71144,843146,2
1376300,2019-12-19,2020-01-09,,71144,866639,2
1376301,2019-12-19,2020-01-09,,71159,829695,2
1376302,2019-12-19,2020-01-09,,71333,136251,2
1376303,2019-12-19,2020-01-09,,71447,918933,2
1376304,2019-12-19,2020-01-09,,71486,45585,2
1376305,2019-12-19,2020-01-09,,71563,952937,2
1376306,2019-12-19,2020-01-09,,71569,585512,2
1376307,2019-12-19,2020-01-09,,71584,373846,2
1376308,2019-12-19,2020-01-09,,71681,527323,2
1376309,2019-12-19,2020-01-09,,71909,182894,2
1376310,2019-12-19,2020-01-09,,71910,938701,2
1376311,2019-12-19,2020-01-09,,72024,444177,2
1376312,2019-12-19,2020-01-09,,72067,485604,2
1376313,2019-12-19,2020-01-09,,72250,262671,2
1376314,2019-12-19,2020-01-09,,72297,686702,2
1376315,2019-12-19,2020-01-09,,72297,808144,2
1376316,2019-12-19,2020-01-09,,72300,397041,2
1376317,2019-12-19,2020-01-09,,72457,920213,2
1376318,2019-12-19,2020-01-09,,72801,272920,2
1376319,2019-12-19,2020-01-09,2019-12-31,72842,319347,1
1376320,2019-12-19,2020-01-09,,72877,832142,2
1376321,2019-12-19,2020-01-09,,72995,367891,2
1376322,2019-12-19,2020-01-09,,73113,99767,2
1376323,2019-12-19,2020-01-09,,73223,630470,2
1376324,2019-12-19,2020-01-09,,73304,60053,2
1376325,2019-12-19,2020-01-09,,73740,511449,2
1376326,2019-12-19,2020-01-09,,73811,742772,2
1376327,2019-12-19,2020-01-09,,73826,694806,2
1376328,2019-12-19,2020-01-09,,73844,109603,2
1376329,2019-12-19,2020-01-09,,73896,742310,2
1376330,2019-12-19,2020-01-09,,73896,782702,2
1376331,2019-12-19,2020-01-09,,74389,682992,2
1376332,2019-12-19,2020-01-09,2019-12-31,74654,3558,1
1376333,2019-12-19,2020-01-09,,74654,167601,2
1376334,2019-12-19,2020-01-09,,74668,23509,2
1376335,2019-12-19,2020-01-09,,74717,433077,2
1376336,2019-12-19,2020-01-09,,74907,616051,2
1376337,2019-12-19,2020-01-09,,74983,463755,2
1376338,2019-12-19,2020-01-09,,74983,907820,2
1376339,2019-12-19,2020-01-09,,75080,275159,2
1376340,2019-12-19,2020-01-09,,75080,625943,2
1376341,2019-12-19,2020-01-09,,75080,633892,2
1376342,2019-12-19,2020-01-09,,75129,862682,2
1376343,2019-12-19,2020-01-09,,75195,344616,2
1376344,2019-12-19,2020-01-09,,75206,61242,2
1376345,2019-12-19,2020-01-09,,75252,925027,2
1376346,2019-12-19,2020-01-09,,75283,647998,2
1376347,2019-12-19,2020-01-09,,75322,589488,2
1376348,2019-12-19,2020-01-09,,75469,816206,2
1376349,2019-12-19,2020-01-09,,75834,925437,2
1376350,2019-12-19,2020-01-09,,75866,85999,2
1376351,2019-12-19,2020-01-09,,75891,512527,2
1376352,2019-12-19,2020-01-09,,75931,469773,2
1376353,2019-12-19,2020-01-09,,76245,67275,2
1376354,2019-12-19,2020-01-09,,76245,330015,2
1376355,2019-12-19,2020-01-09,,76323,773902,2
1376356,2019-12-19,2020-01-09,,76371,687628,2
1376357,2019-12-19,2020-01-09,,76465,530461,2
1376358,2019-12-19,2020-01-09,,76659,359914,2
1376359,2019-12-19,2020-01-09,,76661,18458,2
1376360,2019-12-19,2020-01-09,,76671,395328,2
1376361,2019-12-19,2020-01-09,,76840,29989,2
1376362,2019-12-19,2020-01-09,,77232,209927,2
1376363,2019-12-19,2020-01-09,,77232,516422,2
1376364,2019-12-19,2020-01-09,,77232,915497,2
1376365,2019-12-19,2020-01-09,,77301,143585,2
1376366,2019-12-19,2020-01-09,,77301,371969,2
1376367,2019-12-19,2020-01-09,,77321,98124,2
1376368,2019-12-19,2020-01-09,,77420,302626,2
1376369,2019-12-19,2020-01-09,,77473,44764,2
1376370,2019-12-19,2020-01-09,,77538,253469,2
1376371,2019-12-19,2020-01-09,,77632,318370,2
1376372,2019-12-19,2020-01-09,,77898,517837,2
1376373,2019-12-19,2020-01-09,,78137,944698,2
1376374,2019-12-19,2020-01-09,,78211,905538,2
1376375,2019-12-19,2020-01-09,,78566,226731,2
1376376,2019-12-19,2020-01-09,,78585,747618,2
1376377,2019-12-19,2020-01-09,,78649,336817,2
1376378,2019-12-19,2020-01-09,,78724,41045,2
1376379,2019-12-19,2020-01-09,,78724,66189,2
1376380,2019-12-19,2020-01-09,,78724,236938,2
1376381,2019-12-19,2020-01-09,,78804,5925,2
1376382,2019-12-19,2020-01-09,,78928,883263,2
1376383,2019-12-19,2020-01-09,,78958,944610,2
1376384,2019-12-19,2020-01-09,,79033,104551,2
1376385,2019-12-19,2020-01-09,,79095,889894,2
1376386,2019-12-19,2020-01-09,,79149,142441,2
1376387,2019-12-19,2020-01-09,,79160,125995,2
1376388,2019-12-19,2020-01-09,,79221,844662,2
1376389,2019-12-19,2020-01-09,,79285,79702,2
1376390,2019-12-19,2020-01-09,,79475,211915,2
1376391,2019-12-19,2020-01-09,,79652,255200,2
1376392,2019-12-19,2020-01-09,,79785,768248,2
1376393,2019-12-19,2020-01-09,,79882,74730,2
1376394,2019-12-19,2020-01-09,,79923,882324,2
1376395,2019-12-19,2020-01-09,,80063,34316,2
1376396,2019-12-19,2020-01-09,,80063,736754,2
1376397,2019-12-19,2020-01-09,,80063,887493,2
1376398,2019-12-19,2020-01-09,,80171,334446,2
1376399,2019-12-19,2020-01-09,,80425,645244,2
1376400,2019-12-19,2020-01-09,,80472,134934,2
1376401,2019-12-19,2020-01-09,,80492,356295,2
1376402,2019-12-19,2020-01-09,,80723,700443,2
1376403,2019-12-19,2020-01-09,,80780,9570,2
1376404,2019-12-19,2020-01-09,,80780,745429,2
1376405,2019-12-19,2020-01-09,,80791,511181,2
1376406,2019-12-19,2020-01-09,,80822,93090,2
1376407,2019-12-19,2020-01-09,,81030,423608,2
1376408,2019-12-19,2020-01-09,,81075,66279,2
1376409,2019-12-19,2020-01-09,,81185,77299,2
1376410,2019-12-19,2020-01-09,,81186,62696,2
1376411,2019-12-19,2020-01-09,,81444,442620,2
1376412,2019-12-19,2020-01-09,,81525,642816,2
1376413,2019-12-19,2020-01-09,,81559,686323,2
1376414,2019-12-19,2020-01-09,,81681,923351,2
1376415,2019-12-19,2020-01-09,,81767,605942,2
1376416,2019-12-19,2020-01-09,,81875,563696,2
1376417,2019-12-19,2020-01-09,,81890,14276,2
1376418,2019-12-19,2020-01-09,,82113,497555,2
1376419,2019-12-19,2020-01-09,,82113,608436,2
1376420,2019-12-19,2020-01-09,,82199,155033,2
1376421,2019-12-19,2020-01-09,,82226,824045,2
1376422,2019-12-19,2020-01-09,,82702,925702,2
1376423,2019-12-19,2020-01-09,,82719,762165,2
1376424,2019-12-19,2020-01-09,,82879,742351,2
1376425,2019-12-19,2020-01-09,,83168,492916,2
1376426,2019-12-19,2020-01-09,,83248,686760,2
1376427,2019-12-19,2020-01-09,,83324,341948,2
1376428,2019-12-19,2020-01-09,,83366,845987,2
1376429,2019-12-19,2020-01-09,,83387,845276,2
1376430,2019-12-19,2020-01-09,,83403,798364,2
1376431,2019-12-19,2020-01-09,,83425,805560,2
1376432,2019-12-19,2020-01-09,2019-12-31,83451,338233,1
1376433,2019-12-19,2020-01-09,,83499,90807,2
1376434,2019-12-19,2020-01-09,,83625,217661,2
1376435,2019-12-19,2020-01-09,2019-12-30,83628,589155,1
1376436,2019-12-19,2020-01-09,,83726,844325,2
1376437,2019-12-19,2020-01-09,,83755,676776,2
1376438,2019-12-19,2020-01-09,,83838,656918,2
1376439,2019-12-19,2020-01-09,,83838,864862,2
1376440,2019-12-19,2020-01-09,,83953,184903,2
1376441,2019-12-19,2020-01-09,,84025,191176,2
1376442,2019-12-19,2020-01-09,,84032,591553,2
1376443,2019-12-19,2020-01-09,,84103,469236,2
1376444,2019-12-19,2020-01-09,,84103,522312,2
1376445,2019-12-19,2020-01-09,,84103,677110,2
1376446,2019-12-19,2020-01-09,,84261,1430,2
1376447,2019-12-19,2020-01-09,,84263,670134,2
1376448,2019-12-19,2020-01-09,,84312,1225,2
1376449,2019-12-19,2020-01-09,,84312,499887,2
1376450,2019-12-19,2020-01-09,,84414,218136,2
1376451,2019-12-19,2020-01-09,,84559,275487,2
1376452,2019-12-19,2020-01-09,,84610,386157,2
1376453,2019-12-19,2020-01-09,,84623,723130,2
1376454,2019-12-19,2020-01-09,,84679,331421,2
1376455,2019-12-19,2020-01-09,,84736,710160,2
1376456,2019-12-19,2020-01-09,,84821,534779,2
1376457,2019-12-19,2020-01-09,,84827,932343,2
1376458,2019-12-19,2020-01-09,2019-12-31,84885,814327,1
1376459,2019-12-19,2020-01-09,,84992,810741,2
1376460,2019-12-19,2020-01-09,,85283,140466,2
1376461,2019-12-19,2020-01-09,,85283,552771,2
1376462,2019-12-19,2020-01-09,,85283,856015,2
1376463,2019-12-19,2020-01-09,,85357,421448,2
1376464,2019-12-19,2020-01-09,,85434,922037,2
1376465,2019-12-19,2020-01-09,,85468,575797,2
1376466,2019-12-19,2020-01-09,,85660,840608,2
1376467,2019-12-19,2020-01-09,,85671,776885,2
1376468,2019-12-19,2020-01-09,,85694,587756,2
1376469,2019-12-19,2020-01-09,,85757,374768,2
1376470,2019-12-19,2020-01-09,,85958,219567,2
1376471,2019-12-19,2020-01-09,,86012,631917,2
1376472,2019-12-19,2020-01-09,,86032,400057,2
1376473,2019-12-19,2020-01-09,,86032,883599,2
1376474,2019-12-19,2020-01-09,,86097,852252,2
1376475,2019-12-19,2020-01-09,,86167,375682,2
1376476,2019-12-19,2020-01-09,,86348,383069,2
1376477,2019-12-19,2020-01-09,,86374,534330,2
1376478,2019-12-19,2020-01-09,,86402,31837,2
1376479,2019-12-19,2020-01-09,,86405,683310,2
1376480,2019-12-19,2020-01-09,,86413,733163,2
1376481,2019-12-19,2020-01-09,,86512,90529,2
1376482,2019-12-19,2020-01-09,,86512,191465,2
1376483,2019-12-19,2020-01-09,,86512,918525,2
1376484,2019-12-19,2020-01-09,,86714,44617,2
1376485,2019-12-19,2020-01-09,,86791,557491,2
1376486,2019-12-19,2020-01-09,,86807,177716,2
1376487,2019-12-19,2020-01-09,,87032,624000,2
1376488,2019-12-19,2020-01-09,,87032,738133,2
1376489,2019-12-19,2020-01-09,,87153,352581,2
1376490,2019-12-19,2020-01-09,,87182,61230,2
1376491,2019-12-19,2020-01-09,,87224,697684,2
1376492,2019-12-19,2020-01-09,,87228,630076,2
1376493,2019-12-19,2020-01-09,,87310,661121,2
1376494,2019-12-19,2020-01-09,,87431,878003,2
1376495,2019-12-19,2020-01-09,,87575,805442,2
1376496,2019-12-19,2020-01-09,,87600,954401,2
1376497,2019-12-19,2020-01-09,,87654,671658,2
1376498,2019-12-19,2020-01-09,,87679,755655,2
1376499,2019-12-19,2020-01-09,,87720,306654,2
1376500,2019-12-19,2020-01-09,,87754,54127,2
1376501,2019-12-19,2020-01-09,,87792,415886,2
1376502,2019-12-19,2020-01-09,,87836,393787,2
1376503,2019-12-19,2020-01-09,,88376,652395,2
1376504,2019-12-19,2020-01-09,,88393,840979,2
1376505,2019-12-19,2020-01-09,,88479,315252,2
1376506,2019-12-19,2020-01-09,,88479,380055,2
1376507,2019-12-19,2020-01-09,,88481,463126,2
1376508,2019-12-19,2020-01-09,,88499,51881,2
1376509,2019-12-19,2020-01-09,,88499,556918,2
1376510,2019-12-19,2020-01-09,,88499,768860,2
1376511,2019-12-19,2020-01-09,,88588,409068,2
1376512,2019-12-19,2020-01-09,,88719,740842,2
1376513,2019-12-19,2020-01-09,,88758,383851,2
1376514,2019-12-19,2020-01-09,,88788,103182,2
1376515,2019-12-19,2020-01-09,,88831,166011,2
1376516,2019-12-19,2020-01-09,,88951,16204,2
1376517,2019-12-19,2020-01-09,,89163,406706,2
1376518,2019-12-19,2020-01-09,,89163,862095,2
1376519,2019-12-19,2020-01-09,,89238,288201,2
1376520,2019-12-19,2020-01-09,,89330,371624,2
1376521,2019-12-19,2020-01-09,,89388,603690,2
1376522,2019-12-19,2020-01-09,,89468,909124,2
1376523,2019-12-19,2020-01-09,,89548,884418,2
1376524,2019-12-19,2020-01-09,,89690,539027,2
1376525,2019-12-19,2020-01-09,,89979,877982,2
1376526,2019-12-19,2020-01-09,,90069,113435,2
1376527,2019-12-19,2020-01-09,,90259,222103,2
1376528,2019-12-19,2020-01-09,,90262,450138,2
1376529,2019-12-19,2020-01-09,,90353,476499,2
1376530,2019-12-19,2020-01-09,,90399,247918,2
1376531,2019-12-19,2020-01-09,,90414,362725,2
1376532,2019-12-19,2020-01-09,,90414,561966,2
1376533,2019-12-19,2020-01-09,,90414,704341,2
1376534,2019-12-19,2020-01-09,,90414,913416,2
1376535,2019-12-19,2020-01-09,,90414,937522,2
1376536,2019-12-19,2020-01-09,,90538,813246,2
1376537,2019-12-19,2020-01-09,,90578,158656,2
1376538,2019-12-19,2020-01-09,,90578,616042,2
1376539,2019-12-19,2020-01-09,,90684,299442,2
1376540,2019-12-19,2020-01-09,,90707,627079,2
1376541,2019-12-19,2020-01-09,,90707,813826,2
1376542,2019-12-19,2020-01-09,,90719,93119,2
1376543,2019-12-19,2020-01-09,,90914,804083,2
1376544,2019-12-19,2020-01-09,,90948,501837,2
1376545,2019-12-19,2020-01-09,,91085,718075,2
1376546,2019-12-19,2020-01-09,,91180,527900,2
1376547,2019-12-19,2020-01-09,,91377,927285,2
1376548,2019-12-19,2020-01-09,,91420,12769,2
1376549,2019-12-19,2020-01-09,,91656,189207,2
1376550,2019-12-19,2020-01-09,,91865,422619,2
1376551,2019-12-19,2020-01-09,,91991,271966,2
1376552,2019-12-19,2020-01-09,,92114,616733,2
1376553,2019-12-19,2020-01-09,,92367,841731,2
1376554,2019-12-19,2020-01-09,,92440,752387,2
1376555,2019-12-19,2020-01-09,,92452,283418,2
1376556,2019-12-19,2020-01-09,,92538,212102,2
1376557,2019-12-19,2020-01-09,,92539,317260,2
1376558,2019-12-19,2020-01-09,,92630,46297,2
1376559,2019-12-19,2020-01-09,,92630,770275,2
1376560,2019-12-19,2020-01-09,,92912,676016,2
1376561,2019-12-19,2020-01-09,,93049,698716,2
1376562,2019-12-19,2020-01-09,,93077,815311,2
1376563,2019-12-19,2020-01-09,,93111,18594,2
1376564,2019-12-19,2020-01-09,,93111,367486,2
1376565,2019-12-19,2020-01-09,,93164,589143,2
1376566,2019-12-19,2020-01-09,,93603,242419,2
1376567,2019-12-19,2020-01-09,,93629,518272,2
1376568,2019-12-19,2020-01-09,,93654,3009,2
1376569,2019-12-19,2020-01-09,,93774,82212,2
1376570,2019-12-19,2020-01-09,,94020,807108,2
1376571,2019-12-19,2020-01-09,,94041,630998,2
1376572,2019-12-19,2020-01-09,,94163,224706,2
1376573,2019-12-19,2020-01-09,,94259,608242,2
1376574,2019-12-19,2020-01-09,,94558,412142,2
1376575,2019-12-19,2020-01-09,,94584,611233,2
1376576,2019-12-19,2020-01-09,,94619,460807,2
1376577,2019-12-19,2020-01-09,,94619,953712,2
1376578,2019-12-19,2020-01-09,,94869,745805,2
1376579,2019-12-19,2020-01-09,,94924,56424,2
1376580,2019-12-19,2020-01-09,,94927,876178,2
1376581,2019-12-19,2020-01-09,,95088,416966,2
1376582,2019-12-19,2020-01-09,,95314,408459,2
1376583,2019-12-19,2020-01-09,,95317,427528,2
1376584,2019-12-19,2020-01-09,,95360,573190,2
1376585,2019-12-19,2020-01-09,,95487,762591,2
1376586,2019-12-19,2020-01-09,,95595,772257,2
1376587,2019-12-19,2020-01-09,,95615,728668,2
1376588,2019-12-19,2020-01-09,,95625,1814,2
1376589,2019-12-19,2020-01-09,,95777,188379,2
1376590,2019-12-19,2020-01-09,,95939,31195,2
1376591,2019-12-19,2020-01-09,,95956,86389,2
1376592,2019-12-19,2020-01-09,,95956,159935,2
1376593,2019-12-19,2020-01-09,,95975,932747,2
1376594,2019-12-19,2020-01-09,,96160,33502,2
1376595,2019-12-19,2020-01-09,,96202,487145,2
1376596,2019-12-19,2020-01-09,,96438,740358,2
1376597,2019-12-19,2020-01-09,,96441,497349,2
1376598,2019-12-19,2020-01-09,,96732,138594,2
1376599,2019-12-19,2020-01-09,,96774,530368,2
1376600,2019-12-19,2020-01-09,,96797,878964,2
1376601,2019-12-19,2020-01-09,,96965,197217,2
1376602,2019-12-19,2020-01-09,,97027,816834,2
1376603,2019-12-19,2020-01-09,,97188,728285,2
1376604,2019-12-19,2020-01-09,,97226,539063,2
1376605,2019-12-19,2020-01-09,,97243,822443,2
1376606,2019-12-19,2020-01-09,,97331,135661,2
1376607,2019-12-19,2020-01-09,,97497,211483,2
1376608,2019-12-19,2020-01-09,,97569,806190,2
1376609,2019-12-19,2020-01-09,,97614,602297,2
1376610,2019-12-19,2020-01-09,,97647,943968,2
1376611,2019-12-19,2020-01-09,,97749,594063,2
1376612,2019-12-19,2020-01-09,,97751,834003,2
1376613,2019-12-19,2020-01-09,,97760,887383,2
1376614,2019-12-19,2020-01-09,,97790,27744,2
1376615,2019-12-19,2020-01-09,,97972,710212,2
1376616,2019-12-19,2020-01-09,2019-12-30,98075,206956,1
1376617,2019-12-19,2020-01-09,,98080,790573,2
1376618,2019-12-19,2020-01-09,,98162,461155,2
1376619,2019-12-19,2020-01-09,,98351,611549,2
1376620,2019-12-19,2020-01-09,,98470,312816,2
1376621,2019-12-19,2020-01-09,,98490,835822,2
1376622,2019-12-19,2020-01-09,,98651,147006,2
1376623,2019-12-19,2020-01-09,,98740,365870,2
1376624,2019-12-19,2020-01-09,,98777,265167,2
1376625,2019-12-19,2020-01-09,,99051,95089,2
1376626,2019-12-19,2020-01-09,,99301,745440,2
1376627,2019-12-19,2020-01-09,2019-12-30,99317,232457,1
1376628,2019-12-19,2020-01-09,,99485,573896,2
1376629,2019-12-19,2020-01-09,,99670,369141,2
1376630,2019-12-19,2020-01-09,,99848,380283,2
1376631,2019-12-19,2020-01-09,,99894,636094,2
1376632,2019-12-19,2020-01-09,,99894,699515,2
1376633,2019-12-19,2020-01-09,,99894,792700,2
1376634,2019-12-19,2020-01-09,,99942,634093,2
1376635,2019-12-19,2020-01-09,,100004,226417,2
1376636,2019-12-19,2020-01-09,2019-12-31,100213,856644,1
1376637,2019-12-19,2020-01-09,,100221,496946,2
1376638,2019-12-19,2020-01-09,,100293,779,2
1376639,2019-12-19,2020-01-09,,100366,552715,2
1376640,2019-12-19,2020-01-09,,100373,382857,2
1376641,2019-12-19,2020-01-09,,100450,768879,2
1376642,2019-12-19,2020-01-09,,100530,632704,2
1376643,2019-12-19,2020-01-09,,100704,133761,2
1376644,2019-12-19,2020-01-09,,100791,163987,2
1376645,2019-12-19,2020-01-09,,100791,639919,2
1376646,2019-12-19,2020-01-09,,100848,575804,2
1376647,2019-12-19,2020-01-09,,100883,650739,2
1376648,2019-12-19,2020-01-09,,100883,872689,2
1376649,2019-12-19,2020-01-09,,100922,608156,2
1376650,2019-12-19,2020-01-09,,100961,672970,2
1376651,2019-12-19,2020-01-09,,101143,253151,2
1376652,2019-12-19,2020-01-09,,101143,361523,2
1376653,2019-12-19,2020-01-09,,101216,337233,2
1376654,2019-12-19,2020-01-09,,101217,376668,2
1376655,2019-12-19,2020-01-09,,101285,819693,2
1376656,2019-12-19,2020-01-09,,101846,523810,2
1376657,2019-12-19,2020-01-09,,101876,316022,2
1376658,2019-12-19,2020-01-09,,101896,787055,2
1376659,2019-12-19,2020-01-09,,101963,604879,2
1376660,2019-12-19,2020-01-09,,101965,26148,2
1376661,2019-12-19,2020-01-09,,102051,751991,2
1376662,2019-12-19,2020-01-09,,102058,115013,2
1376663,2019-12-19,2020-01-09,,102139,342246,2
1376664,2019-12-19,2020-01-09,,102139,697769,2
1376665,2019-12-19,2020-01-09,,102390,256275,2
1376666,2019-12-19,2020-01-09,2019-12-30,102474,1192,1
1376667,2019-12-19,2020-01-09,,102674,874115,2
1376668,2019-12-19,2020-01-09,,102715,220306,2
1376669,2019-12-19,2020-01-09,,102757,896592,2
1376670,2019-12-19,2020-01-09,,102912,911341,2
1376671,2019-12-19,2020-01-09,,102984,43631,2
1376672,2019-12-19,2020-01-09,,103178,953249,2
1376673,2019-12-19,2020-01-09,,103439,21284,2
1376674,2019-12-19,2020-01-09,,103649,651162,2
1376675,2019-12-19,2020-01-09,,103882,768546,2
1376676,2019-12-19,2020-01-09,,103929,188375,2
1376677,2019-12-19,2020-01-09,,104222,67162,2
1376678,2019-12-19,2020-01-09,,104361,414646,2
1376679,2019-12-19,2020-01-09,,104559,447030,2
1376680,2019-12-19,2020-01-09,,104636,828254,2
1376681,2019-12-19,2020-01-09,,104654,331417,2
1376682,2019-12-19,2020-01-09,,104693,925689,2
1376683,2019-12-19,2020-01-09,,104755,495649,2
1376684,2019-12-19,2020-01-09,,104780,232828,2
1376685,2019-12-19,2020-01-09,,104787,621582,2
1376686,2019-12-19,2020-01-09,,104869,909809,2
1376687,2019-12-19,2020-01-09,2019-12-30,104927,652128,1
1376688,2019-12-19,2020-01-09,,105038,138536,2
1376689,2019-12-19,2020-01-09,,105059,261332,2
1376690,2019-12-19,2020-01-09,,105099,445136,2
1376691,2019-12-19,2020-01-09,,105337,430849,2
1376692,2019-12-19,2020-01-09,,105386,24714,2
1376693,2019-12-19,2020-01-09,,105428,169556,2
1376694,2019-12-19,2020-01-09,,105492,14930,2
1376695,2019-12-19,2020-01-09,,105492,215822,2
1376696,2019-12-19,2020-01-09,,105492,289584,2
1376697,2019-12-19,2020-01-09,,105492,845759,2
1376698,2019-12-19,2020-01-09,,105492,880877,2
1376699,2019-12-19,2020-01-09,,105497,120888,2
1376700,2019-12-19,2020-01-09,,105502,97684,2
1376701,2019-12-19,2020-01-09,,105565,78598,2
1376702,2019-12-19,2020-01-09,,105826,206466,2
1376703,2019-12-19,2020-01-09,,106237,679513,2
1376704,2019-12-19,2020-01-09,,106242,35401,2
1376705,2019-12-19,2020-01-09,2019-12-31,106356,29185,1
1376706,2019-12-19,2020-01-09,,106356,876393,2
1376707,2019-12-19,2020-01-09,,106671,19771,2
1376708,2019-12-19,2020-01-09,,106671,926839,2
1376709,2019-12-19,2020-01-09,,106730,188448,2
1376710,2019-12-19,2020-01-09,,106802,530608,2
1376711,2019-12-19,2020-01-09,,106819,271669,2
1376712,2019-12-19,2020-01-09,,106840,756519,2
1376713,2019-12-19,2020-01-09,,106864,645657,2
1376714,2019-12-19,2020-01-09,,107447,864813,2
1376715,2019-12-19,2020-01-09,,107652,233562,2
1376716,2019-12-19,2020-01-09,,107652,495485,2
1376717,2019-12-19,2020-01-09,,107789,121302,2
1376718,2019-12-19,2020-01-09,,107821,324800,2
1376719,2019-12-19,2020-01-09,,107855,312375,2
1376720,2019-12-19,2020-01-09,,107859,483615,2
1376721,2019-12-19,2020-01-09,,108274,207116,2
1376722,2019-12-19,2020-01-09,,108312,698860,2
1376723,2019-12-19,2020-01-09,,108570,29762,2
1376724,2019-12-19,2020-01-09,,108570,189119,2
1376725,2019-12-19,2020-01-09,2019-12-30,108570,280400,1
1376726,2019-12-19,2020-01-09,,108570,288142,2
1376727,2019-12-19,2020-01-09,,108570,336304,2
1376728,2019-12-19,2020-01-09,,108570,350267,2
1376729,2019-12-19,2020-01-09,,108570,425953,2
1376730,2019-12-19,2020-01-09,,108570,582992,2
1376731,2019-12-19,2020-01-09,,108570,641134,2
1376732,2019-12-19,2020-01-09,,108570,831535,2
1376733,2019-12-19,2020-01-09,,108581,564424,2
1376734,2019-12-19,2020-01-09,,108621,75863,2
1376735,2019-12-19,2020-01-09,,108621,331760,2
1376736,2019-12-19,2020-01-09,,108621,469364,2
1376737,2019-12-19,2020-01-09,,108740,218755,2
1376738,2019-12-19,2020-01-09,,108815,348455,2
1376739,2019-12-19,2020-01-09,,108879,593934,2
1376740,2019-12-19,2020-01-09,,108924,793959,2
1376741,2019-12-19,2020-01-09,,108926,812148,2
1376742,2019-12-19,2020-01-09,,108977,278955,2
1376743,2019-12-19,2020-01-09,,109030,166852,2
1376744,2019-12-19,2020-01-09,,109245,614074,2
1376745,2019-12-19,2020-01-09,,109302,945261,2
1376746,2019-12-19,2020-01-09,,109479,917578,2
1376747,2019-12-19,2020-01-09,,109607,658199,2
1376748,2019-12-19,2020-01-09,,109917,448429,2
1376749,2019-12-19,2020-01-09,,110247,657954,2
1376750,2019-12-19,2020-01-09,,110320,158572,2
1376751,2019-12-19,2020-01-09,,110320,165888,2
1376752,2019-12-19,2020-01-09,,110483,258476,2
1376753,2019-12-19,2020-01-09,,110486,443591,2
1376754,2019-12-19,2020-01-09,,110740,410050,2
1376755,2019-12-19,2020-01-09,,110749,282104,2
1376756,2019-12-19,2020-01-09,,110749,923156,2
1376757,2019-12-19,2020-01-09,,110790,670951,2
1376758,2019-12-19,2020-01-09,,110813,283356,2
1376759,2019-12-19,2020-01-09,,110860,234013,2
1376760,2019-12-19,2020-01-09,,110992,443397,2
1376761,2019-12-19,2020-01-09,,111438,314692,2
1376762,2019-12-19,2020-01-09,,111451,760198,2
1376763,2019-12-19,2020-01-09,,111463,231009,2
1376764,2019-12-19,2020-01-09,,111463,407444,2
1376765,2019-12-19,2020-01-09,,111463,889522,2
1376766,2019-12-19,2020-01-09,,111598,455045,2
1376767,2019-12-19,2020-01-09,2019-12-31,111605,275428,1
1376768,2019-12-19,2020-01-09,,111605,322953,2
1376769,2019-12-19,2020-01-09,,111605,446830,2
1376770,2019-12-19,2020-01-09,,111605,779807,2
1376771,2019-12-19,2020-01-09,,111715,792968,2
1376772,2019-12-19,2020-01-09,,111961,905125,2
1376773,2019-12-19,2020-01-09,,112063,121721,2
1376774,2019-12-19,2020-01-09,,112159,951316,2
1376775,2019-12-19,2020-01-09,,112371,110227,2
1376776,2019-12-19,2020-01-09,,112465,79492,2
1376777,2019-12-19,2020-01-09,,112465,361572,2
1376778,2019-12-19,2020-01-09,,112465,692599,2
1376779,2019-12-19,2020-01-09,,112465,881464,2
1376780,2019-12-19,2020-01-09,,112493,923268,2
1376781,2019-12-19,2020-01-09,,112493,927161,2
1376782,2019-12-19,2020-01-09,,112498,885136,2
1376783,2019-12-19,2020-01-09,,112564,12982,2
1376784,2019-12-19,2020-01-09,,112573,663993,2
1376785,2019-12-19,2020-01-09,,112726,532555,2
1376786,2019-12-19,2020-01-09,,112829,782130,2
1376787,2019-12-19,2020-01-09,,113084,776205,2
1376788,2019-12-19,2020-01-09,,113123,173735,2
1376789,2019-12-19,2020-01-09,,113190,753323,2
1376790,2019-12-19,2020-01-09,,113243,268269,2
1376791,2019-12-19,2020-01-09,,113256,57983,2
1376792,2019-12-19,2020-01-09,,113551,182532,2
1376793,2019-12-19,2020-01-09,,113610,155588,2
1376794,2019-12-19,2020-01-09,,113610,266130,2
1376795,2019-12-19,2020-01-09,,113610,571999,2
1376796,2019-12-19,2020-01-09,,113610,662337,2
1376797,2019-12-19,2020-01-09,,113617,244558,2
1376798,2019-12-19,2020-01-09,,113695,386209,2
1376799,2019-12-19,2020-01-09,,113728,87036,2
1376800,2019-12-19,2020-01-09,,113748,350366,2
1376801,2019-12-19,2020-01-09,,113785,378427,2
1376802,2019-12-19,2020-01-09,,113949,700585,2
1376803,2019-12-19,2020-01-09,,114335,196862,2
1376804,2019-12-19,2020-01-09,,114393,430163,2
1376805,2019-12-19,2020-01-09,,114603,444418,2
1376806,2019-12-19,2020-01-09,,114632,319325,2
1376807,2019-12-19,2020-01-09,,114659,596931,2
1376808,2019-12-19,2020-01-09,,114740,562810,2
1376809,2019-12-19,2020-01-09,,114782,162343,2
1376810,2019-12-19,2020-01-09,,115453,330088,2
1376811,2019-12-19,2020-01-09,,115453,537943,2
1376812,2019-12-19,2020-01-09,,115453,620362,2
1376813,2019-12-19,2020-01-09,,115460,512489,2
1376814,2019-12-19,2020-01-09,,115583,159403,2
1376815,2019-12-19,2020-01-09,,115615,743739,2
1376816,2019-12-19,2020-01-09,,115672,662758,2
1376817,2019-12-19,2020-01-09,,115838,704934,2
1376818,2019-12-19,2020-01-09,,115951,538742,2
1376819,2019-12-19,2020-01-09,,116119,205722,2
1376820,2019-12-19,2020-01-09,,116119,772226,2
1376821,2019-12-19,2020-01-09,,116242,199567,2
1376822,2019-12-19,2020-01-09,,116242,208275,2
1376823,2019-12-19,2020-01-09,,116242,761608,2
1376824,2019-12-19,2020-01-09,,116242,941752,2
1376825,2019-12-19,2020-01-09,,116551,305391,2
1376826,2019-12-19,2020-01-09,,116837,931931,2
1376827,2019-12-19,2020-01-09,,116902,674749,2
1376828,2019-12-19,2020-01-09,,117086,621583,2
1376829,2019-12-19,2020-01-09,,117106,322135,2
1376830,2019-12-19,2020-01-09,,117187,908586,2
1376831,2019-12-19,2020-01-09,,117222,267669,2
1376832,2019-12-19,2020-01-09,,117544,100664,2
1376833,2019-12-19,2020-01-09,,117567,54480,2
1376834,2019-12-19,2020-01-09,,117675,104504,2
1376835,2019-12-19,2020-01-09,,117675,322193,2
1376836,2019-12-19,2020-01-09,,117675,528878,2
1376837,2019-12-19,2020-01-09,,117796,809154,2
1376838,2019-12-19,2020-01-09,,117802,884411,2
1376839,2019-12-19,2020-01-09,,117843,516423,2
1376840,2019-12-19,2020-01-09,,117923,420993,2
1376841,2019-12-19,2020-01-09,,117923,542798,2
1376842,2019-12-19,2020-01-09,,117923,594258,2
1376843,2019-12-19,2020-01-09,,117923,634016,2
1376844,2019-12-19,2020-01-09,,117923,777386,2
1376845,2019-12-19,2020-01-09,,118013,285699,2
1376846,2019-12-19,2020-01-09,,118028,193723,2
1376847,2019-12-19,2020-01-09,,118028,688372,2
1376848,2019-12-19,2020-01-09,,118568,32726,2
1376849,2019-12-19,2020-01-09,,118581,515286,2
1376850,2019-12-19,2020-01-09,,118586,881996,2
1376851,2019-12-19,2020-01-09,,118688,741025,2
1376852,2019-12-19,2020-01-09,,118703,126498,2
1376853,2019-12-19,2020-01-09,,118858,18244,2
1376854,2019-12-19,2020-01-09,,118858,28532,2
1376855,2019-12-19,2020-01-09,,118858,104229,2
1376856,2019-12-19,2020-01-09,,118858,168866,2
1376857,2019-12-19,2020-01-09,,118858,461585,2
1376858,2019-12-19,2020-01-09,,118858,599194,2
1376859,2019-12-19,2020-01-09,,118858,808783,2
1376860,2019-12-19,2020-01-09,,118884,20244,2
1376861,2019-12-19,2020-01-09,,118884,731456,2
1376862,2019-12-19,2020-01-09,,118888,686495,2
1376863,2019-12-19,2020-01-09,,119013,691710,2
1376864,2019-12-19,2020-01-09,,119082,891258,2
1376865,2019-12-19,2020-01-09,,119087,530159,2
1376866,2019-12-19,2020-01-09,,119157,801362,2
1376867,2019-12-19,2020-01-09,,119353,414709,2
1376868,2019-12-19,2020-01-09,,119371,259701,2
1376869,2019-12-19,2020-01-09,,119446,337102,2
1376870,2019-12-19,2020-01-09,,119450,917849,2
1376871,2019-12-19,2020-01-09,,119459,16084,2
1376872,2019-12-19,2020-01-09,,119459,88518,2
1376873,2019-12-19,2020-01-09,,119459,303961,2
1376874,2019-12-19,2020-01-09,,119459,712314,2
1376875,2019-12-19,2020-01-09,,119485,224542,2
1376876,2019-12-19,2020-01-09,,119485,253426,2
1376877,2019-12-19,2020-01-09,,119485,394935,2
1376878,2019-12-19,2020-01-09,,119485,586349,2
1376879,2019-12-19,2020-01-09,,119485,634605,2
1376880,2019-12-19,2020-01-09,,119485,644941,2
1376881,2019-12-19,2020-01-09,,119485,656128,2
1376882,2019-12-19,2020-01-09,,119485,812019,2
1376883,2019-12-19,2020-01-09,,119821,165515,2
1376884,2019-12-19,2020-01-09,,119821,873341,2
1376885,2019-12-19,2020-01-09,,119845,851572,2
1376886,2019-12-19,2020-01-09,,119982,350444,2
1376887,2019-12-19,2020-01-09,,120093,487309,2
1376888,2019-12-19,2020-01-09,,120219,10253,2
1376889,2019-12-19,2020-01-09,,120329,384250,2
1376890,2019-12-19,2020-01-09,,120335,812625,2
1376891,2019-12-19,2020-01-09,,120530,897145,2
1376892,2019-12-19,2020-01-09,,120565,632046,2
1376893,2019-12-19,2020-01-09,,120565,866889,2
1376894,2019-12-19,2020-01-09,,120631,156458,2
1376895,2019-12-19,2020-01-09,,120631,582945,2
1376896,2019-12-19,2020-01-09,,120637,936523,2
1376897,2019-12-19,2020-01-09,,120733,464496,2
1376898,2019-12-19,2020-01-09,,120750,828369,2
1376899,2019-12-19,2020-01-09,,120792,380045,2
1376900,2019-12-19,2020-01-09,,120825,25643,2
1376901,2019-12-19,2020-01-09,,120907,45601,2
1376902,2019-12-19,2020-01-09,,121005,385466,2
1376903,2019-12-19,2020-01-09,,121015,594112,2
1376904,2019-12-19,2020-01-09,,121230,295973,2
1376905,2019-12-19,2020-01-09,,121292,48771,2
1376906,2019-12-19,2020-01-09,,121298,654970,2
1376907,2019-12-19,2020-01-09,,121564,182010,2
1376908,2019-12-19,2020-01-09,,121869,367012,2
1376909,2019-12-19,2020-01-09,2019-12-31,121964,765881,1
1376910,2019-12-19,2020-01-09,,122014,75462,2
1376911,2019-12-19,2020-01-09,,122014,151393,2
1376912,2019-12-19,2020-01-09,,122014,443639,2
1376913,2019-12-19,2020-01-09,,122014,465931,2
1376914,2019-12-19,2020-01-09,,122014,510554,2
1376915,2019-12-19,2020-01-09,,122062,157302,2
1376916,2019-12-19,2020-01-09,,122241,44814,2
1376917,2019-12-19,2020-01-09,,122367,628119,2
1376918,2019-12-19,2020-01-09,,122439,357923,2
1376919,2019-12-19,2020-01-09,,122507,465943,2
1376920,2019-12-19,2020-01-09,,122531,463796,2
1376921,2019-12-19,2020-01-09,,122537,849234,2
1376922,2019-12-19,2020-01-09,,122666,955318,2
1376923,2019-12-19,2020-01-09,,123009,338812,2
1376924,2019-12-19,2020-01-09,,123009,648864,2
1376925,2019-12-19,2020-01-09,,123025,245762,2
1376926,2019-12-19,2020-01-09,,123083,425086,2
1376927,2019-12-19,2020-01-09,,123167,915130,2
1376928,2019-12-19,2020-01-09,,123253,489251,2
1376929,2019-12-19,2020-01-09,,123367,37196,2
1376930,2019-12-19,2020-01-09,,123501,498245,2
1376931,2019-12-19,2020-01-09,,123543,484589,2
1376932,2019-12-19,2020-01-09,,123563,734187,2
1376933,2019-12-19,2020-01-09,,123563,792380,2
1376934,2019-12-19,2020-01-09,,123563,895961,2
1376935,2019-12-19,2020-01-09,,123564,900498,2
1376936,2019-12-19,2020-01-09,,123571,862923,2
1376937,2019-12-19,2020-01-09,,123685,510747,2
1376938,2019-12-19,2020-01-09,,123685,806591,2
1376939,2019-12-19,2020-01-09,,123700,185302,2
1376940,2019-12-19,2020-01-09,2019-12-29,123744,451048,1
1376941,2019-12-19,2020-01-09,,123918,617927,2
1376942,2019-12-19,2020-01-09,,123956,621584,2
1376943,2019-12-19,2020-01-09,,124324,48790,2
1376944,2019-12-19,2020-01-09,,124461,2651,2
1376945,2019-12-19,2020-01-09,,124903,131989,2
1376946,2019-12-19,2020-01-09,,125248,47547,2
1376947,2019-12-19,2020-01-09,,125403,525865,2
1376948,2019-12-19,2020-01-09,,125571,72222,2
1376949,2019-12-19,2020-01-09,,125576,191246,2
1376950,2019-12-19,2020-01-09,,125634,48803,2
1376951,2019-12-19,2020-01-09,,125680,578351,2
1376952,2019-12-19,2020-01-09,,125689,197187,2
1376953,2019-12-19,2020-01-09,,126012,160792,2
1376954,2019-12-19,2020-01-09,,126103,363619,2
1376955,2019-12-19,2020-01-09,,126150,100696,2
1376956,2019-12-19,2020-01-09,,126222,9932,2
1376957,2019-12-19,2020-01-09,,126368,156014,2
1376958,2019-12-19,2020-01-09,,126436,188476,2
1376959,2019-12-19,2020-01-09,,126450,246346,2
1376960,2019-12-19,2020-01-09,,126536,130623,2
1376961,2019-12-19,2020-01-09,,126546,107552,2
1376962,2019-12-19,2020-01-09,,126571,300021,2
1376963,2019-12-19,2020-01-09,,126711,331611,2
1376964,2019-12-19,2020-01-09,,126757,894581,2
1376965,2019-12-19,2020-01-09,2019-12-31,126764,306614,1
1376966,2019-12-19,2020-01-09,,126801,847039,2
1376967,2019-12-19,2020-01-09,,127179,705186,2
1376968,2019-12-19,2020-01-09,,127323,88197,2
1376969,2019-12-19,2020-01-09,,127340,342614,2
1376970,2019-12-19,2020-01-09,,127372,585234,2
1376971,2019-12-19,2020-01-09,,127560,363132,2
1376972,2019-12-19,2020-01-09,,127685,936057,2
1376973,2019-12-19,2020-01-09,,127990,833349,2
1376974,2019-12-19,2020-01-09,,128003,769666,2
1376975,2019-12-19,2020-01-09,,128050,866617,2
1376976,2019-12-19,2020-01-09,,128244,684260,2
1376977,2019-12-19,2020-01-09,,128371,650789,2
1376978,2019-12-19,2020-01-09,,128681,563975,2
1376979,2019-12-19,2020-01-09,,128865,420378,2
1376980,2019-12-19,2020-01-09,,128894,243263,2
1376981,2019-12-19,2020-01-09,,128956,33571,2
1376982,2019-12-19,2020-01-09,2019-12-30,129007,35149,1
1376983,2019-12-19,2020-01-09,,129138,296688,2
1376984,2019-12-19,2020-01-09,,129327,89626,2
1376985,2019-12-19,2020-01-09,,129467,637621,2
1376986,2019-12-19,2020-01-09,,129483,387780,2
1376987,2019-12-19,2020-01-09,,129483,571632,2
1376988,2019-12-19,2020-01-09,,129483,664613,2
1376989,2019-12-19,2020-01-09,,129526,927815,2
1376990,2019-12-19,2020-01-09,,129534,357236,2
1376991,2019-12-19,2020-01-09,,129634,261068,2
1376992,2019-12-19,2020-01-09,,129639,500413,2
1376993,2019-12-19,2020-01-09,,129754,895756,2
1376994,2019-12-19,2020-01-09,2019-12-31,129815,579856,1
1376995,2019-12-19,2020-01-09,,129816,949924,2
1376996,2019-12-19,2020-01-09,,129856,786378,2
1376997,2019-12-19,2020-01-09,,129896,176190,2
1376998,2019-12-19,2020-01-09,,130011,816167,2
1376999,2019-12-19,2020-01-09,2019-12-31,130130,467072,1
1377000,2019-12-19,2020-01-09,,130268,608202,2
1377001,2019-12-19,2020-01-09,,130381,112489,2
1377002,2019-12-19,2020-01-09,,130506,144719,2
1377003,2019-12-19,2020-01-09,,130532,135061,2
1377004,2019-12-19,2020-01-09,,130742,391967,2
1377005,2019-12-19,2020-01-09,,130752,892910,2
1377006,2019-12-19,2020-01-09,,130902,708152,2
1377007,2019-12-19,2020-01-09,,130970,432388,2
1377008,2019-12-19,2020-01-09,,131008,804600,2
1377009,2019-12-19,2020-01-09,,131058,311584,2
1377010,2019-12-19,2020-01-09,,131103,90146,2
1377011,2019-12-19,2020-01-09,,131380,607760,2
1377012,2019-12-19,2020-01-09,,131381,366211,2
1377013,2019-12-19,2020-01-09,,131689,919182,2
1377014,2019-12-19,2020-01-09,,131696,389570,2
1377015,2019-12-19,2020-01-09,,131724,891866,2
1377016,2019-12-19,2020-01-09,,131783,195582,2
1377017,2019-12-19,2020-01-09,,131874,786142,2
1377018,2019-12-19,2020-01-09,,131910,208935,2
1377019,2019-12-19,2020-01-09,,132144,305182,2
1377020,2019-12-19,2020-01-09,,132144,430623,2
1377021,2019-12-19,2020-01-09,,132144,684529,2
1377022,2019-12-19,2020-01-09,,132211,206142,2
1377023,2019-12-19,2020-01-09,,132234,687922,2
1377024,2019-12-19,2020-01-09,,132248,656111,2
1377025,2019-12-19,2020-01-09,,132275,870492,2
1377026,2019-12-19,2020-01-09,,132413,597380,2
1377027,2019-12-19,2020-01-09,,132444,863790,2
1377028,2019-12-19,2020-01-09,,132579,344176,2
1377029,2019-12-19,2020-01-09,,132630,548703,2
1377030,2019-12-19,2020-01-09,,132664,372587,2
1377031,2019-12-19,2020-01-09,,132664,687853,2
1377032,2019-12-19,2020-01-09,,132687,172879,2
1377033,2019-12-19,2020-01-09,,132839,738285,2
1377034,2019-12-19,2020-01-09,,132878,561483,2
1377035,2019-12-19,2020-01-09,,132878,656136,2
1377036,2019-12-19,2020-01-09,2019-12-29,133326,355,1
1377037,2019-12-19,2020-01-09,,133326,74835,2
1377038,2019-12-19,2020-01-09,,133326,427138,2
1377039,2019-12-19,2020-01-09,,133326,458512,2
1377040,2019-12-19,2020-01-09,,133326,468953,2
1377041,2019-12-19,2020-01-09,,133326,470377,2
1377042,2019-12-19,2020-01-09,,133517,369664,2
1377043,2019-12-19,2020-01-09,,133517,617750,2
1377044,2019-12-19,2020-01-09,,133517,714356,2
1377045,2019-12-19,2020-01-09,,133546,830936,2
1377046,2019-12-19,2020-01-09,,133812,289125,2
1377047,2019-12-19,2020-01-09,,133929,90516,2
1377048,2019-12-19,2020-01-09,,133930,310422,2
1377049,2019-12-19,2020-01-09,,133930,889454,2
1377050,2019-12-19,2020-01-09,2019-12-30,134180,104230,1
1377051,2019-12-19,2020-01-09,,134308,454081,2
1377052,2019-12-19,2020-01-09,,134454,134561,2
1377053,2019-12-19,2020-01-09,,134589,34782,2
1377054,2019-12-19,2020-01-09,,134589,282923,2
1377055,2019-12-19,2020-01-09,,134847,541776,2
1377056,2019-12-19,2020-01-09,,135123,952510,2
1377057,2019-12-19,2020-01-09,,135145,201874,2
1377058,2019-12-19,2020-01-09,,135145,581724,2
1377059,2019-12-19,2020-01-09,,135379,485764,2
1377060,2019-12-19,2020-01-09,,135444,75049,2
1377061,2019-12-19,2020-01-09,,135465,661028,2
1377062,2019-12-19,2020-01-09,,135496,105671,2
1377063,2019-12-19,2020-01-09,,135514,662937,2
1377064,2019-12-19,2020-01-09,,135547,656535,2
1377065,2019-12-19,2020-01-09,,135604,622241,2
1377066,2019-12-19,2020-01-09,,135703,638287,2
1377067,2019-12-19,2020-01-09,,135711,931628,2
1377068,2019-12-19,2020-01-09,,135723,466054,2
1377069,2019-12-19,2020-01-09,,135730,671077,2
1377070,2019-12-19,2020-01-09,,135972,671865,2
1377071,2019-12-19,2020-01-09,,135994,364140,2
1377072,2019-12-19,2020-01-09,,136063,723108,2
1377073,2019-12-19,2020-01-09,,136066,317924,2
1377074,2019-12-19,2020-01-09,,136085,442259,2
1377075,2019-12-19,2020-01-09,,136140,829574,2
1377076,2019-12-19,2020-01-09,,136275,615964,2
1377077,2019-12-19,2020-01-09,,136353,37777,2
1377078,2019-12-19,2020-01-09,,136353,452821,2
1377079,2019-12-19,2020-01-09,,136353,520120,2
1377080,2019-12-19,2020-01-09,,136423,738469,2
1377081,2019-12-19,2020-01-09,,136871,105630,2
1377082,2019-12-19,2020-01-09,,137243,51732,2
1377083,2019-12-19,2020-01-09,,137256,404438,2
1377084,2019-12-19,2020-01-09,,137292,460288,2
1377085,2019-12-19,2020-01-09,,137412,573675,2
1377086,2019-12-19,2020-01-09,,137524,648866,2
1377087,2019-12-19,2020-01-09,,137564,36835,2
1377088,2019-12-19,2020-01-09,,137564,534221,2
1377089,2019-12-19,2020-01-09,,137567,829170,2
1377090,2019-12-19,2020-01-09,,137609,22301,2
1377091,2019-12-19,2020-01-09,,137634,671037,2
1377092,2019-12-19,2020-01-09,,137661,582159,2
1377093,2019-12-19,2020-01-09,,137678,198147,2
1377094,2019-12-19,2020-01-09,,137803,319401,2
1377095,2019-12-19,2020-01-09,,137965,885722,2
1377096,2019-12-19,2020-01-09,,138088,478325,2
1377097,2019-12-19,2020-01-09,,138100,277965,2
1377098,2019-12-19,2020-01-09,,138246,181696,2
1377099,2019-12-19,2020-01-09,,138246,260079,2
1377100,2019-12-19,2020-01-09,,138444,350713,2
1377101,2019-12-19,2020-01-09,,138451,905855,2
1377102,2019-12-19,2020-01-09,,138484,485185,2
1377103,2019-12-19,2020-01-09,,138587,439887,2
1377104,2019-12-19,2020-01-09,,138775,520845,2
1377105,2019-12-19,2020-01-09,,138835,453553,2
1377106,2019-12-19,2020-01-09,,138866,319887,2
1377107,2019-12-19,2020-01-09,,138890,74445,2
1377108,2019-12-19,2020-01-09,,139035,867765,2
1377109,2019-12-19,2020-01-09,,139280,218213,2
1377110,2019-12-19,2020-01-09,,139283,21853,2
1377111,2019-12-19,2020-01-09,2019-12-30,139316,302527,1
1377112,2019-12-19,2020-01-09,,139399,433686,2
1377113,2019-12-19,2020-01-09,,139424,81056,2
1377114,2019-12-19,2020-01-09,,139484,797518,2
1377115,2019-12-19,2020-01-09,,139525,513850,2
1377116,2019-12-19,2020-01-09,,139691,496898,2
1377117,2019-12-19,2020-01-09,,139813,689153,2
1377118,2019-12-19,2020-01-09,,139932,348506,2
1377119,2019-12-19,2020-01-09,,139961,501679,2
1377120,2019-12-19,2020-01-09,,140026,581302,2
1377121,2019-12-19,2020-01-09,,140074,165398,2
1377122,2019-12-19,2020-01-09,,140139,139787,2
1377123,2019-12-19,2020-01-09,,140209,187347,2
1377124,2019-12-19,2020-01-09,,140224,322579,2
1377125,2019-12-19,2020-01-09,,140238,90941,2
1377126,2019-12-19,2020-01-09,2019-12-31,140402,455348,1
1377127,2019-12-19,2020-01-09,,140433,494821,2
1377128,2019-12-19,2020-01-09,,140508,882429,2
1377129,2019-12-19,2020-01-09,,140706,567865,2
1377130,2019-12-19,2020-01-09,,140916,533877,2
1377131,2019-12-19,2020-01-09,,141176,254257,2
1377132,2019-12-19,2020-01-09,,141180,65630,2
1377133,2019-12-19,2020-01-09,,141191,413160,2
1377134,2019-12-19,2020-01-09,,141248,553670,2
1377135,2019-12-19,2020-01-09,,141352,575061,2
1377136,2019-12-19,2020-01-09,,141365,603322,2
1377137,2019-12-19,2020-01-09,,141367,468589,2
1377138,2019-12-19,2020-01-09,,141371,7587,2
1377139,2019-12-19,2020-01-09,,141418,606751,2
1377140,2019-12-19,2020-01-09,,141437,93657,2
1377141,2019-12-19,2020-01-09,,141437,454221,2
1377142,2019-12-19,2020-01-09,,141542,114054,2
1377143,2019-12-19,2020-01-09,,141577,49413,2
1377144,2019-12-19,2020-01-09,,141901,586989,2
1377145,2019-12-19,2020-01-09,,141907,649305,2
1377146,2019-12-19,2020-01-09,,141913,731457,2
1377147,2019-12-19,2020-01-09,,142152,349661,2
1377148,2019-12-19,2020-01-09,,142152,421642,2
1377149,2019-12-19,2020-01-09,,142152,424701,2
1377150,2019-12-19,2020-01-09,,142194,26434,2
1377151,2019-12-19,2020-01-09,,142194,341949,2
1377152,2019-12-19,2020-01-09,,142265,737101,2
1377153,2019-12-19,2020-01-09,,142306,651652,2
1377154,2019-12-19,2020-01-09,,142346,396496,2
1377155,2019-12-19,2020-01-09,,142355,215769,2
1377156,2019-12-19,2020-01-09,,142442,354992,2
1377157,2019-12-19,2020-01-09,,142885,185574,2
1377158,2019-12-19,2020-01-09,,142954,895086,2
1377159,2019-12-19,2020-01-09,,143017,905419,2
1377160,2019-12-19,2020-01-09,,143026,470757,2
1377161,2019-12-19,2020-01-09,,143106,825926,2
1377162,2019-12-19,2020-01-09,,143194,637198,2
1377163,2019-12-19,2020-01-09,,143338,42316,2
1377164,2019-12-19,2020-01-09,,143392,864228,2
1377165,2019-12-19,2020-01-09,,143424,892142,2
1377166,2019-12-19,2020-01-09,,143680,944086,2
1377167,2019-12-19,2020-01-09,,143760,807607,2
1377168,2019-12-19,2020-01-09,2019-12-30,143780,895541,1
1377169,2019-12-19,2020-01-09,,143888,440775,2
1377170,2019-12-19,2020-01-09,,143973,743557,2
1377171,2019-12-19,2020-01-09,,144183,727657,2
1377172,2019-12-19,2020-01-09,,144228,571,2
1377173,2019-12-19,2020-01-09,,144365,938465,2
1377174,2019-12-19,2020-01-09,,144451,420624,2
1377175,2019-12-19,2020-01-09,,144529,846145,2
1377176,2019-12-19,2020-01-09,,144529,899011,2
1377177,2019-12-19,2020-01-09,,144709,40638,2
1377178,2019-12-19,2020-01-09,,144810,466302,2
1377179,2019-12-19,2020-01-09,,144822,435991,2
1377180,2019-12-19,2020-01-09,,144991,230679,2
1377181,2019-12-19,2020-01-09,,145146,369241,2
1377182,2019-12-19,2020-01-09,,145242,579786,2
1377183,2019-12-19,2020-01-09,2019-12-29,145285,462207,1
1377184,2019-12-19,2020-01-09,,145462,234723,2
1377185,2019-12-19,2020-01-09,,145615,916338,2
1377186,2019-12-19,2020-01-09,,145686,119953,2
1377187,2019-12-19,2020-01-09,,145872,375170,2
1377188,2019-12-19,2020-01-09,,145893,104231,2
1377189,2019-12-19,2020-01-09,,145893,698717,2
1377190,2019-12-19,2020-01-09,,146104,661917,2
1377191,2019-12-19,2020-01-09,,146160,174439,2
1377192,2019-12-19,2020-01-09,,146231,763359,2
1377193,2019-12-19,2020-01-09,,146468,315080,2
1377194,2019-12-19,2020-01-09,,146667,52259,2
1377195,2019-12-19,2020-01-09,,146709,815545,2
1377196,2019-12-19,2020-01-09,,146729,723118,2
1377197,2019-12-19,2020-01-09,,147018,522730,2
1377198,2019-12-19,2020-01-09,,147135,535951,2
1377199,2019-12-19,2020-01-09,,147180,196341,2
1377200,2019-12-19,2020-01-09,,147251,262125,2
1377201,2019-12-19,2020-01-09,,147409,59908,2
1377202,2019-12-19,2020-01-09,,147446,430308,2
1377203,2019-12-19,2020-01-09,,147446,829870,2
1377204,2019-12-19,2020-01-09,,147601,659590,2
1377205,2019-12-19,2020-01-09,,147609,637473,2
1377206,2019-12-19,2020-01-09,,147659,454252,2
1377207,2019-12-19,2020-01-09,,147747,465185,2
1377208,2019-12-19,2020-01-09,,147898,222295,2
1377209,2019-12-19,2020-01-09,,147956,875601,2
1377210,2019-12-19,2020-01-09,,147963,118135,2
1377211,2019-12-19,2020-01-09,,148323,512558,2
1377212,2019-12-19,2020-01-09,,148518,934638,2
1377213,2019-12-19,2020-01-09,,148528,60358,2
1377214,2019-12-19,2020-01-09,,148565,147846,2
1377215,2019-12-19,2020-01-09,,148583,737762,2
1377216,2019-12-19,2020-01-09,,148643,305985,2
1377217,2019-12-19,2020-01-09,,148643,925729,2
1377218,2019-12-19,2020-01-09,,148775,684008,2
1377219,2019-12-19,2020-01-09,,148937,286280,2
1377220,2019-12-19,2020-01-09,,149020,648335,2
1377221,2019-12-19,2020-01-09,,149047,215389,2
1377222,2019-12-19,2020-01-09,,149213,307707,2
1377223,2019-12-19,2020-01-09,,149305,191151,2
1377224,2019-12-19,2020-01-09,,149389,754312,2
1377225,2019-12-19,2020-01-09,,149469,232929,2
1377226,2019-12-19,2020-01-09,,149535,859039,2
1377227,2019-12-19,2020-01-09,,149586,850853,2
1377228,2019-12-19,2020-01-09,,149647,131211,2
1377229,2019-12-19,2020-01-09,,149647,947478,2
1377230,2019-12-19,2020-01-09,,149712,953369,2
1377231,2019-12-19,2020-01-09,,149718,346117,2
1377232,2019-12-19,2020-01-09,,149846,191115,2
1377233,2019-12-19,2020-01-09,,149920,731916,2
1377234,2019-12-19,2020-01-09,,149995,437188,2
1377235,2019-12-19,2020-01-09,,150065,426290,2
1377236,2019-12-19,2020-01-09,,150144,157584,2
1377237,2019-12-19,2020-01-09,,150182,376154,2
1377238,2019-12-19,2020-01-09,,150496,236115,2
1377239,2019-12-19,2020-01-09,,150570,364170,2
1377240,2019-12-19,2020-01-09,,150618,362353,2
1377241,2019-12-19,2020-01-09,,150649,228601,2
1377242,2019-12-19,2020-01-09,,150789,67706,2
1377243,2019-12-19,2020-01-09,,150848,711690,2
1377244,2019-12-19,2020-01-09,,150950,163020,2
1377245,2019-12-19,2020-01-09,,150995,860748,2
1377246,2019-12-19,2020-01-09,,151324,202827,2
1377247,2019-12-19,2020-01-09,,151515,282157,2
1377248,2019-12-19,2020-01-09,,151556,90517,2
1377249,2019-12-19,2020-01-09,,151607,842528,2
1377250,2019-12-19,2020-01-09,,151673,545669,2
1377251,2019-12-19,2020-01-09,,151922,710768,2
1377252,2019-12-19,2020-01-09,,151933,6531,2
1377253,2019-12-19,2020-01-09,,152073,413559,2
1377254,2019-12-19,2020-01-09,,152132,15394,2
1377255,2019-12-19,2020-01-09,,152132,287250,2
1377256,2019-12-19,2020-01-09,,152132,290317,2
1377257,2019-12-19,2020-01-09,,152132,917726,2
1377258,2019-12-19,2020-01-09,,152157,138873,2
1377259,2019-12-19,2020-01-09,,152157,263539,2
1377260,2019-12-19,2020-01-09,,152157,778968,2
1377261,2019-12-19,2020-01-09,,152158,95426,2
1377262,2019-12-19,2020-01-09,,152176,251886,2
1377263,2019-12-19,2020-01-09,,152214,5058,2
1377264,2019-12-19,2020-01-09,,152615,34092,2
1377265,2019-12-19,2020-01-09,,152925,90865,2
1377266,2019-12-19,2020-01-09,,152946,201585,2
1377267,2019-12-19,2020-01-09,,153363,750002,2
1377268,2019-12-19,2020-01-09,,153603,686730,2
1377269,2019-12-19,2020-01-09,,153627,610162,2
1377270,2019-12-19,2020-01-09,,153750,324985,2
1377271,2019-12-19,2020-01-09,,153898,19203,2
1377272,2019-12-19,2020-01-09,,154086,607556,2
1377273,2019-12-19,2020-01-09,,154131,74781,2
1377274,2019-12-19,2020-01-09,,154231,168796,2
1377275,2019-12-19,2020-01-09,,154231,419171,2
1377276,2019-12-19,2020-01-09,,154358,818535,2
1377277,2019-12-19,2020-01-09,,154485,487925,2
1377278,2019-12-19,2020-01-09,,154563,394988,2
1377279,2019-12-19,2020-01-09,,154563,909951,2
1377280,2019-12-19,2020-01-09,,154591,199530,2
1377281,2019-12-19,2020-01-09,,154652,14588,2
1377282,2019-12-19,2020-01-09,,154843,833771,2
1377283,2019-12-19,2020-01-09,,154902,160896,2
1377284,2019-12-19,2020-01-09,,154972,742495,2
1377285,2019-12-19,2020-01-09,,154991,689710,2
1377286,2019-12-19,2020-01-09,,155005,702980,2
1377287,2019-12-19,2020-01-09,,155046,224772,2
1377288,2019-12-19,2020-01-09,,155204,527095,2
1377289,2019-12-19,2020-01-09,,155260,863941,2
1377290,2019-12-19,2020-01-09,,155271,114733,2
1377291,2019-12-19,2020-01-09,,155272,468910,2
1377292,2019-12-19,2020-01-09,,155618,669342,2
1377293,2019-12-19,2020-01-09,,155654,815329,2
1377294,2019-12-19,2020-01-09,,155721,369904,2
1377295,2019-12-19,2020-01-09,,155810,586907,2
1377296,2019-12-19,2020-01-09,,155810,886280,2
1377297,2019-12-19,2020-01-09,,155886,759759,2
1377298,2019-12-19,2020-01-09,,155888,317248,2
1377299,2019-12-19,2020-01-09,,156028,279953,2
1377300,2019-12-19,2020-01-09,,156359,779749,2
1377301,2019-12-19,2020-01-09,,156396,748349,2
1377302,2019-12-19,2020-01-09,,156413,88527,2
1377303,2019-12-19,2020-01-09,,156424,158491,2
1377304,2019-12-19,2020-01-09,,156424,328260,2
1377305,2019-12-19,2020-01-09,,156424,661122,2
1377306,2019-12-19,2020-01-09,,156424,686703,2
1377307,2019-12-19,2020-01-09,,156456,911572,2
1377308,2019-12-19,2020-01-09,,156484,475629,2
1377309,2019-12-19,2020-01-09,,156514,685642,2
1377310,2019-12-19,2020-01-09,,156557,591250,2
1377311,2019-12-19,2020-01-09,,156557,774046,2
1377312,2019-12-19,2020-01-09,,156620,3835,2
1377313,2019-12-19,2020-01-09,,156687,391564,2
1377314,2019-12-19,2020-01-09,,156835,41938,2
1377315,2019-12-19,2020-01-09,,156861,430143,2
1377316,2019-12-19,2020-01-09,,156869,391248,2
1377317,2019-12-19,2020-01-09,,156912,41046,2
1377318,2019-12-19,2020-01-09,,156912,178059,2
1377319,2019-12-19,2020-01-09,,156912,220843,2
1377320,2019-12-19,2020-01-09,,156912,439205,2
1377321,2019-12-19,2020-01-09,,156912,559257,2
1377322,2019-12-19,2020-01-09,,156912,754635,2
1377323,2019-12-19,2020-01-09,,156912,830200,2
1377324,2019-12-19,2020-01-09,,156971,884721,2
1377325,2019-12-19,2020-01-09,,157042,124453,2
1377326,2019-12-19,2020-01-09,,157144,115969,2
1377327,2019-12-19,2020-01-09,,157654,483045,2
1377328,2019-12-19,2020-01-09,,157821,112889,2
1377329,2019-12-19,2020-01-09,,158026,112729,2
1377330,2019-12-19,2020-01-09,,158056,696695,2
1377331,2019-12-19,2020-01-09,,158070,49435,2
1377332,2019-12-19,2020-01-09,,158305,35990,2
1377333,2019-12-19,2020-01-09,,158327,118434,2
1377334,2019-12-19,2020-01-09,,158402,243712,2
1377335,2019-12-19,2020-01-09,,158499,612589,2
1377336,2019-12-19,2020-01-09,,158644,885489,2
1377337,2019-12-19,2020-01-09,,158666,215176,2
1377338,2019-12-19,2020-01-09,,158922,114474,2
1377339,2019-12-19,2020-01-09,,158944,430853,2
1377340,2019-12-19,2020-01-09,,159057,708216,2
1377341,2019-12-19,2020-01-09,,159168,41411,2
1377342,2019-12-19,2020-01-09,,159176,507138,2
1377343,2019-12-19,2020-01-09,,159401,795024,2
1377344,2019-12-19,2020-01-09,,159455,656784,2
1377345,2019-12-19,2020-01-09,,159518,309509,2
1377346,2019-12-19,2020-01-09,,159605,161496,2
1377347,2019-12-20,2020-01-10,,189,568660,2
1377348,2019-12-20,2020-01-10,,336,533573,2
1377349,2019-12-20,2020-01-10,,474,25817,2
1377350,2019-12-20,2020-01-10,,474,33528,2
1377351,2019-12-20,2020-01-10,,474,394129,2
1377352,2019-12-20,2020-01-10,,474,621075,2
1377353,2019-12-20,2020-01-10,,474,674072,2
1377354,2019-12-20,2020-01-10,,501,923903,2
1377355,2019-12-20,2020-01-10,,597,204385,2
1377356,2019-12-20,2020-01-10,,597,702415,2
1377357,2019-12-20,2020-01-10,,646,435859,2
1377358,2019-12-20,2020-01-10,,667,636158,2
1377359,2019-12-20,2020-01-10,,685,89529,2
1377360,2019-12-20,2020-01-10,,694,396992,2
1377361,2019-12-20,2020-01-10,,698,596152,2
1377362,2019-12-20,2020-01-10,,705,158731,2
1377363,2019-12-20,2020-01-10,,779,590594,2
1377364,2019-12-20,2020-01-10,,796,466088,2
1377365,2019-12-20,2020-01-10,,1001,585886,2
1377366,2019-12-20,2020-01-10,,1119,660960,2
1377367,2019-12-20,2020-01-10,,1220,374053,2
1377368,2019-12-20,2020-01-10,,1247,923666,2
1377369,2019-12-20,2020-01-10,,1326,237022,2
1377370,2019-12-20,2020-01-10,,1399,357884,2
1377371,2019-12-20,2020-01-10,,1423,813500,2
1377372,2019-12-20,2020-01-10,,1530,594365,2
1377373,2019-12-20,2020-01-10,,1542,433148,2
1377374,2019-12-20,2020-01-10,,1649,143712,2
1377375,2019-12-20,2020-01-10,,1737,395517,2
1377376,2019-12-20,2020-01-10,,1737,943249,2
1377377,2019-12-20,2020-01-10,,1739,882034,2
1377378,2019-12-20,2020-01-10,,1766,313466,2
1377379,2019-12-20,2020-01-10,,1840,614785,2
1377380,2019-12-20,2020-01-10,,1847,570572,2
1377381,2019-12-20,2020-01-10,,1854,534143,2
1377382,2019-12-20,2020-01-10,,1854,555969,2
1377383,2019-12-20,2020-01-10,,1854,613579,2
1377384,2019-12-20,2020-01-10,,2053,298940,2
1377385,2019-12-20,2020-01-10,2019-12-31,2486,407215,1
1377386,2019-12-20,2020-01-10,,2526,581754,2
1377387,2019-12-20,2020-01-10,,2713,365304,2
1377388,2019-12-20,2020-01-10,,2780,312876,2
1377389,2019-12-20,2020-01-10,,3218,872583,2
1377390,2019-12-20,2020-01-10,,3673,191106,2
1377391,2019-12-20,2020-01-10,,3782,553561,2
1377392,2019-12-20,2020-01-10,,3819,26135,2
1377393,2019-12-20,2020-01-10,,3819,255786,2
1377394,2019-12-20,2020-01-10,,3819,461791,2
1377395,2019-12-20,2020-01-10,,3831,762318,2
1377396,2019-12-20,2020-01-10,,4074,543442,2
1377397,2019-12-20,2020-01-10,,4121,333050,2
1377398,2019-12-20,2020-01-10,,4121,443575,2
1377399,2019-12-20,2020-01-10,,4121,552225,2
1377400,2019-12-20,2020-01-10,,4121,789505,2
1377401,2019-12-20,2020-01-10,,4121,846897,2
1377402,2019-12-20,2020-01-10,,4121,871820,2
1377403,2019-12-20,2020-01-10,,4264,836177,2
1377404,2019-12-20,2020-01-10,,4494,568344,2
1377405,2019-12-20,2020-01-10,,4584,800110,2
1377406,2019-12-20,2020-01-10,,4858,752618,2
1377407,2019-12-20,2020-01-10,,4918,95436,2
1377408,2019-12-20,2020-01-10,,5002,79898,2
1377409,2019-12-20,2020-01-10,,5120,287923,2
1377410,2019-12-20,2020-01-10,,5121,256278,2
1377411,2019-12-20,2020-01-10,,5151,503278,2
1377412,2019-12-20,2020-01-10,,5369,584611,2
1377413,2019-12-20,2020-01-10,,5412,262778,2
1377414,2019-12-20,2020-01-10,,5456,570255,2
1377415,2019-12-20,2020-01-10,,5650,157234,2
1377416,2019-12-20,2020-01-10,,5674,160054,2
1377417,2019-12-20,2020-01-10,,5674,168350,2
1377418,2019-12-20,2020-01-10,2019-12-31,5674,394501,1
1377419,2019-12-20,2020-01-10,,5674,947317,2
1377420,2019-12-20,2020-01-10,,5765,87828,2
1377421,2019-12-20,2020-01-10,,5798,650473,2
1377422,2019-12-20,2020-01-10,,5886,858574,2
1377423,2019-12-20,2020-01-10,,6006,239027,2
1377424,2019-12-20,2020-01-10,,6022,886532,2
1377425,2019-12-20,2020-01-10,,6050,625888,2
1377426,2019-12-20,2020-01-10,,6247,435903,2
1377427,2019-12-20,2020-01-10,,6305,134465,2
1377428,2019-12-20,2020-01-10,,6305,175859,2
1377429,2019-12-20,2020-01-10,,6376,494626,2
1377430,2019-12-20,2020-01-10,,6517,419485,2
1377431,2019-12-20,2020-01-10,,6517,926761,2
1377432,2019-12-20,2020-01-10,,6563,132057,2
1377433,2019-12-20,2020-01-10,,6563,150690,2
1377434,2019-12-20,2020-01-10,,6563,164062,2
1377435,2019-12-20,2020-01-10,,6566,529135,2
1377436,2019-12-20,2020-01-10,,6619,4283,2
1377437,2019-12-20,2020-01-10,,6619,24336,2
1377438,2019-12-20,2020-01-10,,6619,31763,2
1377439,2019-12-20,2020-01-10,,6619,35349,2
1377440,2019-12-20,2020-01-10,,6619,142962,2
1377441,2019-12-20,2020-01-10,,6619,550949,2
1377442,2019-12-20,2020-01-10,,6619,557272,2
1377443,2019-12-20,2020-01-10,,6619,570864,2
1377444,2019-12-20,2020-01-10,,6619,754633,2
1377445,2019-12-20,2020-01-10,,6619,830192,2
1377446,2019-12-20,2020-01-10,2019-12-31,6619,831923,1
1377447,2019-12-20,2020-01-10,,6619,851779,2
1377448,2019-12-20,2020-01-10,,6619,890524,2
1377449,2019-12-20,2020-01-10,,6619,909334,2
1377450,2019-12-20,2020-01-10,,6619,924728,2
1377451,2019-12-20,2020-01-10,,6699,276588,2
1377452,2019-12-20,2020-01-10,,6790,271337,2
1377453,2019-12-20,2020-01-10,,6924,532215,2
1377454,2019-12-20,2020-01-10,,6942,790010,2
1377455,2019-12-20,2020-01-10,,6954,571651,2
1377456,2019-12-20,2020-01-10,,6986,689402,2
1377457,2019-12-20,2020-01-10,,7022,149868,2
1377458,2019-12-20,2020-01-10,,7206,624049,2
1377459,2019-12-20,2020-01-10,,7579,57766,2
1377460,2019-12-20,2020-01-10,,7588,378050,2
1377461,2019-12-20,2020-01-10,,7736,19639,2
1377462,2019-12-20,2020-01-10,,7825,891699,2
1377463,2019-12-20,2020-01-10,,7844,378422,2
1377464,2019-12-20,2020-01-10,,7857,426317,2
1377465,2019-12-20,2020-01-10,,7875,193988,2
1377466,2019-12-20,2020-01-10,,8000,46914,2
1377467,2019-12-20,2020-01-10,,8002,242641,2
1377468,2019-12-20,2020-01-10,,8201,48746,2
1377469,2019-12-20,2020-01-10,,8333,320654,2
1377470,2019-12-20,2020-01-10,,8401,658900,2
1377471,2019-12-20,2020-01-10,,8401,669362,2
1377472,2019-12-20,2020-01-10,,8401,850573,2
1377473,2019-12-20,2020-01-10,,8401,906483,2
1377474,2019-12-20,2020-01-10,,8451,686401,2
1377475,2019-12-20,2020-01-10,,8491,713911,2
1377476,2019-12-20,2020-01-10,,8554,925487,2
1377477,2019-12-20,2020-01-10,,8587,297584,2
1377478,2019-12-20,2020-01-10,,8620,401279,2
1377479,2019-12-20,2020-01-10,,8805,934112,2
1377480,2019-12-20,2020-01-10,,9273,81302,2
1377481,2019-12-20,2020-01-10,,9300,570299,2
1377482,2019-12-20,2020-01-10,,9342,853750,2
1377483,2019-12-20,2020-01-10,,9428,433758,2
1377484,2019-12-20,2020-01-10,,9534,532586,2
1377485,2019-12-20,2020-01-10,,9541,190171,2
1377486,2019-12-20,2020-01-10,,9554,591590,2
1377487,2019-12-20,2020-01-10,,9592,76244,2
1377488,2019-12-20,2020-01-10,,9607,601025,2
1377489,2019-12-20,2020-01-10,,9854,291226,2
1377490,2019-12-20,2020-01-10,,9885,268447,2
1377491,2019-12-20,2020-01-10,,9892,522790,2
1377492,2019-12-20,2020-01-10,,9908,744682,2
1377493,2019-12-20,2020-01-10,,9943,542577,2
1377494,2019-12-20,2020-01-10,,10028,565423,2
1377495,2019-12-20,2020-01-10,,10050,335396,2
1377496,2019-12-20,2020-01-10,,10060,439964,2
1377497,2019-12-20,2020-01-10,,10301,541608,2
1377498,2019-12-20,2020-01-10,,10432,766233,2
1377499,2019-12-20,2020-01-10,,10432,894829,2
1377500,2019-12-20,2020-01-10,,10566,30955,2
1377501,2019-12-20,2020-01-10,,10628,18815,2
1377502,2019-12-20,2020-01-10,,10671,891726,2
1377503,2019-12-20,2020-01-10,,10857,449475,2
1377504,2019-12-20,2020-01-10,,10921,333588,2
1377505,2019-12-20,2020-01-10,,10924,458455,2
1377506,2019-12-20,2020-01-10,,10979,878645,2
1377507,2019-12-20,2020-01-10,,11046,697951,2
1377508,2019-12-20,2020-01-10,,11408,298143,2
1377509,2019-12-20,2020-01-10,,11480,590947,2
1377510,2019-12-20,2020-01-10,,11489,250284,2
1377511,2019-12-20,2020-01-10,,11777,697600,2
1377512,2019-12-20,2020-01-10,,11787,596047,2
1377513,2019-12-20,2020-01-10,,11854,783076,2
1377514,2019-12-20,2020-01-10,,12016,300004,2
1377515,2019-12-20,2020-01-10,,12081,609331,2
1377516,2019-12-20,2020-01-10,,12088,538620,2
1377517,2019-12-20,2020-01-10,,12112,335016,2
1377518,2019-12-20,2020-01-10,,12121,132231,2
1377519,2019-12-20,2020-01-10,,12137,689223,2
1377520,2019-12-20,2020-01-10,,12376,893527,2
1377521,2019-12-20,2020-01-10,,12564,663398,2
1377522,2019-12-20,2020-01-10,,12621,274692,2
1377523,2019-12-20,2020-01-10,,12659,13803,2
1377524,2019-12-20,2020-01-10,,12688,378883,2
1377525,2019-12-20,2020-01-10,,12770,752220,2
1377526,2019-12-20,2020-01-10,,12826,885228,2
1377527,2019-12-20,2020-01-10,,12846,424217,2
1377528,2019-12-20,2020-01-10,,12846,891126,2
1377529,2019-12-20,2020-01-10,,12937,82970,2
1377530,2019-12-20,2020-01-10,,12952,560848,2
1377531,2019-12-20,2020-01-10,,13079,937936,2
1377532,2019-12-20,2020-01-10,,13090,643779,2
1377533,2019-12-20,2020-01-10,,13153,202513,2
1377534,2019-12-20,2020-01-10,,13167,818958,2
1377535,2019-12-20,2020-01-10,,13340,232290,2
1377536,2019-12-20,2020-01-10,,13437,18741,2
1377537,2019-12-20,2020-01-10,,13530,133048,2
1377538,2019-12-20,2020-01-10,,13601,857337,2
1377539,2019-12-20,2020-01-10,,13788,73058,2
1377540,2019-12-20,2020-01-10,,13788,96539,2
1377541,2019-12-20,2020-01-10,,13788,395223,2
1377542,2019-12-20,2020-01-10,,13788,533406,2
1377543,2019-12-20,2020-01-10,,13839,262197,2
1377544,2019-12-20,2020-01-10,,14010,228091,2
1377545,2019-12-20,2020-01-10,,14132,896315,2
1377546,2019-12-20,2020-01-10,,14325,109622,2
1377547,2019-12-20,2020-01-10,,14325,326212,2
1377548,2019-12-20,2020-01-10,,14325,557954,2
1377549,2019-12-20,2020-01-10,,14367,835128,2
1377550,2019-12-20,2020-01-10,,14453,95515,2
1377551,2019-12-20,2020-01-10,,14514,498292,2
1377552,2019-12-20,2020-01-10,,14660,395381,2
1377553,2019-12-20,2020-01-10,,14871,544318,2
1377554,2019-12-20,2020-01-10,,14976,104149,2
1377555,2019-12-20,2020-01-10,,15015,524619,2
1377556,2019-12-20,2020-01-10,,15046,685419,2
1377557,2019-12-20,2020-01-10,,15169,444374,2
1377558,2019-12-20,2020-01-10,,15193,415706,2
1377559,2019-12-20,2020-01-10,,15228,622531,2
1377560,2019-12-20,2020-01-10,,15392,626576,2
1377561,2019-12-20,2020-01-10,,15408,402920,2
1377562,2019-12-20,2020-01-10,,15793,870794,2
1377563,2019-12-20,2020-01-10,,15805,608666,2
1377564,2019-12-20,2020-01-10,,15862,72270,2
1377565,2019-12-20,2020-01-10,,15951,599538,2
1377566,2019-12-20,2020-01-10,,15994,247025,2
1377567,2019-12-20,2020-01-10,,16070,570653,2
1377568,2019-12-20,2020-01-10,,16405,474813,2
1377569,2019-12-20,2020-01-10,,16417,453154,2
1377570,2019-12-20,2020-01-10,,16481,215246,2
1377571,2019-12-20,2020-01-10,,16502,360247,2
1377572,2019-12-20,2020-01-10,,16502,599375,2
1377573,2019-12-20,2020-01-10,,16531,134593,2
1377574,2019-12-20,2020-01-10,,16531,216074,2
1377575,2019-12-20,2020-01-10,,16533,49505,2
1377576,2019-12-20,2020-01-10,,16753,212012,2
1377577,2019-12-20,2020-01-10,,16753,224964,2
1377578,2019-12-20,2020-01-10,,16753,424688,2
1377579,2019-12-20,2020-01-10,,16854,698030,2
1377580,2019-12-20,2020-01-10,2019-12-31,16995,35666,1
1377581,2019-12-20,2020-01-10,,17097,472174,2
1377582,2019-12-20,2020-01-10,,17277,204169,2
1377583,2019-12-20,2020-01-10,,17277,670934,2
1377584,2019-12-20,2020-01-10,2019-12-31,17277,877556,1
1377585,2019-12-20,2020-01-10,,17391,482566,2
1377586,2019-12-20,2020-01-10,,17395,319961,2
1377587,2019-12-20,2020-01-10,,17466,462857,2
1377588,2019-12-20,2020-01-10,,17564,58611,2
1377589,2019-12-20,2020-01-10,,17619,397159,2
1377590,2019-12-20,2020-01-10,,17706,418394,2
1377591,2019-12-20,2020-01-10,,17716,575031,2
1377592,2019-12-20,2020-01-10,,17783,104535,2
1377593,2019-12-20,2020-01-10,,18042,873109,2
1377594,2019-12-20,2020-01-10,,18151,470262,2
1377595,2019-12-20,2020-01-10,,18197,497472,2
1377596,2019-12-20,2020-01-10,,18271,605102,2
1377597,2019-12-20,2020-01-10,,18313,449659,2
1377598,2019-12-20,2020-01-10,,18313,605198,2
1377599,2019-12-20,2020-01-10,,18313,842987,2
1377600,2019-12-20,2020-01-10,,18313,937724,2
1377601,2019-12-20,2020-01-10,,18324,864814,2
1377602,2019-12-20,2020-01-10,,18658,67816,2
1377603,2019-12-20,2020-01-10,,18714,172833,2
1377604,2019-12-20,2020-01-10,,18860,443678,2
1377605,2019-12-20,2020-01-10,,18908,817533,2
1377606,2019-12-20,2020-01-10,,18983,623863,2
1377607,2019-12-20,2020-01-10,,19014,744532,2
1377608,2019-12-20,2020-01-10,,19254,525101,2
1377609,2019-12-20,2020-01-10,,19272,790519,2
1377610,2019-12-20,2020-01-10,,19349,741429,2
1377611,2019-12-20,2020-01-10,,19393,465622,2
1377612,2019-12-20,2020-01-10,,19428,845094,2
1377613,2019-12-20,2020-01-10,,19506,315774,2
1377614,2019-12-20,2020-01-10,,19537,387442,2
1377615,2019-12-20,2020-01-10,,19567,756091,2
1377616,2019-12-20,2020-01-10,,19582,762881,2
1377617,2019-12-20,2020-01-10,,19582,911054,2
1377618,2019-12-20,2020-01-10,,19634,437054,2
1377619,2019-12-20,2020-01-10,,19783,924577,2
1377620,2019-12-20,2020-01-10,,19842,451977,2
1377621,2019-12-20,2020-01-10,,20026,233260,2
1377622,2019-12-20,2020-01-10,,20092,694732,2
1377623,2019-12-20,2020-01-10,,20096,336504,2
1377624,2019-12-20,2020-01-10,,20559,316805,2
1377625,2019-12-20,2020-01-10,,20657,608468,2
1377626,2019-12-20,2020-01-10,,20852,700435,2
1377627,2019-12-20,2020-01-10,,20908,616688,2
1377628,2019-12-20,2020-01-10,,20983,17674,2
1377629,2019-12-20,2020-01-10,,20983,274557,2
1377630,2019-12-20,2020-01-10,,21099,146515,2
1377631,2019-12-20,2020-01-10,,21118,491609,2
1377632,2019-12-20,2020-01-10,,21153,365184,2
1377633,2019-12-20,2020-01-10,,21290,209827,2
1377634,2019-12-20,2020-01-10,,21394,810025,2
1377635,2019-12-20,2020-01-10,,21503,263604,2
1377636,2019-12-20,2020-01-10,,21525,181294,2
1377637,2019-12-20,2020-01-10,,21888,369836,2
1377638,2019-12-20,2020-01-10,,21888,879907,2
1377639,2019-12-20,2020-01-10,,22013,159205,2
1377640,2019-12-20,2020-01-10,,22066,161252,2
1377641,2019-12-20,2020-01-10,,22199,372807,2
1377642,2019-12-20,2020-01-10,,22234,359321,2
1377643,2019-12-20,2020-01-10,,22318,845947,2
1377644,2019-12-20,2020-01-10,,22369,563851,2
1377645,2019-12-20,2020-01-10,,22517,698861,2
1377646,2019-12-20,2020-01-10,,22630,641474,2
1377647,2019-12-20,2020-01-10,,22650,2153,2
1377648,2019-12-20,2020-01-10,,23224,320102,2
1377649,2019-12-20,2020-01-10,,23239,532902,2
1377650,2019-12-20,2020-01-10,,23277,858910,2
1377651,2019-12-20,2020-01-10,,23491,348507,2
1377652,2019-12-20,2020-01-10,,23555,743886,2
1377653,2019-12-20,2020-01-10,,23768,326609,2
1377654,2019-12-20,2020-01-10,,23851,229485,2
1377655,2019-12-20,2020-01-10,,23907,360744,2
1377656,2019-12-20,2020-01-10,,23907,484238,2
1377657,2019-12-20,2020-01-10,,23996,455505,2
1377658,2019-12-20,2020-01-10,,23996,528432,2
1377659,2019-12-20,2020-01-10,,24368,229100,2
1377660,2019-12-20,2020-01-10,,24888,93674,2
1377661,2019-12-20,2020-01-10,,24888,315254,2
1377662,2019-12-20,2020-01-10,,24888,387375,2
1377663,2019-12-20,2020-01-10,,24888,397160,2
1377664,2019-12-20,2020-01-10,,24888,445513,2
1377665,2019-12-20,2020-01-10,,24903,286888,2
1377666,2019-12-20,2020-01-10,,24970,510382,2
1377667,2019-12-20,2020-01-10,,25217,563102,2
1377668,2019-12-20,2020-01-10,,25222,273912,2
1377669,2019-12-20,2020-01-10,,25231,949990,2
1377670,2019-12-20,2020-01-10,,25359,323505,2
1377671,2019-12-20,2020-01-10,,25887,621585,2
1377672,2019-12-20,2020-01-10,,25922,8981,2
1377673,2019-12-20,2020-01-10,,25940,584310,2
1377674,2019-12-20,2020-01-10,,26154,710815,2
1377675,2019-12-20,2020-01-10,,26522,717904,2
1377676,2019-12-20,2020-01-10,,26622,795590,2
1377677,2019-12-20,2020-01-10,,26688,198727,2
1377678,2019-12-20,2020-01-10,,26724,777579,2
1377679,2019-12-20,2020-01-10,,26780,96930,2
1377680,2019-12-20,2020-01-10,,26866,438875,2
1377681,2019-12-20,2020-01-10,,27025,705830,2
1377682,2019-12-20,2020-01-10,,27066,32703,2
1377683,2019-12-20,2020-01-10,,27116,401971,2
1377684,2019-12-20,2020-01-10,,27326,341790,2
1377685,2019-12-20,2020-01-10,,27343,396863,2
1377686,2019-12-20,2020-01-10,,27507,575495,2
1377687,2019-12-20,2020-01-10,,27653,27552,2
1377688,2019-12-20,2020-01-10,2019-12-31,27663,212368,1
1377689,2019-12-20,2020-01-10,,27684,342658,2
1377690,2019-12-20,2020-01-10,,27684,817694,2
1377691,2019-12-20,2020-01-10,,27714,849663,2
1377692,2019-12-20,2020-01-10,,27807,785205,2
1377693,2019-12-20,2020-01-10,,27830,392062,2
1377694,2019-12-20,2020-01-10,,27936,648639,2
1377695,2019-12-20,2020-01-10,,28044,710514,2
1377696,2019-12-20,2020-01-10,,28102,190917,2
1377697,2019-12-20,2020-01-10,,28295,113247,2
1377698,2019-12-20,2020-01-10,,28453,91010,2
1377699,2019-12-20,2020-01-10,,28723,896805,2
1377700,2019-12-20,2020-01-10,,28748,819183,2
1377701,2019-12-20,2020-01-10,,28847,249295,2
1377702,2019-12-20,2020-01-10,,28847,782176,2
1377703,2019-12-20,2020-01-10,,28971,127391,2
1377704,2019-12-20,2020-01-10,,28971,399319,2
1377705,2019-12-20,2020-01-10,,29003,571459,2
1377706,2019-12-20,2020-01-10,,29094,67062,2
1377707,2019-12-20,2020-01-10,,29131,826372,2
1377708,2019-12-20,2020-01-10,,29613,265675,2
1377709,2019-12-20,2020-01-10,,29629,439974,2
1377710,2019-12-20,2020-01-10,,29631,330020,2
1377711,2019-12-20,2020-01-10,,29631,583928,2
1377712,2019-12-20,2020-01-10,,29631,933887,2
1377713,2019-12-20,2020-01-10,,29727,798705,2
1377714,2019-12-20,2020-01-10,,29776,857470,2
1377715,2019-12-20,2020-01-10,,29857,89148,2
1377716,2019-12-20,2020-01-10,,29857,892880,2
1377717,2019-12-20,2020-01-10,,29883,311020,2
1377718,2019-12-20,2020-01-10,,29930,908525,2
1377719,2019-12-20,2020-01-10,,30068,64686,2
1377720,2019-12-20,2020-01-10,,30136,188161,2
1377721,2019-12-20,2020-01-10,,30136,282957,2
1377722,2019-12-20,2020-01-10,,30167,672529,2
1377723,2019-12-20,2020-01-10,,30213,451915,2
1377724,2019-12-20,2020-01-10,,30286,305972,2
1377725,2019-12-20,2020-01-10,,30305,123827,2
1377726,2019-12-20,2020-01-10,,30464,626160,2
1377727,2019-12-20,2020-01-10,,30673,313617,2
1377728,2019-12-20,2020-01-10,,30842,271002,2
1377729,2019-12-20,2020-01-10,,30859,425096,2
1377730,2019-12-20,2020-01-10,,30926,764400,2
1377731,2019-12-20,2020-01-10,,30954,874537,2
1377732,2019-12-20,2020-01-10,,31126,841402,2
1377733,2019-12-20,2020-01-10,,31146,547174,2
1377734,2019-12-20,2020-01-10,,31228,954278,2
1377735,2019-12-20,2020-01-10,,31374,115167,2
1377736,2019-12-20,2020-01-10,,31393,266131,2
1377737,2019-12-20,2020-01-10,,31393,298551,2
1377738,2019-12-20,2020-01-10,,31662,506689,2
1377739,2019-12-20,2020-01-10,,31882,783696,2
1377740,2019-12-20,2020-01-10,,31988,304156,2
1377741,2019-12-20,2020-01-10,,32060,634962,2
1377742,2019-12-20,2020-01-10,,32087,765838,2
1377743,2019-12-20,2020-01-10,,32090,513840,2
1377744,2019-12-20,2020-01-10,,32090,911049,2
1377745,2019-12-20,2020-01-10,,32163,267138,2
1377746,2019-12-20,2020-01-10,,32317,25639,2
1377747,2019-12-20,2020-01-10,,32478,252415,2
1377748,2019-12-20,2020-01-10,,32478,632365,2
1377749,2019-12-20,2020-01-10,,32509,193100,2
1377750,2019-12-20,2020-01-10,,32564,934321,2
1377751,2019-12-20,2020-01-10,2019-12-31,32647,172815,1
1377752,2019-12-20,2020-01-10,,32659,324970,2
1377753,2019-12-20,2020-01-10,,33010,52031,2
1377754,2019-12-20,2020-01-10,,33247,766301,2
1377755,2019-12-20,2020-01-10,,33372,487355,2
1377756,2019-12-20,2020-01-10,,33416,147549,2
1377757,2019-12-20,2020-01-10,,33518,86937,2
1377758,2019-12-20,2020-01-10,,33518,619312,2
1377759,2019-12-20,2020-01-10,,33518,850172,2
1377760,2019-12-20,2020-01-10,,33524,740340,2
1377761,2019-12-20,2020-01-10,,33664,807273,2
1377762,2019-12-20,2020-01-10,,33716,847768,2
1377763,2019-12-20,2020-01-10,,33718,395366,2
1377764,2019-12-20,2020-01-10,,33921,318922,2
1377765,2019-12-20,2020-01-10,,34067,313104,2
1377766,2019-12-20,2020-01-10,,34079,615248,2
1377767,2019-12-20,2020-01-10,,34083,61917,2
1377768,2019-12-20,2020-01-10,,34167,51222,2
1377769,2019-12-20,2020-01-10,,34167,103864,2
1377770,2019-12-20,2020-01-10,,34167,552256,2
1377771,2019-12-20,2020-01-10,,34167,701951,2
1377772,2019-12-20,2020-01-10,,34212,461221,2
1377773,2019-12-20,2020-01-10,,34483,469400,2
1377774,2019-12-20,2020-01-10,,34650,36667,2
1377775,2019-12-20,2020-01-10,,34729,310094,2
1377776,2019-12-20,2020-01-10,,34767,121791,2
1377777,2019-12-20,2020-01-10,,34792,622705,2
1377778,2019-12-20,2020-01-10,,34798,472639,2
1377779,2019-12-20,2020-01-10,,34818,62749,2
1377780,2019-12-20,2020-01-10,,34842,223501,2
1377781,2019-12-20,2020-01-10,,34850,100756,2
1377782,2019-12-20,2020-01-10,,34850,201351,2
1377783,2019-12-20,2020-01-10,,35012,320071,2
1377784,2019-12-20,2020-01-10,,35013,244013,2
1377785,2019-12-20,2020-01-10,,35048,69289,2
1377786,2019-12-20,2020-01-10,,35077,207249,2
1377787,2019-12-20,2020-01-10,,35223,505560,2
1377788,2019-12-20,2020-01-10,,35415,223008,2
1377789,2019-12-20,2020-01-10,,35499,34708,2
1377790,2019-12-20,2020-01-10,,35519,213973,2
1377791,2019-12-20,2020-01-10,,35582,104365,2
1377792,2019-12-20,2020-01-10,,35611,843299,2
1377793,2019-12-20,2020-01-10,,35721,363902,2
1377794,2019-12-20,2020-01-10,,35727,138286,2
1377795,2019-12-20,2020-01-10,,35729,79941,2
1377796,2019-12-20,2020-01-10,,35769,298181,2
1377797,2019-12-20,2020-01-10,,35788,921328,2
1377798,2019-12-20,2020-01-10,,35791,179380,2
1377799,2019-12-20,2020-01-10,,35936,726800,2
1377800,2019-12-20,2020-01-10,,35974,213517,2
1377801,2019-12-20,2020-01-10,,36003,673023,2
1377802,2019-12-20,2020-01-10,,36076,723403,2
1377803,2019-12-20,2020-01-10,,36258,450819,2
1377804,2019-12-20,2020-01-10,,36369,783011,2
1377805,2019-12-20,2020-01-10,,36538,348522,2
1377806,2019-12-20,2020-01-10,,36680,713527,2
1377807,2019-12-20,2020-01-10,2019-12-30,36696,255975,1
1377808,2019-12-20,2020-01-10,,36755,334999,2
1377809,2019-12-20,2020-01-10,,36928,246174,2
1377810,2019-12-20,2020-01-10,,36928,776790,2
1377811,2019-12-20,2020-01-10,,36964,807439,2
1377812,2019-12-20,2020-01-10,,36989,613592,2
1377813,2019-12-20,2020-01-10,,37239,289464,2
1377814,2019-12-20,2020-01-10,,37259,197694,2
1377815,2019-12-20,2020-01-10,,37368,516880,2
1377816,2019-12-20,2020-01-10,,37397,492709,2
1377817,2019-12-20,2020-01-10,,37450,104418,2
1377818,2019-12-20,2020-01-10,,37457,802389,2
1377819,2019-12-20,2020-01-10,,38041,747862,2
1377820,2019-12-20,2020-01-10,,38368,96312,2
1377821,2019-12-20,2020-01-10,,38456,653405,2
1377822,2019-12-20,2020-01-10,,38954,5411,2
1377823,2019-12-20,2020-01-10,,38954,644663,2
1377824,2019-12-20,2020-01-10,,38954,764196,2
1377825,2019-12-20,2020-01-10,,39068,681920,2
1377826,2019-12-20,2020-01-10,,39124,936693,2
1377827,2019-12-20,2020-01-10,,39192,245438,2
1377828,2019-12-20,2020-01-10,,39313,41063,2
1377829,2019-12-20,2020-01-10,,39358,713884,2
1377830,2019-12-20,2020-01-10,,39453,243423,2
1377831,2019-12-20,2020-01-10,,39680,391164,2
1377832,2019-12-20,2020-01-10,,39770,379363,2
1377833,2019-12-20,2020-01-10,,39838,600624,2
1377834,2019-12-20,2020-01-10,,39975,61471,2
1377835,2019-12-20,2020-01-10,,40260,371842,2
1377836,2019-12-20,2020-01-10,,40267,179147,2
1377837,2019-12-20,2020-01-10,,40289,806104,2
1377838,2019-12-20,2020-01-10,,40333,195177,2
1377839,2019-12-20,2020-01-10,,40523,776414,2
1377840,2019-12-20,2020-01-10,,40722,14256,2
1377841,2019-12-20,2020-01-10,,40856,481111,2
1377842,2019-12-20,2020-01-10,,40902,789832,2
1377843,2019-12-20,2020-01-10,,40944,767393,2
1377844,2019-12-20,2020-01-10,,40975,125547,2
1377845,2019-12-20,2020-01-10,,41006,33506,2
1377846,2019-12-20,2020-01-10,,41167,790828,2
1377847,2019-12-20,2020-01-10,,41240,445468,2
1377848,2019-12-20,2020-01-10,,41241,328799,2
1377849,2019-12-20,2020-01-10,,41450,325503,2
1377850,2019-12-20,2020-01-10,,41483,805600,2
1377851,2019-12-20,2020-01-10,,41487,131200,2
1377852,2019-12-20,2020-01-10,2019-12-30,41535,616085,1
1377853,2019-12-20,2020-01-10,,41628,25727,2
1377854,2019-12-20,2020-01-10,,41669,638096,2
1377855,2019-12-20,2020-01-10,,41788,22146,2
1377856,2019-12-20,2020-01-10,,41788,108451,2
1377857,2019-12-20,2020-01-10,,41788,901446,2
1377858,2019-12-20,2020-01-10,,41827,553888,2
1377859,2019-12-20,2020-01-10,,41955,255766,2
1377860,2019-12-20,2020-01-10,,42075,167710,2
1377861,2019-12-20,2020-01-10,,42172,600093,2
1377862,2019-12-20,2020-01-10,,42287,235230,2
1377863,2019-12-20,2020-01-10,,42557,835579,2
1377864,2019-12-20,2020-01-10,,42557,904242,2
1377865,2019-12-20,2020-01-10,,42697,65613,2
1377866,2019-12-20,2020-01-10,,42883,841469,2
1377867,2019-12-20,2020-01-10,,43068,843154,2
1377868,2019-12-20,2020-01-10,,43209,566657,2
1377869,2019-12-20,2020-01-10,,43209,805120,2
1377870,2019-12-20,2020-01-10,,43209,904248,2
1377871,2019-12-20,2020-01-10,,43288,109045,2
1377872,2019-12-20,2020-01-10,,43322,22653,2
1377873,2019-12-20,2020-01-10,,43322,697632,2
1377874,2019-12-20,2020-01-10,,43544,421191,2
1377875,2019-12-20,2020-01-10,,43544,461607,2
1377876,2019-12-20,2020-01-10,,43544,634665,2
1377877,2019-12-20,2020-01-10,,43615,387352,2
1377878,2019-12-20,2020-01-10,,43615,455489,2
1377879,2019-12-20,2020-01-10,,43615,563268,2
1377880,2019-12-20,2020-01-10,,43615,846267,2
1377881,2019-12-20,2020-01-10,,43678,934217,2
1377882,2019-12-20,2020-01-10,,43742,115576,2
1377883,2019-12-20,2020-01-10,,43884,62472,2
1377884,2019-12-20,2020-01-10,,44161,73545,2
1377885,2019-12-20,2020-01-10,,44267,913814,2
1377886,2019-12-20,2020-01-10,,44296,710353,2
1377887,2019-12-20,2020-01-10,,44561,501492,2
1377888,2019-12-20,2020-01-10,2019-12-31,44579,638697,1
1377889,2019-12-20,2020-01-10,,44604,189177,2
1377890,2019-12-20,2020-01-10,,44737,440819,2
1377891,2019-12-20,2020-01-10,,44856,656275,2
1377892,2019-12-20,2020-01-10,,44904,551074,2
1377893,2019-12-20,2020-01-10,,44908,892924,2
1377894,2019-12-20,2020-01-10,,45050,698718,2
1377895,2019-12-20,2020-01-10,,45071,771327,2
1377896,2019-12-20,2020-01-10,,45330,446379,2
1377897,2019-12-20,2020-01-10,,45330,705831,2
1377898,2019-12-20,2020-01-10,,45330,760961,2
1377899,2019-12-20,2020-01-10,,45378,737586,2
1377900,2019-12-20,2020-01-10,,45386,849428,2
1377901,2019-12-20,2020-01-10,,45541,425054,2
1377902,2019-12-20,2020-01-10,2019-12-31,45559,158589,1
1377903,2019-12-20,2020-01-10,,45564,858462,2
1377904,2019-12-20,2020-01-10,,45585,657757,2
1377905,2019-12-20,2020-01-10,,45713,340686,2
1377906,2019-12-20,2020-01-10,,45802,671684,2
1377907,2019-12-20,2020-01-10,,46027,745537,2
1377908,2019-12-20,2020-01-10,,46061,857632,2
1377909,2019-12-20,2020-01-10,,46194,742785,2
1377910,2019-12-20,2020-01-10,,46290,638804,2
1377911,2019-12-20,2020-01-10,,46347,194620,2
1377912,2019-12-20,2020-01-10,,46372,563552,2
1377913,2019-12-20,2020-01-10,,46448,861887,2
1377914,2019-12-20,2020-01-10,,46506,314494,2
1377915,2019-12-20,2020-01-10,,46530,119583,2
1377916,2019-12-20,2020-01-10,,46639,193660,2
1377917,2019-12-20,2020-01-10,,46727,436969,2
1377918,2019-12-20,2020-01-10,,46804,740152,2
1377919,2019-12-20,2020-01-10,,46833,954282,2
1377920,2019-12-20,2020-01-10,,46887,359665,2
1377921,2019-12-20,2020-01-10,,46913,54151,2
1377922,2019-12-20,2020-01-10,,47079,697807,2
1377923,2019-12-20,2020-01-10,,47133,670409,2
1377924,2019-12-20,2020-01-10,,47229,611325,2
1377925,2019-12-20,2020-01-10,,47236,49522,2
1377926,2019-12-20,2020-01-10,,47236,167711,2
1377927,2019-12-20,2020-01-10,,47236,174754,2
1377928,2019-12-20,2020-01-10,,47379,36878,2
1377929,2019-12-20,2020-01-10,,47379,377032,2
1377930,2019-12-20,2020-01-10,,47464,608726,2
1377931,2019-12-20,2020-01-10,,47758,26189,2
1377932,2019-12-20,2020-01-10,,47758,235673,2
1377933,2019-12-20,2020-01-10,,48049,248111,2
1377934,2019-12-20,2020-01-10,,48106,755006,2
1377935,2019-12-20,2020-01-10,,48123,877967,2
1377936,2019-12-20,2020-01-10,,48209,733729,2
1377937,2019-12-20,2020-01-10,,48260,559492,2
1377938,2019-12-20,2020-01-10,,48295,109802,2
1377939,2019-12-20,2020-01-10,,48298,306309,2
1377940,2019-12-20,2020-01-10,,48331,6958,2
1377941,2019-12-20,2020-01-10,,48332,287045,2
1377942,2019-12-20,2020-01-10,,48411,856933,2
1377943,2019-12-20,2020-01-10,,48483,937399,2
1377944,2019-12-20,2020-01-10,,48486,895984,2
1377945,2019-12-20,2020-01-10,,48605,500584,2
1377946,2019-12-20,2020-01-10,,48819,505367,2
1377947,2019-12-20,2020-01-10,,48827,211217,2
1377948,2019-12-20,2020-01-10,,48877,15904,2
1377949,2019-12-20,2020-01-10,,48881,420504,2
1377950,2019-12-20,2020-01-10,,48881,604943,2
1377951,2019-12-20,2020-01-10,,48881,949784,2
1377952,2019-12-20,2020-01-10,,48935,97185,2
1377953,2019-12-20,2020-01-10,,49030,788847,2
1377954,2019-12-20,2020-01-10,,49270,18040,2
1377955,2019-12-20,2020-01-10,,49396,602666,2
1377956,2019-12-20,2020-01-10,,49753,143561,2
1377957,2019-12-20,2020-01-10,,49785,815302,2
1377958,2019-12-20,2020-01-10,,49901,549820,2
1377959,2019-12-20,2020-01-10,,49901,601386,2
1377960,2019-12-20,2020-01-10,,49903,828802,2
1377961,2019-12-20,2020-01-10,,49920,592324,2
1377962,2019-12-20,2020-01-10,,50088,879079,2
1377963,2019-12-20,2020-01-10,,50145,333063,2
1377964,2019-12-20,2020-01-10,,50262,601669,2
1377965,2019-12-20,2020-01-10,,50404,197188,2
1377966,2019-12-20,2020-01-10,,50436,629814,2
1377967,2019-12-20,2020-01-10,,50506,488141,2
1377968,2019-12-20,2020-01-10,,50554,802116,2
1377969,2019-12-20,2020-01-10,,50775,365204,2
1377970,2019-12-20,2020-01-10,,50826,507120,2
1377971,2019-12-20,2020-01-10,,50886,170689,2
1377972,2019-12-20,2020-01-10,,50902,154982,2
1377973,2019-12-20,2020-01-10,,50972,2732,2
1377974,2019-12-20,2020-01-10,,51038,157023,2
1377975,2019-12-20,2020-01-10,,51179,276537,2
1377976,2019-12-20,2020-01-10,,51268,287790,2
1377977,2019-12-20,2020-01-10,,51502,762578,2
1377978,2019-12-20,2020-01-10,,51576,673318,2
1377979,2019-12-20,2020-01-10,,51631,863909,2
1377980,2019-12-20,2020-01-10,,51639,753248,2
1377981,2019-12-20,2020-01-10,,51699,444986,2
1377982,2019-12-20,2020-01-10,,51858,825812,2
1377983,2019-12-20,2020-01-10,,51858,841367,2
1377984,2019-12-20,2020-01-10,,51905,250681,2
1377985,2019-12-20,2020-01-10,,51921,511909,2
1377986,2019-12-20,2020-01-10,,51933,852656,2
1377987,2019-12-20,2020-01-10,,51975,136372,2
1377988,2019-12-20,2020-01-10,,52049,622742,2
1377989,2019-12-20,2020-01-10,,52079,949302,2
1377990,2019-12-20,2020-01-10,,52159,688710,2
1377991,2019-12-20,2020-01-10,,52162,470263,2
1377992,2019-12-20,2020-01-10,,52336,869368,2
1377993,2019-12-20,2020-01-10,,52340,166463,2
1377994,2019-12-20,2020-01-10,,52453,392874,2
1377995,2019-12-20,2020-01-10,,52656,105819,2
1377996,2019-12-20,2020-01-10,,52656,246256,2
1377997,2019-12-20,2020-01-10,,52656,761208,2
1377998,2019-12-20,2020-01-10,,52715,536838,2
1377999,2019-12-20,2020-01-10,,52790,114577,2
1378000,2019-12-20,2020-01-10,,52821,584811,2
1378001,2019-12-20,2020-01-10,,52821,686648,2
1378002,2019-12-20,2020-01-10,,52862,361239,2
1378003,2019-12-20,2020-01-10,,52935,286530,2
1378004,2019-12-20,2020-01-10,,53026,528375,2
1378005,2019-12-20,2020-01-10,,53086,923192,2
1378006,2019-12-20,2020-01-10,,53108,588095,2
1378007,2019-12-20,2020-01-10,,53225,917824,2
1378008,2019-12-20,2020-01-10,,53327,246120,2
1378009,2019-12-20,2020-01-10,,53327,652783,2
1378010,2019-12-20,2020-01-10,,53343,450571,2
1378011,2019-12-20,2020-01-10,,53362,712784,2
1378012,2019-12-20,2020-01-10,,53367,251677,2
1378013,2019-12-20,2020-01-10,,53471,319660,2
1378014,2019-12-20,2020-01-10,,53471,466468,2
1378015,2019-12-20,2020-01-10,,53692,73059,2
1378016,2019-12-20,2020-01-10,,53692,396575,2
1378017,2019-12-20,2020-01-10,,53730,658523,2
1378018,2019-12-20,2020-01-10,,53826,429078,2
1378019,2019-12-20,2020-01-10,,54087,206103,2
1378020,2019-12-20,2020-01-10,,54291,589109,2
1378021,2019-12-20,2020-01-10,,54497,675011,2
1378022,2019-12-20,2020-01-10,,54609,246419,2
1378023,2019-12-20,2020-01-10,,55113,274010,2
1378024,2019-12-20,2020-01-10,,55212,381407,2
1378025,2019-12-20,2020-01-10,,55354,540424,2
1378026,2019-12-20,2020-01-10,,55381,600595,2
1378027,2019-12-20,2020-01-10,,55458,95891,2
1378028,2019-12-20,2020-01-10,,55536,590527,2
1378029,2019-12-20,2020-01-10,,55548,572940,2
1378030,2019-12-20,2020-01-10,,55653,682310,2
1378031,2019-12-20,2020-01-10,,55783,826295,2
1378032,2019-12-20,2020-01-10,,55867,207040,2
1378033,2019-12-20,2020-01-10,,55867,721295,2
1378034,2019-12-20,2020-01-10,,55867,862760,2
1378035,2019-12-20,2020-01-10,,55870,467447,2
1378036,2019-12-20,2020-01-10,,56078,43404,2
1378037,2019-12-20,2020-01-10,,56088,323825,2
1378038,2019-12-20,2020-01-10,,56281,856445,2
1378039,2019-12-20,2020-01-10,,56300,339201,2
1378040,2019-12-20,2020-01-10,,56376,74438,2
1378041,2019-12-20,2020-01-10,,56416,727182,2
1378042,2019-12-20,2020-01-10,,56435,663994,2
1378043,2019-12-20,2020-01-10,,56435,732783,2
1378044,2019-12-20,2020-01-10,,56655,429165,2
1378045,2019-12-20,2020-01-10,,56655,608220,2
1378046,2019-12-20,2020-01-10,2019-12-31,56655,910698,1
1378047,2019-12-20,2020-01-10,,56657,145139,2
1378048,2019-12-20,2020-01-10,,56756,872893,2
1378049,2019-12-20,2020-01-10,,56806,437722,2
1378050,2019-12-20,2020-01-10,,56836,870968,2
1378051,2019-12-20,2020-01-10,,56854,620557,2
1378052,2019-12-20,2020-01-10,,56890,366440,2
1378053,2019-12-20,2020-01-10,,56916,390328,2
1378054,2019-12-20,2020-01-10,,56940,545717,2
1378055,2019-12-20,2020-01-10,,56940,683235,2
1378056,2019-12-20,2020-01-10,,56977,415081,2
1378057,2019-12-20,2020-01-10,,57064,170038,2
1378058,2019-12-20,2020-01-10,,57178,929309,2
1378059,2019-12-20,2020-01-10,,57187,707218,2
1378060,2019-12-20,2020-01-10,,57393,881822,2
1378061,2019-12-20,2020-01-10,,57402,799157,2
1378062,2019-12-20,2020-01-10,,57668,142494,2
1378063,2019-12-20,2020-01-10,,57686,6548,2
1378064,2019-12-20,2020-01-10,,57686,479531,2
1378065,2019-12-20,2020-01-10,,57701,183888,2
1378066,2019-12-20,2020-01-10,,57709,245766,2
1378067,2019-12-20,2020-01-10,,57870,35370,2
1378068,2019-12-20,2020-01-10,,57870,286738,2
1378069,2019-12-20,2020-01-10,,57870,890082,2
1378070,2019-12-20,2020-01-10,,57870,890527,2
1378071,2019-12-20,2020-01-10,,57936,389713,2
1378072,2019-12-20,2020-01-10,,58184,29251,2
1378073,2019-12-20,2020-01-10,,58207,316492,2
1378074,2019-12-20,2020-01-10,,58418,498246,2
1378075,2019-12-20,2020-01-10,,58418,707713,2
1378076,2019-12-20,2020-01-10,,58653,874524,2
1378077,2019-12-20,2020-01-10,,58933,95539,2
1378078,2019-12-20,2020-01-10,,59055,824951,2
1378079,2019-12-20,2020-01-10,,59336,81289,2
1378080,2019-12-20,2020-01-10,,59471,14153,2
1378081,2019-12-20,2020-01-10,,59643,784769,2
1378082,2019-12-20,2020-01-10,,59739,162756,2
1378083,2019-12-20,2020-01-10,,59739,615582,2
1378084,2019-12-20,2020-01-10,,59739,649551,2
1378085,2019-12-20,2020-01-10,,59830,249284,2
1378086,2019-12-20,2020-01-10,,59928,780726,2
1378087,2019-12-20,2020-01-10,,60033,728631,2
1378088,2019-12-20,2020-01-10,,60084,642301,2
1378089,2019-12-20,2020-01-10,,60117,861453,2
1378090,2019-12-20,2020-01-10,2019-12-31,60395,830193,1
1378091,2019-12-20,2020-01-10,,60741,39423,2
1378092,2019-12-20,2020-01-10,,60762,214041,2
1378093,2019-12-20,2020-01-10,,60868,246671,2
1378094,2019-12-20,2020-01-10,,60868,754082,2
1378095,2019-12-20,2020-01-10,,61166,203765,2
1378096,2019-12-20,2020-01-10,,61279,12736,2
1378097,2019-12-20,2020-01-10,,61291,343921,2
1378098,2019-12-20,2020-01-10,,61305,190368,2
1378099,2019-12-20,2020-01-10,,61353,447097,2
1378100,2019-12-20,2020-01-10,,61459,824176,2
1378101,2019-12-20,2020-01-10,,61494,140213,2
1378102,2019-12-20,2020-01-10,,61553,701132,2
1378103,2019-12-20,2020-01-10,,61693,584620,2
1378104,2019-12-20,2020-01-10,,61712,603540,2
1378105,2019-12-20,2020-01-10,,61921,598383,2
1378106,2019-12-20,2020-01-10,,61930,403083,2
1378107,2019-12-20,2020-01-10,,62180,150628,2
1378108,2019-12-20,2020-01-10,,62199,211513,2
1378109,2019-12-20,2020-01-10,,62291,955939,2
1378110,2019-12-20,2020-01-10,,62427,311648,2
1378111,2019-12-20,2020-01-10,,62427,846150,2
1378112,2019-12-20,2020-01-10,,62460,419098,2
1378113,2019-12-20,2020-01-10,,62624,650714,2
1378114,2019-12-20,2020-01-10,,62676,138778,2
1378115,2019-12-20,2020-01-10,,62703,832387,2
1378116,2019-12-20,2020-01-10,,62719,65452,2
1378117,2019-12-20,2020-01-10,2019-12-31,62719,88549,1
1378118,2019-12-20,2020-01-10,,62719,104571,2
1378119,2019-12-20,2020-01-10,,62719,434716,2
1378120,2019-12-20,2020-01-10,,62719,460308,2
1378121,2019-12-20,2020-01-10,,62719,472413,2
1378122,2019-12-20,2020-01-10,2019-12-30,62719,501717,1
1378123,2019-12-20,2020-01-10,,62719,558112,2
1378124,2019-12-20,2020-01-10,,62719,670233,2
1378125,2019-12-20,2020-01-10,,62816,790253,2
1378126,2019-12-20,2020-01-10,,62826,408250,2
1378127,2019-12-20,2020-01-10,,62860,440487,2
1378128,2019-12-20,2020-01-10,,63051,478821,2
1378129,2019-12-20,2020-01-10,,63159,481192,2
1378130,2019-12-20,2020-01-10,,63290,790982,2
1378131,2019-12-20,2020-01-10,,63476,757378,2
1378132,2019-12-20,2020-01-10,,63717,833807,2
1378133,2019-12-20,2020-01-10,,63735,172921,2
1378134,2019-12-20,2020-01-10,,63861,312482,2
1378135,2019-12-20,2020-01-10,2019-12-31,64123,698121,1
1378136,2019-12-20,2020-01-10,,64132,767957,2
1378137,2019-12-20,2020-01-10,,64267,743027,2
1378138,2019-12-20,2020-01-10,,64285,619025,2
1378139,2019-12-20,2020-01-10,,64286,330021,2
1378140,2019-12-20,2020-01-10,,64286,399346,2
1378141,2019-12-20,2020-01-10,,64336,451383,2
1378142,2019-12-20,2020-01-10,,64413,452102,2
1378143,2019-12-20,2020-01-10,,64553,304517,2
1378144,2019-12-20,2020-01-10,,64564,19258,2
1378145,2019-12-20,2020-01-10,,64640,245145,2
1378146,2019-12-20,2020-01-10,2019-12-31,64669,539110,1
1378147,2019-12-20,2020-01-10,,64680,674864,2
1378148,2019-12-20,2020-01-10,,65165,59992,2
1378149,2019-12-20,2020-01-10,,65340,201849,2
1378150,2019-12-20,2020-01-10,,65520,934407,2
1378151,2019-12-20,2020-01-10,,65615,311908,2
1378152,2019-12-20,2020-01-10,,65615,750170,2
1378153,2019-12-20,2020-01-10,,65689,770527,2
1378154,2019-12-20,2020-01-10,,65706,72258,2
1378155,2019-12-20,2020-01-10,,65706,634272,2
1378156,2019-12-20,2020-01-10,,65714,70542,2
1378157,2019-12-20,2020-01-10,,65732,18539,2
1378158,2019-12-20,2020-01-10,,65769,124724,2
1378159,2019-12-20,2020-01-10,,65769,312879,2
1378160,2019-12-20,2020-01-10,,65825,296689,2
1378161,2019-12-20,2020-01-10,,65825,713634,2
1378162,2019-12-20,2020-01-10,,65886,802271,2
1378163,2019-12-20,2020-01-10,,66000,708606,2
1378164,2019-12-20,2020-01-10,,66077,7476,2
1378165,2019-12-20,2020-01-10,2019-12-30,66088,118377,1
1378166,2019-12-20,2020-01-10,,66315,281825,2
1378167,2019-12-20,2020-01-10,,66318,167919,2
1378168,2019-12-20,2020-01-10,,66318,284905,2
1378169,2019-12-20,2020-01-10,,66534,184126,2
1378170,2019-12-20,2020-01-10,,66691,55205,2
1378171,2019-12-20,2020-01-10,,66691,514356,2
1378172,2019-12-20,2020-01-10,,66691,891016,2
1378173,2019-12-20,2020-01-10,,66723,797708,2
1378174,2019-12-20,2020-01-10,,66749,892745,2
1378175,2019-12-20,2020-01-10,,66908,32778,2
1378176,2019-12-20,2020-01-10,,67156,647966,2
1378177,2019-12-20,2020-01-10,,67226,44682,2
1378178,2019-12-20,2020-01-10,,67226,168449,2
1378179,2019-12-20,2020-01-10,,67226,729645,2
1378180,2019-12-20,2020-01-10,,67267,74842,2
1378181,2019-12-20,2020-01-10,,67289,319121,2
1378182,2019-12-20,2020-01-10,,67375,263666,2
1378183,2019-12-20,2020-01-10,,67492,802215,2
1378184,2019-12-20,2020-01-10,,67576,350662,2
1378185,2019-12-20,2020-01-10,,67687,13363,2
1378186,2019-12-20,2020-01-10,,67755,627935,2
1378187,2019-12-20,2020-01-10,,67832,699434,2
1378188,2019-12-20,2020-01-10,,67884,504919,2
1378189,2019-12-20,2020-01-10,,68002,424890,2
1378190,2019-12-20,2020-01-10,,68048,395285,2
1378191,2019-12-20,2020-01-10,,68056,564504,2
1378192,2019-12-20,2020-01-10,,68406,321337,2
1378193,2019-12-20,2020-01-10,,68466,922546,2
1378194,2019-12-20,2020-01-10,,68471,910326,2
1378195,2019-12-20,2020-01-10,,68544,578964,2
1378196,2019-12-20,2020-01-10,,68558,10913,2
1378197,2019-12-20,2020-01-10,,68558,303968,2
1378198,2019-12-20,2020-01-10,,68558,334643,2
1378199,2019-12-20,2020-01-10,,68558,578003,2
1378200,2019-12-20,2020-01-10,,68558,598744,2
1378201,2019-12-20,2020-01-10,,68558,805205,2
1378202,2019-12-20,2020-01-10,,68558,902594,2
1378203,2019-12-20,2020-01-10,,68558,926852,2
1378204,2019-12-20,2020-01-10,,68566,348486,2
1378205,2019-12-20,2020-01-10,,68566,652177,2
1378206,2019-12-20,2020-01-10,,68624,430628,2
1378207,2019-12-20,2020-01-10,,68636,657204,2
1378208,2019-12-20,2020-01-10,,68797,240973,2
1378209,2019-12-20,2020-01-10,,68924,544036,2
1378210,2019-12-20,2020-01-10,,68924,652050,2
1378211,2019-12-20,2020-01-10,,68924,757055,2
1378212,2019-12-20,2020-01-10,,68924,870942,2
1378213,2019-12-20,2020-01-10,,68924,902801,2
1378214,2019-12-20,2020-01-10,,68924,942786,2
1378215,2019-12-20,2020-01-10,,68967,503229,2
1378216,2019-12-20,2020-01-10,,68972,706973,2
1378217,2019-12-20,2020-01-10,,69178,383894,2
1378218,2019-12-20,2020-01-10,,69221,650396,2
1378219,2019-12-20,2020-01-10,,69317,422256,2
1378220,2019-12-20,2020-01-10,,69334,504626,2
1378221,2019-12-20,2020-01-10,2019-12-30,69334,556707,1
1378222,2019-12-20,2020-01-10,,69589,437887,2
1378223,2019-12-20,2020-01-10,,69700,444258,2
1378224,2019-12-20,2020-01-10,,69737,435801,2
1378225,2019-12-20,2020-01-10,,70066,578901,2
1378226,2019-12-20,2020-01-10,,70100,514972,2
1378227,2019-12-20,2020-01-10,,70119,955482,2
1378228,2019-12-20,2020-01-10,,70131,604405,2
1378229,2019-12-20,2020-01-10,,70131,709072,2
1378230,2019-12-20,2020-01-10,,70234,835956,2
1378231,2019-12-20,2020-01-10,,70348,362244,2
1378232,2019-12-20,2020-01-10,,70348,521039,2
1378233,2019-12-20,2020-01-10,,70445,253568,2
1378234,2019-12-20,2020-01-10,,70445,594774,2
1378235,2019-12-20,2020-01-10,,70450,762507,2
1378236,2019-12-20,2020-01-10,,70479,381206,2
1378237,2019-12-20,2020-01-10,,70520,549959,2
1378238,2019-12-20,2020-01-10,,70628,354356,2
1378239,2019-12-20,2020-01-10,,70663,476044,2
1378240,2019-12-20,2020-01-10,,70807,897174,2
1378241,2019-12-20,2020-01-10,,71260,756786,2
1378242,2019-12-20,2020-01-10,,71471,777248,2
1378243,2019-12-20,2020-01-10,,71622,90743,2
1378244,2019-12-20,2020-01-10,,71660,649545,2
1378245,2019-12-20,2020-01-10,,71699,676672,2
1378246,2019-12-20,2020-01-10,,71856,211490,2
1378247,2019-12-20,2020-01-10,,71877,625006,2
1378248,2019-12-20,2020-01-10,,72035,407715,2
1378249,2019-12-20,2020-01-10,,72128,505114,2
1378250,2019-12-20,2020-01-10,,72235,387129,2
1378251,2019-12-20,2020-01-10,,72343,545578,2
1378252,2019-12-20,2020-01-10,,72439,883614,2
1378253,2019-12-20,2020-01-10,,72492,104232,2
1378254,2019-12-20,2020-01-10,,72675,310408,2
1378255,2019-12-20,2020-01-10,,72675,587415,2
1378256,2019-12-20,2020-01-10,,72675,629394,2
1378257,2019-12-20,2020-01-10,,73035,116479,2
1378258,2019-12-20,2020-01-10,,73155,505543,2
1378259,2019-12-20,2020-01-10,,73222,735770,2
1378260,2019-12-20,2020-01-10,,73224,528522,2
1378261,2019-12-20,2020-01-10,,73263,598918,2
1378262,2019-12-20,2020-01-10,,73555,206953,2
1378263,2019-12-20,2020-01-10,,73602,697979,2
1378264,2019-12-20,2020-01-10,,73666,353181,2
1378265,2019-12-20,2020-01-10,,73721,518488,2
1378266,2019-12-20,2020-01-10,,73721,711034,2
1378267,2019-12-20,2020-01-10,,73722,817804,2
1378268,2019-12-20,2020-01-10,,73740,634287,2
1378269,2019-12-20,2020-01-10,,73896,929842,2
1378270,2019-12-20,2020-01-10,,73959,89974,2
1378271,2019-12-20,2020-01-10,,74082,875602,2
1378272,2019-12-20,2020-01-10,,74128,666137,2
1378273,2019-12-20,2020-01-10,,74424,562648,2
1378274,2019-12-20,2020-01-10,2019-12-31,74451,483479,1
1378275,2019-12-20,2020-01-10,,74716,324875,2
1378276,2019-12-20,2020-01-10,,74716,513474,2
1378277,2019-12-20,2020-01-10,,74812,255791,2
1378278,2019-12-20,2020-01-10,,74845,384342,2
1378279,2019-12-20,2020-01-10,,74892,354627,2
1378280,2019-12-20,2020-01-10,,74983,522160,2
1378281,2019-12-20,2020-01-10,,75068,827660,2
1378282,2019-12-20,2020-01-10,,75080,849563,2
1378283,2019-12-20,2020-01-10,,75091,4666,2
1378284,2019-12-20,2020-01-10,,75134,422293,2
1378285,2019-12-20,2020-01-10,,75134,771493,2
1378286,2019-12-20,2020-01-10,,75392,642951,2
1378287,2019-12-20,2020-01-10,,75541,836493,2
1378288,2019-12-20,2020-01-10,,75550,252056,2
1378289,2019-12-20,2020-01-10,,75686,445162,2
1378290,2019-12-20,2020-01-10,,75688,544680,2
1378291,2019-12-20,2020-01-10,,75714,305767,2
1378292,2019-12-20,2020-01-10,,76107,590820,2
1378293,2019-12-20,2020-01-10,,76488,926323,2
1378294,2019-12-20,2020-01-10,,76494,7605,2
1378295,2019-12-20,2020-01-10,,76556,287306,2
1378296,2019-12-20,2020-01-10,,76617,64784,2
1378297,2019-12-20,2020-01-10,,76620,429721,2
1378298,2019-12-20,2020-01-10,,77225,836786,2
1378299,2019-12-20,2020-01-10,,77232,222165,2
1378300,2019-12-20,2020-01-10,,77232,344203,2
1378301,2019-12-20,2020-01-10,,77301,9334,2
1378302,2019-12-20,2020-01-10,,77397,813979,2
1378303,2019-12-20,2020-01-10,,77515,845180,2
1378304,2019-12-20,2020-01-10,,77544,551830,2
1378305,2019-12-20,2020-01-10,,77580,208168,2
1378306,2019-12-20,2020-01-10,,77942,524511,2
1378307,2019-12-20,2020-01-10,,78004,169425,2
1378308,2019-12-20,2020-01-10,,78008,331771,2
1378309,2019-12-20,2020-01-10,,78078,413893,2
1378310,2019-12-20,2020-01-10,,78190,910312,2
1378311,2019-12-20,2020-01-10,,78213,698582,2
1378312,2019-12-20,2020-01-10,,78230,280037,2
1378313,2019-12-20,2020-01-10,,78278,458652,2
1378314,2019-12-20,2020-01-10,,78616,493328,2
1378315,2019-12-20,2020-01-10,,78620,409040,2
1378316,2019-12-20,2020-01-10,,78767,438575,2
1378317,2019-12-20,2020-01-10,,78943,602774,2
1378318,2019-12-20,2020-01-10,,78945,387490,2
1378319,2019-12-20,2020-01-10,,79276,721841,2
1378320,2019-12-20,2020-01-10,,79284,301085,2
1378321,2019-12-20,2020-01-10,,79284,944751,2
1378322,2019-12-20,2020-01-10,,79383,404306,2
1378323,2019-12-20,2020-01-10,,79475,323959,2
1378324,2019-12-20,2020-01-10,,79475,438663,2
1378325,2019-12-20,2020-01-10,,79519,109380,2
1378326,2019-12-20,2020-01-10,,79628,764496,2
1378327,2019-12-20,2020-01-10,2019-12-31,79876,894702,1
1378328,2019-12-20,2020-01-10,,80007,410135,2
1378329,2019-12-20,2020-01-10,,80094,229277,2
1378330,2019-12-20,2020-01-10,,80094,462090,2
1378331,2019-12-20,2020-01-10,,80094,634666,2
1378332,2019-12-20,2020-01-10,,80121,247096,2
1378333,2019-12-20,2020-01-10,,80185,237778,2
1378334,2019-12-20,2020-01-10,,80186,132797,2
1378335,2019-12-20,2020-01-10,,80242,225145,2
1378336,2019-12-20,2020-01-10,,80358,71348,2
1378337,2019-12-20,2020-01-10,,80474,567419,2
1378338,2019-12-20,2020-01-10,,80534,577153,2
1378339,2019-12-20,2020-01-10,,80574,128044,2
1378340,2019-12-20,2020-01-10,,80713,769355,2
1378341,2019-12-20,2020-01-10,,80927,364058,2
1378342,2019-12-20,2020-01-10,,81000,579332,2
1378343,2019-12-20,2020-01-10,,81123,796499,2
1378344,2019-12-20,2020-01-10,,81186,584359,2
1378345,2019-12-20,2020-01-10,,81225,701160,2
1378346,2019-12-20,2020-01-10,,81312,448889,2
1378347,2019-12-20,2020-01-10,,81388,240174,2
1378348,2019-12-20,2020-01-10,,81388,871410,2
1378349,2019-12-20,2020-01-10,,81475,620444,2
1378350,2019-12-20,2020-01-10,,81482,628910,2
1378351,2019-12-20,2020-01-10,,81482,810268,2
1378352,2019-12-20,2020-01-10,,81525,696383,2
1378353,2019-12-20,2020-01-10,,81819,92327,2
1378354,2019-12-20,2020-01-10,,81889,138250,2
1378355,2019-12-20,2020-01-10,,81892,738230,2
1378356,2019-12-20,2020-01-10,,82142,768951,2
1378357,2019-12-20,2020-01-10,,82529,914066,2
1378358,2019-12-20,2020-01-10,,82588,699888,2
1378359,2019-12-20,2020-01-10,,82658,909232,2
1378360,2019-12-20,2020-01-10,,82671,868644,2
1378361,2019-12-20,2020-01-10,,82751,132814,2
1378362,2019-12-20,2020-01-10,,82760,344335,2
1378363,2019-12-20,2020-01-10,,82890,228080,2
1378364,2019-12-20,2020-01-10,,82971,158655,2
1378365,2019-12-20,2020-01-10,,82995,44940,2
1378366,2019-12-20,2020-01-10,,82999,744976,2
1378367,2019-12-20,2020-01-10,,83135,548268,2
1378368,2019-12-20,2020-01-10,,83135,680563,2
1378369,2019-12-20,2020-01-10,,83135,790504,2
1378370,2019-12-20,2020-01-10,,83192,232364,2
1378371,2019-12-20,2020-01-10,,83226,249587,2
1378372,2019-12-20,2020-01-10,,83324,599302,2
1378373,2019-12-20,2020-01-10,,83324,901708,2
1378374,2019-12-20,2020-01-10,,83403,344900,2
1378375,2019-12-20,2020-01-10,,83403,526342,2
1378376,2019-12-20,2020-01-10,,83451,129164,2
1378377,2019-12-20,2020-01-10,,83512,285878,2
1378378,2019-12-20,2020-01-10,,83627,460782,2
1378379,2019-12-20,2020-01-10,,83693,318641,2
1378380,2019-12-20,2020-01-10,,83720,691247,2
1378381,2019-12-20,2020-01-10,,83896,202108,2
1378382,2019-12-20,2020-01-10,,83944,374787,2
1378383,2019-12-20,2020-01-10,,84032,230496,2
1378384,2019-12-20,2020-01-10,,84103,607770,2
1378385,2019-12-20,2020-01-10,,84103,927504,2
1378386,2019-12-20,2020-01-10,,84128,315058,2
1378387,2019-12-20,2020-01-10,,84214,615398,2
1378388,2019-12-20,2020-01-10,,84432,537524,2
1378389,2019-12-20,2020-01-10,,84450,198655,2
1378390,2019-12-20,2020-01-10,,84584,148320,2
1378391,2019-12-20,2020-01-10,,84586,421788,2
1378392,2019-12-20,2020-01-10,,84606,649817,2
1378393,2019-12-20,2020-01-10,,84712,336383,2
1378394,2019-12-20,2020-01-10,,84821,219598,2
1378395,2019-12-20,2020-01-10,,84821,389458,2
1378396,2019-12-20,2020-01-10,,84821,423399,2
1378397,2019-12-20,2020-01-10,,84821,471684,2
1378398,2019-12-20,2020-01-10,,84821,513478,2
1378399,2019-12-20,2020-01-10,,84821,772083,2
1378400,2019-12-20,2020-01-10,,84821,881915,2
1378401,2019-12-20,2020-01-10,,84885,608622,2
1378402,2019-12-20,2020-01-10,,84914,156038,2
1378403,2019-12-20,2020-01-10,,85097,68448,2
1378404,2019-12-20,2020-01-10,,85226,640649,2
1378405,2019-12-20,2020-01-10,,85273,40972,2
1378406,2019-12-20,2020-01-10,,85273,372978,2
1378407,2019-12-20,2020-01-10,,85273,575440,2
1378408,2019-12-20,2020-01-10,,85273,747885,2
1378409,2019-12-20,2020-01-10,,85273,893953,2
1378410,2019-12-20,2020-01-10,,85283,368,2
1378411,2019-12-20,2020-01-10,,85283,87415,2
1378412,2019-12-20,2020-01-10,,85283,665057,2
1378413,2019-12-20,2020-01-10,,85357,923982,2
1378414,2019-12-20,2020-01-10,,85472,792168,2
1378415,2019-12-20,2020-01-10,,85647,837144,2
1378416,2019-12-20,2020-01-10,,85917,687549,2
1378417,2019-12-20,2020-01-10,,85958,83786,2
1378418,2019-12-20,2020-01-10,,86026,177567,2
1378419,2019-12-20,2020-01-10,,86316,772540,2
1378420,2019-12-20,2020-01-10,,86417,679330,2
1378421,2019-12-20,2020-01-10,,86510,159011,2
1378422,2019-12-20,2020-01-10,,86620,566168,2
1378423,2019-12-20,2020-01-10,,86623,321718,2
1378424,2019-12-20,2020-01-10,,86640,213060,2
1378425,2019-12-20,2020-01-10,,86740,199028,2
1378426,2019-12-20,2020-01-10,,86813,105247,2
1378427,2019-12-20,2020-01-10,,86816,270619,2
1378428,2019-12-20,2020-01-10,,86847,208181,2
1378429,2019-12-20,2020-01-10,,87057,681138,2
1378430,2019-12-20,2020-01-10,,87541,823901,2
1378431,2019-12-20,2020-01-10,,87685,260935,2
1378432,2019-12-20,2020-01-10,,87689,739992,2
1378433,2019-12-20,2020-01-10,,87758,570495,2
1378434,2019-12-20,2020-01-10,,88110,466019,2
1378435,2019-12-20,2020-01-10,,88110,547382,2
1378436,2019-12-20,2020-01-10,,88293,150629,2
1378437,2019-12-20,2020-01-10,,88346,313322,2
1378438,2019-12-20,2020-01-10,,88479,701069,2
1378439,2019-12-20,2020-01-10,,88499,49531,2
1378440,2019-12-20,2020-01-10,,88499,477466,2
1378441,2019-12-20,2020-01-10,,88500,271626,2
1378442,2019-12-20,2020-01-10,,88580,871433,2
1378443,2019-12-20,2020-01-10,,88623,317552,2
1378444,2019-12-20,2020-01-10,,88780,469086,2
1378445,2019-12-20,2020-01-10,,88862,490870,2
1378446,2019-12-20,2020-01-10,,88949,524004,2
1378447,2019-12-20,2020-01-10,,89163,520296,2
1378448,2019-12-20,2020-01-10,,89163,640180,2
1378449,2019-12-20,2020-01-10,,89192,35709,2
1378450,2019-12-20,2020-01-10,,89232,35319,2
1378451,2019-12-20,2020-01-10,,89291,330328,2
1378452,2019-12-20,2020-01-10,,89301,798402,2
1378453,2019-12-20,2020-01-10,,89592,870846,2
1378454,2019-12-20,2020-01-10,,89627,64247,2
1378455,2019-12-20,2020-01-10,,89822,819788,2
1378456,2019-12-20,2020-01-10,,89903,433760,2
1378457,2019-12-20,2020-01-10,,90250,112397,2
1378458,2019-12-20,2020-01-10,,90293,558262,2
1378459,2019-12-20,2020-01-10,,90308,309895,2
1378460,2019-12-20,2020-01-10,,90310,878086,2
1378461,2019-12-20,2020-01-10,,90414,41111,2
1378462,2019-12-20,2020-01-10,,90414,141902,2
1378463,2019-12-20,2020-01-10,,90414,156958,2
1378464,2019-12-20,2020-01-10,,90414,689686,2
1378465,2019-12-20,2020-01-10,,90613,219141,2
1378466,2019-12-20,2020-01-10,,90632,430994,2
1378467,2019-12-20,2020-01-10,,90684,371974,2
1378468,2019-12-20,2020-01-10,,90707,109198,2
1378469,2019-12-20,2020-01-10,,90955,553959,2
1378470,2019-12-20,2020-01-10,,91284,261664,2
1378471,2019-12-20,2020-01-10,,91333,934591,2
1378472,2019-12-20,2020-01-10,,91362,270003,2
1378473,2019-12-20,2020-01-10,,91400,110115,2
1378474,2019-12-20,2020-01-10,,91496,365993,2
1378475,2019-12-20,2020-01-10,,91508,178880,2
1378476,2019-12-20,2020-01-10,,91509,94149,2
1378477,2019-12-20,2020-01-10,,91557,611414,2
1378478,2019-12-20,2020-01-10,,91562,109770,2
1378479,2019-12-20,2020-01-10,,91567,788407,2
1378480,2019-12-20,2020-01-10,,91572,39651,2
1378481,2019-12-20,2020-01-10,,91604,309510,2
1378482,2019-12-20,2020-01-10,,91656,41047,2
1378483,2019-12-20,2020-01-10,,91656,777409,2
1378484,2019-12-20,2020-01-10,,91766,116011,2
1378485,2019-12-20,2020-01-10,,91766,135383,2
1378486,2019-12-20,2020-01-10,,91766,197675,2
1378487,2019-12-20,2020-01-10,,91766,952784,2
1378488,2019-12-20,2020-01-10,,91773,457906,2
1378489,2019-12-20,2020-01-10,,91924,552542,2
1378490,2019-12-20,2020-01-10,,92128,200435,2
1378491,2019-12-20,2020-01-10,,92234,52096,2
1378492,2019-12-20,2020-01-10,,92325,94006,2
1378493,2019-12-20,2020-01-10,,92425,263796,2
1378494,2019-12-20,2020-01-10,,92425,323207,2
1378495,2019-12-20,2020-01-10,,92425,469991,2
1378496,2019-12-20,2020-01-10,,92630,16103,2
1378497,2019-12-20,2020-01-10,,92654,448048,2
1378498,2019-12-20,2020-01-10,,92654,884930,2
1378499,2019-12-20,2020-01-10,,92857,844914,2
1378500,2019-12-20,2020-01-10,,92918,139240,2
1378501,2019-12-20,2020-01-10,,93065,792650,2
1378502,2019-12-20,2020-01-10,,93111,459444,2
1378503,2019-12-20,2020-01-10,,93111,703719,2
1378504,2019-12-20,2020-01-10,,93112,168737,2
1378505,2019-12-20,2020-01-10,,93164,2257,2
1378506,2019-12-20,2020-01-10,,93164,748184,2
1378507,2019-12-20,2020-01-10,,93305,878215,2
1378508,2019-12-20,2020-01-10,,93344,390786,2
1378509,2019-12-20,2020-01-10,,93405,685888,2
1378510,2019-12-20,2020-01-10,,93438,810069,2
1378511,2019-12-20,2020-01-10,,93683,198569,2
1378512,2019-12-20,2020-01-10,,93724,472781,2
1378513,2019-12-20,2020-01-10,,94075,947252,2
1378514,2019-12-20,2020-01-10,,94130,153615,2
1378515,2019-12-20,2020-01-10,,94205,45035,2
1378516,2019-12-20,2020-01-10,,94360,559901,2
1378517,2019-12-20,2020-01-10,,94366,307037,2
1378518,2019-12-20,2020-01-10,,94366,889128,2
1378519,2019-12-20,2020-01-10,,94367,608816,2
1378520,2019-12-20,2020-01-10,,94863,158353,2
1378521,2019-12-20,2020-01-10,,94964,212892,2
1378522,2019-12-20,2020-01-10,,94964,928021,2
1378523,2019-12-20,2020-01-10,,95107,707369,2
1378524,2019-12-20,2020-01-10,,95250,239518,2
1378525,2019-12-20,2020-01-10,,95250,253541,2
1378526,2019-12-20,2020-01-10,,95250,627362,2
1378527,2019-12-20,2020-01-10,,95256,196060,2
1378528,2019-12-20,2020-01-10,,95685,301921,2
1378529,2019-12-20,2020-01-10,,95685,926390,2
1378530,2019-12-20,2020-01-10,,95965,282224,2
1378531,2019-12-20,2020-01-10,,96074,913308,2
1378532,2019-12-20,2020-01-10,,96084,669667,2
1378533,2019-12-20,2020-01-10,,96202,61350,2
1378534,2019-12-20,2020-01-10,,96202,217125,2
1378535,2019-12-20,2020-01-10,,96403,251608,2
1378536,2019-12-20,2020-01-10,,96437,504398,2
1378537,2019-12-20,2020-01-10,,96438,469774,2
1378538,2019-12-20,2020-01-10,,96449,526925,2
1378539,2019-12-20,2020-01-10,,96493,527074,2
1378540,2019-12-20,2020-01-10,,96562,216547,2
1378541,2019-12-20,2020-01-10,,96571,405318,2
1378542,2019-12-20,2020-01-10,,96601,342993,2
1378543,2019-12-20,2020-01-10,,96624,429668,2
1378544,2019-12-20,2020-01-10,,96636,490026,2
1378545,2019-12-20,2020-01-10,,96868,415948,2
1378546,2019-12-20,2020-01-10,,96970,270081,2
1378547,2019-12-20,2020-01-10,,96970,568376,2
1378548,2019-12-20,2020-01-10,,96990,600180,2
1378549,2019-12-20,2020-01-10,,96990,628259,2
1378550,2019-12-20,2020-01-10,,97011,671411,2
1378551,2019-12-20,2020-01-10,,97037,712518,2
1378552,2019-12-20,2020-01-10,,97081,438392,2
1378553,2019-12-20,2020-01-10,,97136,936234,2
1378554,2019-12-20,2020-01-10,,97218,305417,2
1378555,2019-12-20,2020-01-10,,97331,816728,2
1378556,2019-12-20,2020-01-10,,97751,607437,2
1378557,2019-12-20,2020-01-10,,97780,154270,2
1378558,2019-12-20,2020-01-10,,97829,667599,2
1378559,2019-12-20,2020-01-10,,97858,244937,2
1378560,2019-12-20,2020-01-10,,97948,742352,2
1378561,2019-12-20,2020-01-10,,98041,432088,2
1378562,2019-12-20,2020-01-10,,98044,762194,2
1378563,2019-12-20,2020-01-10,,98160,679133,2
1378564,2019-12-20,2020-01-10,,98430,226331,2
1378565,2019-12-20,2020-01-10,,98483,900331,2
1378566,2019-12-20,2020-01-10,,98610,844799,2
1378567,2019-12-20,2020-01-10,,98643,48506,2
1378568,2019-12-20,2020-01-10,,98643,891594,2
1378569,2019-12-20,2020-01-10,,98910,48747,2
1378570,2019-12-20,2020-01-10,,98910,335906,2
1378571,2019-12-20,2020-01-10,,98918,445196,2
1378572,2019-12-20,2020-01-10,,98920,100730,2
1378573,2019-12-20,2020-01-10,,99079,307912,2
1378574,2019-12-20,2020-01-10,,99257,241226,2
1378575,2019-12-20,2020-01-10,,99311,461871,2
1378576,2019-12-20,2020-01-10,,99355,574566,2
1378577,2019-12-20,2020-01-10,,99355,911042,2
1378578,2019-12-20,2020-01-10,,99537,804670,2
1378579,2019-12-20,2020-01-10,,99576,949578,2
1378580,2019-12-20,2020-01-10,,99654,337341,2
1378581,2019-12-20,2020-01-10,,99654,839722,2
1378582,2019-12-20,2020-01-10,,99682,74137,2
1378583,2019-12-20,2020-01-10,,100008,616793,2
1378584,2019-12-20,2020-01-10,,100252,266959,2
1378585,2019-12-20,2020-01-10,,100311,106077,2
1378586,2019-12-20,2020-01-10,,100356,316153,2
1378587,2019-12-20,2020-01-10,,100434,869250,2
1378588,2019-12-20,2020-01-10,,100577,87409,2
1378589,2019-12-20,2020-01-10,,100722,496074,2
1378590,2019-12-20,2020-01-10,,100791,255353,2
1378591,2019-12-20,2020-01-10,,100922,425679,2
1378592,2019-12-20,2020-01-10,,100922,700001,2
1378593,2019-12-20,2020-01-10,,100943,779408,2
1378594,2019-12-20,2020-01-10,,100996,380784,2
1378595,2019-12-20,2020-01-10,,101004,383016,2
1378596,2019-12-20,2020-01-10,,101004,676102,2
1378597,2019-12-20,2020-01-10,,101270,478877,2
1378598,2019-12-20,2020-01-10,,101357,334983,2
1378599,2019-12-20,2020-01-10,,101468,592082,2
1378600,2019-12-20,2020-01-10,,101468,602870,2
1378601,2019-12-20,2020-01-10,,101468,603310,2
1378602,2019-12-20,2020-01-10,,101468,603967,2
1378603,2019-12-20,2020-01-10,,101710,370241,2
1378604,2019-12-20,2020-01-10,,101976,407016,2
1378605,2019-12-20,2020-01-10,,102111,274987,2
1378606,2019-12-20,2020-01-10,,102784,857068,2
1378607,2019-12-20,2020-01-10,2019-12-31,102878,775633,1
1378608,2019-12-20,2020-01-10,,102932,198883,2
1378609,2019-12-20,2020-01-10,,102934,749795,2
1378610,2019-12-20,2020-01-10,,102987,725825,2
1378611,2019-12-20,2020-01-10,,103195,523449,2
1378612,2019-12-20,2020-01-10,,103270,102071,2
1378613,2019-12-20,2020-01-10,,103406,99907,2
1378614,2019-12-20,2020-01-10,,103406,218731,2
1378615,2019-12-20,2020-01-10,,103574,555449,2
1378616,2019-12-20,2020-01-10,,103713,493285,2
1378617,2019-12-20,2020-01-10,,103740,307265,2
1378618,2019-12-20,2020-01-10,,103829,607601,2
1378619,2019-12-20,2020-01-10,,103955,649934,2
1378620,2019-12-20,2020-01-10,,104235,520439,2
1378621,2019-12-20,2020-01-10,,104253,180004,2
1378622,2019-12-20,2020-01-10,,104403,697226,2
1378623,2019-12-20,2020-01-10,,104460,104233,2
1378624,2019-12-20,2020-01-10,,104496,73391,2
1378625,2019-12-20,2020-01-10,,104622,668562,2
1378626,2019-12-20,2020-01-10,,104628,405401,2
1378627,2019-12-20,2020-01-10,,104683,868623,2
1378628,2019-12-20,2020-01-10,,104687,619550,2
1378629,2019-12-20,2020-01-10,,104713,852253,2
1378630,2019-12-20,2020-01-10,,104842,226581,2
1378631,2019-12-20,2020-01-10,,104864,496703,2
1378632,2019-12-20,2020-01-10,,104864,607537,2
1378633,2019-12-20,2020-01-10,,104877,692384,2
1378634,2019-12-20,2020-01-10,,104897,412968,2
1378635,2019-12-20,2020-01-10,,105121,690711,2
1378636,2019-12-20,2020-01-10,,105492,237405,2
1378637,2019-12-20,2020-01-10,,105492,795498,2
1378638,2019-12-20,2020-01-10,,105569,307916,2
1378639,2019-12-20,2020-01-10,,105860,460257,2
1378640,2019-12-20,2020-01-10,,105860,530987,2
1378641,2019-12-20,2020-01-10,,105902,247905,2
1378642,2019-12-20,2020-01-10,,105973,605144,2
1378643,2019-12-20,2020-01-10,,106037,35464,2
1378644,2019-12-20,2020-01-10,,106237,892858,2
1378645,2019-12-20,2020-01-10,,106356,736772,2
1378646,2019-12-20,2020-01-10,,106635,241354,2
1378647,2019-12-20,2020-01-10,,106950,111851,2
1378648,2019-12-20,2020-01-10,,107175,79411,2
1378649,2019-12-20,2020-01-10,,107405,559429,2
1378650,2019-12-20,2020-01-10,,107655,361927,2
1378651,2019-12-20,2020-01-10,,107688,598407,2
1378652,2019-12-20,2020-01-10,,107716,896187,2
1378653,2019-12-20,2020-01-10,,107827,728953,2
1378654,2019-12-20,2020-01-10,,107836,226168,2
1378655,2019-12-20,2020-01-10,,107843,177617,2
1378656,2019-12-20,2020-01-10,,107845,393604,2
1378657,2019-12-20,2020-01-10,,107975,198811,2
1378658,2019-12-20,2020-01-10,,108011,909424,2
1378659,2019-12-20,2020-01-10,2019-12-31,108160,96466,1
1378660,2019-12-20,2020-01-10,,108160,140428,2
1378661,2019-12-20,2020-01-10,,108160,188155,2
1378662,2019-12-20,2020-01-10,,108558,822645,2
1378663,2019-12-20,2020-01-10,,108570,618294,2
1378664,2019-12-20,2020-01-10,,108699,762466,2
1378665,2019-12-20,2020-01-10,,108737,698862,2
1378666,2019-12-20,2020-01-10,,108945,754756,2
1378667,2019-12-20,2020-01-10,,109041,863143,2
1378668,2019-12-20,2020-01-10,,109274,382307,2
1378669,2019-12-20,2020-01-10,,109819,114596,2
1378670,2019-12-20,2020-01-10,,109854,220350,2
1378671,2019-12-20,2020-01-10,,109917,513123,2
1378672,2019-12-20,2020-01-10,,110067,220889,2
1378673,2019-12-20,2020-01-10,,110236,527739,2
1378674,2019-12-20,2020-01-10,,110238,546908,2
1378675,2019-12-20,2020-01-10,,110238,798517,2
1378676,2019-12-20,2020-01-10,,110240,452926,2
1378677,2019-12-20,2020-01-10,,110289,302212,2
1378678,2019-12-20,2020-01-10,,110486,869746,2
1378679,2019-12-20,2020-01-10,,110860,565696,2
1378680,2019-12-20,2020-01-10,,110860,769603,2
1378681,2019-12-20,2020-01-10,,110882,645892,2
1378682,2019-12-20,2020-01-10,,110890,945843,2
1378683,2019-12-20,2020-01-10,,111040,16838,2
1378684,2019-12-20,2020-01-10,,111052,608191,2
1378685,2019-12-20,2020-01-10,,111052,694918,2
1378686,2019-12-20,2020-01-10,,111070,245071,2
1378687,2019-12-20,2020-01-10,,111070,786809,2
1378688,2019-12-20,2020-01-10,,111239,59788,2
1378689,2019-12-20,2020-01-10,,111239,354655,2
1378690,2019-12-20,2020-01-10,,111252,649536,2
1378691,2019-12-20,2020-01-10,,111343,10304,2
1378692,2019-12-20,2020-01-10,,111348,800726,2
1378693,2019-12-20,2020-01-10,,111401,502876,2
1378694,2019-12-20,2020-01-10,,111429,560234,2
1378695,2019-12-20,2020-01-10,,111605,27731,2
1378696,2019-12-20,2020-01-10,,111605,579876,2
1378697,2019-12-20,2020-01-10,,111666,811844,2
1378698,2019-12-20,2020-01-10,,111727,254859,2
1378699,2019-12-20,2020-01-10,,111784,945651,2
1378700,2019-12-20,2020-01-10,,111788,544275,2
1378701,2019-12-20,2020-01-10,,112054,67987,2
1378702,2019-12-20,2020-01-10,,112260,280321,2
1378703,2019-12-20,2020-01-10,,112299,488897,2
1378704,2019-12-20,2020-01-10,,112310,268733,2
1378705,2019-12-20,2020-01-10,,112357,285739,2
1378706,2019-12-20,2020-01-10,,112422,351262,2
1378707,2019-12-20,2020-01-10,,112465,249631,2
1378708,2019-12-20,2020-01-10,,112495,233115,2
1378709,2019-12-20,2020-01-10,,112607,525686,2
1378710,2019-12-20,2020-01-10,,112627,541676,2
1378711,2019-12-20,2020-01-10,,112687,952028,2
1378712,2019-12-20,2020-01-10,,112906,288211,2
1378713,2019-12-20,2020-01-10,,112906,587307,2
1378714,2019-12-20,2020-01-10,,112906,709077,2
1378715,2019-12-20,2020-01-10,,113087,805433,2
1378716,2019-12-20,2020-01-10,,113206,490535,2
1378717,2019-12-20,2020-01-10,,113256,476356,2
1378718,2019-12-20,2020-01-10,,113334,190680,2
1378719,2019-12-20,2020-01-10,,113413,945493,2
1378720,2019-12-20,2020-01-10,,113463,352531,2
1378721,2019-12-20,2020-01-10,,113606,776349,2
1378722,2019-12-20,2020-01-10,,113661,910126,2
1378723,2019-12-20,2020-01-10,,113695,16994,2
1378724,2019-12-20,2020-01-10,,113695,166198,2
1378725,2019-12-20,2020-01-10,,113695,503018,2
1378726,2019-12-20,2020-01-10,,113695,820357,2
1378727,2019-12-20,2020-01-10,,113748,546919,2
1378728,2019-12-20,2020-01-10,,113802,49539,2
1378729,2019-12-20,2020-01-10,,113803,523668,2
1378730,2019-12-20,2020-01-10,,113927,360782,2
1378731,2019-12-20,2020-01-10,,113936,475909,2
1378732,2019-12-20,2020-01-10,,114044,254422,2
1378733,2019-12-20,2020-01-10,,114119,582651,2
1378734,2019-12-20,2020-01-10,,114192,124200,2
1378735,2019-12-20,2020-01-10,,114219,179668,2
1378736,2019-12-20,2020-01-10,,114230,18897,2
1378737,2019-12-20,2020-01-10,,114262,369223,2
1378738,2019-12-20,2020-01-10,,114310,585055,2
1378739,2019-12-20,2020-01-10,,114353,76776,2
1378740,2019-12-20,2020-01-10,,114418,141484,2
1378741,2019-12-20,2020-01-10,,114435,835838,2
1378742,2019-12-20,2020-01-10,,114502,88550,2
1378743,2019-12-20,2020-01-10,,114602,818944,2
1378744,2019-12-20,2020-01-10,,114748,425496,2
1378745,2019-12-20,2020-01-10,2019-12-31,115084,640729,1
1378746,2019-12-20,2020-01-10,,115106,185314,2
1378747,2019-12-20,2020-01-10,,115113,535757,2
1378748,2019-12-20,2020-01-10,,115144,654412,2
1378749,2019-12-20,2020-01-10,,115160,621586,2
1378750,2019-12-20,2020-01-10,,115185,732453,2
1378751,2019-12-20,2020-01-10,,115405,907360,2
1378752,2019-12-20,2020-01-10,,115409,566961,2
1378753,2019-12-20,2020-01-10,,115448,256411,2
1378754,2019-12-20,2020-01-10,,115486,578079,2
1378755,2019-12-20,2020-01-10,,115529,748264,2
1378756,2019-12-20,2020-01-10,,115545,357080,2
1378757,2019-12-20,2020-01-10,,115661,49288,2
1378758,2019-12-20,2020-01-10,,115661,91867,2
1378759,2019-12-20,2020-01-10,,115661,437937,2
1378760,2019-12-20,2020-01-10,,115661,496877,2
1378761,2019-12-20,2020-01-10,,115746,670271,2
1378762,2019-12-20,2020-01-10,,115791,390706,2
1378763,2019-12-20,2020-01-10,,115838,115057,2
1378764,2019-12-20,2020-01-10,,115940,665849,2
1378765,2019-12-20,2020-01-10,,116083,117095,2
1378766,2019-12-20,2020-01-10,,116281,557972,2
1378767,2019-12-20,2020-01-10,,116461,767688,2
1378768,2019-12-20,2020-01-10,,116617,126503,2
1378769,2019-12-20,2020-01-10,,116773,828457,2
1378770,2019-12-20,2020-01-10,,116838,308871,2
1378771,2019-12-20,2020-01-10,,117005,433243,2
1378772,2019-12-20,2020-01-10,,117079,744030,2
1378773,2019-12-20,2020-01-10,,117135,80263,2
1378774,2019-12-20,2020-01-10,,117351,109537,2
1378775,2019-12-20,2020-01-10,,117404,382721,2
1378776,2019-12-20,2020-01-10,,117449,809748,2
1378777,2019-12-20,2020-01-10,,117611,642604,2
1378778,2019-12-20,2020-01-10,,117675,469237,2
1378779,2019-12-20,2020-01-10,,117675,496491,2
1378780,2019-12-20,2020-01-10,,117675,617940,2
1378781,2019-12-20,2020-01-10,,117675,620197,2
1378782,2019-12-20,2020-01-10,,117675,664048,2
1378783,2019-12-20,2020-01-10,,117694,352469,2
1378784,2019-12-20,2020-01-10,,117731,630396,2
1378785,2019-12-20,2020-01-10,,117923,279192,2
1378786,2019-12-20,2020-01-10,,117923,866016,2
1378787,2019-12-20,2020-01-10,,118022,31772,2
1378788,2019-12-20,2020-01-10,,118123,451733,2
1378789,2019-12-20,2020-01-10,,118234,155083,2
1378790,2019-12-20,2020-01-10,,118553,34992,2
1378791,2019-12-20,2020-01-10,,118667,739822,2
1378792,2019-12-20,2020-01-10,,118704,689628,2
1378793,2019-12-20,2020-01-10,,118884,149203,2
1378794,2019-12-20,2020-01-10,,118884,399532,2
1378795,2019-12-20,2020-01-10,,118884,653521,2
1378796,2019-12-20,2020-01-10,,119013,201366,2
1378797,2019-12-20,2020-01-10,,119013,900312,2
1378798,2019-12-20,2020-01-10,,119163,228377,2
1378799,2019-12-20,2020-01-10,,119194,519059,2
1378800,2019-12-20,2020-01-10,,119194,844834,2
1378801,2019-12-20,2020-01-10,,119299,397320,2
1378802,2019-12-20,2020-01-10,,119342,110061,2
1378803,2019-12-20,2020-01-10,,119398,689184,2
1378804,2019-12-20,2020-01-10,,119605,708173,2
1378805,2019-12-20,2020-01-10,,119610,850501,2
1378806,2019-12-20,2020-01-10,,119791,414727,2
1378807,2019-12-20,2020-01-10,,119968,933755,2
1378808,2019-12-20,2020-01-10,,119973,679289,2
1378809,2019-12-20,2020-01-10,,120031,225156,2
1378810,2019-12-20,2020-01-10,,120084,22346,2
1378811,2019-12-20,2020-01-10,,120114,465832,2
1378812,2019-12-20,2020-01-10,,120114,492905,2
1378813,2019-12-20,2020-01-10,,120114,911082,2
1378814,2019-12-20,2020-01-10,,120133,499471,2
1378815,2019-12-20,2020-01-10,,120390,283212,2
1378816,2019-12-20,2020-01-10,,120428,857936,2
1378817,2019-12-20,2020-01-10,,120459,281056,2
1378818,2019-12-20,2020-01-10,,120530,650155,2
1378819,2019-12-20,2020-01-10,,120569,509894,2
1378820,2019-12-20,2020-01-10,,120631,679173,2
1378821,2019-12-20,2020-01-10,,120792,544600,2
1378822,2019-12-20,2020-01-10,,120824,717756,2
1378823,2019-12-20,2020-01-10,,121047,171751,2
1378824,2019-12-20,2020-01-10,,121140,540421,2
1378825,2019-12-20,2020-01-10,,121144,254779,2
1378826,2019-12-20,2020-01-10,,121190,180523,2
1378827,2019-12-20,2020-01-10,,121230,252272,2
1378828,2019-12-20,2020-01-10,,121322,700166,2
1378829,2019-12-20,2020-01-10,,121350,169730,2
1378830,2019-12-20,2020-01-10,,121493,701025,2
1378831,2019-12-20,2020-01-10,,121781,473963,2
1378832,2019-12-20,2020-01-10,,121964,693283,2
1378833,2019-12-20,2020-01-10,,121964,878889,2
1378834,2019-12-20,2020-01-10,,122014,197189,2
1378835,2019-12-20,2020-01-10,,122014,627936,2
1378836,2019-12-20,2020-01-10,,122015,182017,2
1378837,2019-12-20,2020-01-10,,122136,151279,2
1378838,2019-12-20,2020-01-10,,122189,429902,2
1378839,2019-12-20,2020-01-10,,122192,65276,2
1378840,2019-12-20,2020-01-10,,122210,46426,2
1378841,2019-12-20,2020-01-10,,122362,496887,2
1378842,2019-12-20,2020-01-10,,122505,308053,2
1378843,2019-12-20,2020-01-10,,122506,698014,2
1378844,2019-12-20,2020-01-10,,122529,412687,2
1378845,2019-12-20,2020-01-10,,122794,475792,2
1378846,2019-12-20,2020-01-10,,122838,233084,2
1378847,2019-12-20,2020-01-10,,122838,346523,2
1378848,2019-12-20,2020-01-10,,122838,900946,2
1378849,2019-12-20,2020-01-10,,122906,768964,2
1378850,2019-12-20,2020-01-10,,122924,547359,2
1378851,2019-12-20,2020-01-10,,123025,358026,2
1378852,2019-12-20,2020-01-10,,123046,415776,2
1378853,2019-12-20,2020-01-10,,123071,665380,2
1378854,2019-12-20,2020-01-10,,123101,313022,2
1378855,2019-12-20,2020-01-10,,123218,142664,2
1378856,2019-12-20,2020-01-10,,123336,727031,2
1378857,2019-12-20,2020-01-10,,123355,271398,2
1378858,2019-12-20,2020-01-10,,123718,159457,2
1378859,2019-12-20,2020-01-10,,123780,615839,2
1378860,2019-12-20,2020-01-10,,123897,49924,2
1378861,2019-12-20,2020-01-10,,123926,626577,2
1378862,2019-12-20,2020-01-10,,123952,951420,2
1378863,2019-12-20,2020-01-10,,124096,300603,2
1378864,2019-12-20,2020-01-10,,124243,919500,2
1378865,2019-12-20,2020-01-10,,124257,421517,2
1378866,2019-12-20,2020-01-10,,124307,333677,2
1378867,2019-12-20,2020-01-10,,124387,877407,2
1378868,2019-12-20,2020-01-10,,124684,440532,2
1378869,2019-12-20,2020-01-10,,124777,224951,2
1378870,2019-12-20,2020-01-10,,124870,357969,2
1378871,2019-12-20,2020-01-10,,124992,170114,2
1378872,2019-12-20,2020-01-10,2019-12-31,125002,503723,1
1378873,2019-12-20,2020-01-10,,125052,701066,2
1378874,2019-12-20,2020-01-10,,125080,597235,2
1378875,2019-12-20,2020-01-10,,125080,742150,2
1378876,2019-12-20,2020-01-10,,125496,861986,2
1378877,2019-12-20,2020-01-10,,125650,498993,2
1378878,2019-12-20,2020-01-10,,125652,901709,2
1378879,2019-12-20,2020-01-10,,125799,634741,2
1378880,2019-12-20,2020-01-10,,125965,90534,2
1378881,2019-12-20,2020-01-10,,125965,224672,2
1378882,2019-12-20,2020-01-10,,126175,882452,2
1378883,2019-12-20,2020-01-10,,126176,540453,2
1378884,2019-12-20,2020-01-10,,126198,306222,2
1378885,2019-12-20,2020-01-10,,126409,793931,2
1378886,2019-12-20,2020-01-10,,126629,38653,2
1378887,2019-12-20,2020-01-10,,126807,128383,2
1378888,2019-12-20,2020-01-10,,126829,790808,2
1378889,2019-12-20,2020-01-10,,127473,816808,2
1378890,2019-12-20,2020-01-10,,127628,624182,2
1378891,2019-12-20,2020-01-10,,128329,953649,2
1378892,2019-12-20,2020-01-10,,128582,55228,2
1378893,2019-12-20,2020-01-10,,128582,719030,2
1378894,2019-12-20,2020-01-10,,128685,740994,2
1378895,2019-12-20,2020-01-10,,128709,270276,2
1378896,2019-12-20,2020-01-10,,128709,469374,2
1378897,2019-12-20,2020-01-10,,128709,700040,2
1378898,2019-12-20,2020-01-10,,128798,339318,2
1378899,2019-12-20,2020-01-10,,129007,421981,2
1378900,2019-12-20,2020-01-10,,129007,849264,2
1378901,2019-12-20,2020-01-10,,129009,803213,2
1378902,2019-12-20,2020-01-10,,129038,156157,2
1378903,2019-12-20,2020-01-10,,129138,648857,2
1378904,2019-12-20,2020-01-10,,129166,176208,2
1378905,2019-12-20,2020-01-10,,129376,326712,2
1378906,2019-12-20,2020-01-10,,129483,503833,2
1378907,2019-12-20,2020-01-10,,129483,754609,2
1378908,2019-12-20,2020-01-10,,129582,192292,2
1378909,2019-12-20,2020-01-10,,129582,675157,2
1378910,2019-12-20,2020-01-10,,129855,759877,2
1378911,2019-12-20,2020-01-10,,129896,49540,2
1378912,2019-12-20,2020-01-10,,129896,55414,2
1378913,2019-12-20,2020-01-10,,130023,682621,2
1378914,2019-12-20,2020-01-10,,130202,121853,2
1378915,2019-12-20,2020-01-10,,130202,466089,2
1378916,2019-12-20,2020-01-10,,130284,54418,2
1378917,2019-12-20,2020-01-10,,130319,492925,2
1378918,2019-12-20,2020-01-10,,130979,642559,2
1378919,2019-12-20,2020-01-10,,131089,627616,2
1378920,2019-12-20,2020-01-10,,131103,630138,2
1378921,2019-12-20,2020-01-10,,131196,158175,2
1378922,2019-12-20,2020-01-10,,131348,950098,2
1378923,2019-12-20,2020-01-10,,131359,585817,2
1378924,2019-12-20,2020-01-10,,131407,477576,2
1378925,2019-12-20,2020-01-10,,131412,447800,2
1378926,2019-12-20,2020-01-10,,131519,318695,2
1378927,2019-12-20,2020-01-10,,131519,931351,2
1378928,2019-12-20,2020-01-10,,131567,484092,2
1378929,2019-12-20,2020-01-10,,131567,488400,2
1378930,2019-12-20,2020-01-10,,131614,48587,2
1378931,2019-12-20,2020-01-10,,131772,71432,2
1378932,2019-12-20,2020-01-10,,131894,604927,2
1378933,2019-12-20,2020-01-10,,131968,907318,2
1378934,2019-12-20,2020-01-10,,132003,695014,2
1378935,2019-12-20,2020-01-10,,132119,686824,2
1378936,2019-12-20,2020-01-10,,132133,141654,2
1378937,2019-12-20,2020-01-10,,132211,494355,2
1378938,2019-12-20,2020-01-10,,132266,573102,2
1378939,2019-12-20,2020-01-10,,132350,841378,2
1378940,2019-12-20,2020-01-10,,132447,234274,2
1378941,2019-12-20,2020-01-10,,132532,139119,2
1378942,2019-12-20,2020-01-10,,132532,364571,2
1378943,2019-12-20,2020-01-10,,132664,31797,2
1378944,2019-12-20,2020-01-10,,132664,132135,2
1378945,2019-12-20,2020-01-10,,132871,612281,2
1378946,2019-12-20,2020-01-10,,133287,764477,2
1378947,2019-12-20,2020-01-10,,133348,209744,2
1378948,2019-12-20,2020-01-10,,133448,50290,2
1378949,2019-12-20,2020-01-10,,133504,443726,2
1378950,2019-12-20,2020-01-10,,133574,677538,2
1378951,2019-12-20,2020-01-10,,133579,364613,2
1378952,2019-12-20,2020-01-10,,133707,793111,2
1378953,2019-12-20,2020-01-10,,133743,800543,2
1378954,2019-12-20,2020-01-10,,134067,932334,2
1378955,2019-12-20,2020-01-10,,134241,874139,2
1378956,2019-12-20,2020-01-10,,134367,88233,2
1378957,2019-12-20,2020-01-10,2019-12-31,134576,117433,1
1378958,2019-12-20,2020-01-10,,134576,624422,2
1378959,2019-12-20,2020-01-10,,134760,614536,2
1378960,2019-12-20,2020-01-10,,134842,696738,2
1378961,2019-12-20,2020-01-10,,134873,780553,2
1378962,2019-12-20,2020-01-10,,134946,147505,2
1378963,2019-12-20,2020-01-10,,135090,881452,2
1378964,2019-12-20,2020-01-10,,135610,699554,2
1378965,2019-12-20,2020-01-10,,135624,528693,2
1378966,2019-12-20,2020-01-10,,135659,717385,2
1378967,2019-12-20,2020-01-10,,135865,274747,2
1378968,2019-12-20,2020-01-10,,135902,271550,2
1378969,2019-12-20,2020-01-10,,135957,378335,2
1378970,2019-12-20,2020-01-10,,135957,419486,2
1378971,2019-12-20,2020-01-10,,136011,809364,2
1378972,2019-12-20,2020-01-10,,136012,469822,2
1378973,2019-12-20,2020-01-10,,136201,110641,2
1378974,2019-12-20,2020-01-10,,136275,640624,2
1378975,2019-12-20,2020-01-10,,136334,346408,2
1378976,2019-12-20,2020-01-10,,136353,739779,2
1378977,2019-12-20,2020-01-10,,136353,764207,2
1378978,2019-12-20,2020-01-10,,136395,365614,2
1378979,2019-12-20,2020-01-10,,136590,34361,2
1378980,2019-12-20,2020-01-10,,137235,49871,2
1378981,2019-12-20,2020-01-10,,137277,382212,2
1378982,2019-12-20,2020-01-10,,137327,452330,2
1378983,2019-12-20,2020-01-10,,137533,424030,2
1378984,2019-12-20,2020-01-10,,137564,41064,2
1378985,2019-12-20,2020-01-10,,137566,135617,2
1378986,2019-12-20,2020-01-10,,137813,49963,2
1378987,2019-12-20,2020-01-10,,137827,364760,2
1378988,2019-12-20,2020-01-10,,138076,508587,2
1378989,2019-12-20,2020-01-10,,138076,634652,2
1378990,2019-12-20,2020-01-10,,138102,499062,2
1378991,2019-12-20,2020-01-10,,138486,34658,2
1378992,2019-12-20,2020-01-10,,138493,67163,2
1378993,2019-12-20,2020-01-10,,138509,114262,2
1378994,2019-12-20,2020-01-10,,138581,343057,2
1378995,2019-12-20,2020-01-10,,138642,197206,2
1378996,2019-12-20,2020-01-10,,138646,866640,2
1378997,2019-12-20,2020-01-10,,138735,32940,2
1378998,2019-12-20,2020-01-10,,138846,868920,2
1378999,2019-12-20,2020-01-10,2019-12-31,138899,631531,1
1379000,2019-12-20,2020-01-10,,138951,42590,2
1379001,2019-12-20,2020-01-10,,138989,789427,2
1379002,2019-12-20,2020-01-10,,139094,664935,2
1379003,2019-12-20,2020-01-10,,139107,21889,2
1379004,2019-12-20,2020-01-10,,139229,665709,2
1379005,2019-12-20,2020-01-10,,139279,564591,2
1379006,2019-12-20,2020-01-10,,139390,240706,2
1379007,2019-12-20,2020-01-10,,139530,817415,2
1379008,2019-12-20,2020-01-10,,139535,261406,2
1379009,2019-12-20,2020-01-10,,139674,8592,2
1379010,2019-12-20,2020-01-10,,139691,902657,2
1379011,2019-12-20,2020-01-10,,139958,692687,2
1379012,2019-12-20,2020-01-10,,140203,358369,2
1379013,2019-12-20,2020-01-10,,140234,278747,2
1379014,2019-12-20,2020-01-10,,140287,946477,2
1379015,2019-12-20,2020-01-10,,140293,367900,2
1379016,2019-12-20,2020-01-10,,140387,252238,2
1379017,2019-12-20,2020-01-10,,140402,899613,2
1379018,2019-12-20,2020-01-10,,140429,732707,2
1379019,2019-12-20,2020-01-10,,140502,915621,2
1379020,2019-12-20,2020-01-10,,140709,900762,2
1379021,2019-12-20,2020-01-10,,140741,911771,2
1379022,2019-12-20,2020-01-10,,141011,633399,2
1379023,2019-12-20,2020-01-10,,141111,442550,2
1379024,2019-12-20,2020-01-10,,141126,354573,2
1379025,2019-12-20,2020-01-10,,141236,562042,2
1379026,2019-12-20,2020-01-10,,141316,888128,2
1379027,2019-12-20,2020-01-10,,141402,343950,2
1379028,2019-12-20,2020-01-10,,141437,397145,2
1379029,2019-12-20,2020-01-10,,141447,866912,2
1379030,2019-12-20,2020-01-10,,141471,60093,2
1379031,2019-12-20,2020-01-10,,141471,202286,2
1379032,2019-12-20,2020-01-10,,141474,360016,2
1379033,2019-12-20,2020-01-10,,141609,677966,2
1379034,2019-12-20,2020-01-10,,141651,897908,2
1379035,2019-12-20,2020-01-10,,141929,869452,2
1379036,2019-12-20,2020-01-10,,141977,764226,2
1379037,2019-12-20,2020-01-10,,141988,474915,2
1379038,2019-12-20,2020-01-10,,142022,354499,2
1379039,2019-12-20,2020-01-10,,142310,405351,2
1379040,2019-12-20,2020-01-10,,142394,646384,2
1379041,2019-12-20,2020-01-10,,142447,386591,2
1379042,2019-12-20,2020-01-10,,142674,496804,2
1379043,2019-12-20,2020-01-10,,142709,705862,2
1379044,2019-12-20,2020-01-10,2019-12-31,142710,371961,1
1379045,2019-12-20,2020-01-10,,142752,182643,2
1379046,2019-12-20,2020-01-10,,142830,492320,2
1379047,2019-12-20,2020-01-10,,143083,924244,2
1379048,2019-12-20,2020-01-10,,143152,803687,2
1379049,2019-12-20,2020-01-10,,143203,890461,2
1379050,2019-12-20,2020-01-10,,143338,448820,2
1379051,2019-12-20,2020-01-10,,143382,281697,2
1379052,2019-12-20,2020-01-10,,143525,573595,2
1379053,2019-12-20,2020-01-10,,143547,195382,2
1379054,2019-12-20,2020-01-10,,143562,18672,2
1379055,2019-12-20,2020-01-10,,143598,751802,2
1379056,2019-12-20,2020-01-10,,143713,441726,2
1379057,2019-12-20,2020-01-10,,143713,920386,2
1379058,2019-12-20,2020-01-10,,143719,859551,2
1379059,2019-12-20,2020-01-10,,143845,748878,2
1379060,2019-12-20,2020-01-10,,144065,311902,2
1379061,2019-12-20,2020-01-10,,144072,573759,2
1379062,2019-12-20,2020-01-10,,144336,879698,2
1379063,2019-12-20,2020-01-10,,144529,68449,2
1379064,2019-12-20,2020-01-10,,144591,83670,2
1379065,2019-12-20,2020-01-10,,144887,121561,2
1379066,2019-12-20,2020-01-10,,145046,523231,2
1379067,2019-12-20,2020-01-10,,145046,815772,2
1379068,2019-12-20,2020-01-10,,145113,24812,2
1379069,2019-12-20,2020-01-10,,145123,605551,2
1379070,2019-12-20,2020-01-10,,145212,104234,2
1379071,2019-12-20,2020-01-10,,145392,239157,2
1379072,2019-12-20,2020-01-10,,145429,40366,2
1379073,2019-12-20,2020-01-10,,145748,935017,2
1379074,2019-12-20,2020-01-10,,145779,446146,2
1379075,2019-12-20,2020-01-10,,146208,418254,2
1379076,2019-12-20,2020-01-10,,146271,864007,2
1379077,2019-12-20,2020-01-10,,146309,434536,2
1379078,2019-12-20,2020-01-10,,146545,449907,2
1379079,2019-12-20,2020-01-10,,146633,271983,2
1379080,2019-12-20,2020-01-10,,146700,3575,2
1379081,2019-12-20,2020-01-10,,146726,861507,2
1379082,2019-12-20,2020-01-10,,146730,363636,2
1379083,2019-12-20,2020-01-10,,146960,678119,2
1379084,2019-12-20,2020-01-10,,147096,492510,2
1379085,2019-12-20,2020-01-10,,147271,185848,2
1379086,2019-12-20,2020-01-10,,147274,817566,2
1379087,2019-12-20,2020-01-10,,147306,416753,2
1379088,2019-12-20,2020-01-10,,147482,278715,2
1379089,2019-12-20,2020-01-10,,147582,116845,2
1379090,2019-12-20,2020-01-10,,147590,556790,2
1379091,2019-12-20,2020-01-10,,147790,325315,2
1379092,2019-12-20,2020-01-10,,147833,251110,2
1379093,2019-12-20,2020-01-10,,147833,360351,2
1379094,2019-12-20,2020-01-10,,147833,461592,2
1379095,2019-12-20,2020-01-10,,147833,634657,2
1379096,2019-12-20,2020-01-10,,147841,90694,2
1379097,2019-12-20,2020-01-10,,147873,147460,2
1379098,2019-12-20,2020-01-10,,148011,466488,2
1379099,2019-12-20,2020-01-10,,148112,745756,2
1379100,2019-12-20,2020-01-10,,148314,352520,2
1379101,2019-12-20,2020-01-10,,148380,360031,2
1379102,2019-12-20,2020-01-10,,148493,885724,2
1379103,2019-12-20,2020-01-10,,148503,840739,2
1379104,2019-12-20,2020-01-10,,148532,652798,2
1379105,2019-12-20,2020-01-10,,148608,334984,2
1379106,2019-12-20,2020-01-10,,148608,903654,2
1379107,2019-12-20,2020-01-10,,149002,622391,2
1379108,2019-12-20,2020-01-10,,149046,25269,2
1379109,2019-12-20,2020-01-10,,149081,80022,2
1379110,2019-12-20,2020-01-10,,149142,624098,2
1379111,2019-12-20,2020-01-10,,149161,106560,2
1379112,2019-12-20,2020-01-10,,149535,776989,2
1379113,2019-12-20,2020-01-10,,149630,744160,2
1379114,2019-12-20,2020-01-10,,149684,785040,2
1379115,2019-12-20,2020-01-10,,149892,909209,2
1379116,2019-12-20,2020-01-10,,150189,953377,2
1379117,2019-12-20,2020-01-10,,150245,9379,2
1379118,2019-12-20,2020-01-10,,150245,557181,2
1379119,2019-12-20,2020-01-10,,150282,748898,2
1379120,2019-12-20,2020-01-10,,150360,315516,2
1379121,2019-12-20,2020-01-10,,150398,66307,2
1379122,2019-12-20,2020-01-10,,150431,618307,2
1379123,2019-12-20,2020-01-10,,150468,740810,2
1379124,2019-12-20,2020-01-10,,150505,678627,2
1379125,2019-12-20,2020-01-10,,150703,245019,2
1379126,2019-12-20,2020-01-10,,150709,641388,2
1379127,2019-12-20,2020-01-10,,150822,465207,2
1379128,2019-12-20,2020-01-10,,150975,241845,2
1379129,2019-12-20,2020-01-10,,151140,454249,2
1379130,2019-12-20,2020-01-10,,151334,428437,2
1379131,2019-12-20,2020-01-10,,151334,779423,2
1379132,2019-12-20,2020-01-10,,151369,235240,2
1379133,2019-12-20,2020-01-10,,151462,862402,2
1379134,2019-12-20,2020-01-10,,151635,911896,2
1379135,2019-12-20,2020-01-10,,151933,332162,2
1379136,2019-12-20,2020-01-10,,151999,658428,2
1379137,2019-12-20,2020-01-10,,152092,375309,2
1379138,2019-12-20,2020-01-10,,152232,683113,2
1379139,2019-12-20,2020-01-10,,152333,337339,2
1379140,2019-12-20,2020-01-10,,152511,486856,2
1379141,2019-12-20,2020-01-10,,152605,690438,2
1379142,2019-12-20,2020-01-10,,152779,460924,2
1379143,2019-12-20,2020-01-10,,152817,843352,2
1379144,2019-12-20,2020-01-10,,153003,290090,2
1379145,2019-12-20,2020-01-10,,153006,449965,2
1379146,2019-12-20,2020-01-10,,153013,697977,2
1379147,2019-12-20,2020-01-10,,153030,199859,2
1379148,2019-12-20,2020-01-10,,153092,278287,2
1379149,2019-12-20,2020-01-10,,153134,737821,2
1379150,2019-12-20,2020-01-10,,153181,657616,2
1379151,2019-12-20,2020-01-10,,153192,222863,2
1379152,2019-12-20,2020-01-10,,153212,607107,2
1379153,2019-12-20,2020-01-10,,153317,608375,2
1379154,2019-12-20,2020-01-10,,153488,217790,2
1379155,2019-12-20,2020-01-10,,153505,532407,2
1379156,2019-12-20,2020-01-10,,153541,692928,2
1379157,2019-12-20,2020-01-10,,153660,270908,2
1379158,2019-12-20,2020-01-10,,153806,700927,2
1379159,2019-12-20,2020-01-10,,153870,955705,2
1379160,2019-12-20,2020-01-10,,153909,223435,2
1379161,2019-12-20,2020-01-10,,153988,494226,2
1379162,2019-12-20,2020-01-10,,154027,851616,2
1379163,2019-12-20,2020-01-10,,154030,505812,2
1379164,2019-12-20,2020-01-10,,154144,263573,2
1379165,2019-12-20,2020-01-10,,154144,410179,2
1379166,2019-12-20,2020-01-10,,154321,732952,2
1379167,2019-12-20,2020-01-10,,154389,791050,2
1379168,2019-12-20,2020-01-10,,154555,878241,2
1379169,2019-12-20,2020-01-10,,154622,364751,2
1379170,2019-12-20,2020-01-10,,154783,337327,2
1379171,2019-12-20,2020-01-10,,155072,710259,2
1379172,2019-12-20,2020-01-10,,155398,176042,2
1379173,2019-12-20,2020-01-10,,155428,391645,2
1379174,2019-12-20,2020-01-10,,155431,157117,2
1379175,2019-12-20,2020-01-10,,155431,199448,2
1379176,2019-12-20,2020-01-10,,155459,910167,2
1379177,2019-12-20,2020-01-10,,155577,625257,2
1379178,2019-12-20,2020-01-10,,155694,851324,2
1379179,2019-12-20,2020-01-10,,155770,299822,2
1379180,2019-12-20,2020-01-10,,155810,515688,2
1379181,2019-12-20,2020-01-10,,155918,923087,2
1379182,2019-12-20,2020-01-10,,155966,680189,2
1379183,2019-12-20,2020-01-10,,155966,751281,2
1379184,2019-12-20,2020-01-10,,156117,896137,2
1379185,2019-12-20,2020-01-10,,156281,900925,2
1379186,2019-12-20,2020-01-10,,156333,110615,2
1379187,2019-12-20,2020-01-10,,156456,218592,2
1379188,2019-12-20,2020-01-10,,156664,878025,2
1379189,2019-12-20,2020-01-10,,156729,247035,2
1379190,2019-12-20,2020-01-10,,156729,875603,2
1379191,2019-12-20,2020-01-10,,156870,383427,2
1379192,2019-12-20,2020-01-10,,156890,86527,2
1379193,2019-12-20,2020-01-10,,156912,57743,2
1379194,2019-12-20,2020-01-10,,156912,728530,2
1379195,2019-12-20,2020-01-10,,156912,841605,2
1379196,2019-12-20,2020-01-10,,157037,354493,2
1379197,2019-12-20,2020-01-10,,157222,61747,2
1379198,2019-12-20,2020-01-10,,157459,521757,2
1379199,2019-12-20,2020-01-10,,157542,482443,2
1379200,2019-12-20,2020-01-10,,157543,150281,2
1379201,2019-12-20,2020-01-10,,157741,95547,2
1379202,2019-12-20,2020-01-10,,157968,776834,2
1379203,2019-12-20,2020-01-10,,158102,618099,2
1379204,2019-12-20,2020-01-10,,158105,689431,2
1379205,2019-12-20,2020-01-10,,158120,828934,2
1379206,2019-12-20,2020-01-10,,158179,610402,2
1379207,2019-12-20,2020-01-10,,158548,534505,2
1379208,2019-12-20,2020-01-10,,158666,271666,2
1379209,2019-12-20,2020-01-10,,158740,355116,2
1379210,2019-12-20,2020-01-10,,158931,284232,2
1379211,2019-12-20,2020-01-10,,158935,378594,2
1379212,2019-12-20,2020-01-10,,158943,236901,2
1379213,2019-12-20,2020-01-10,,158965,34362,2
1379214,2019-12-20,2020-01-10,,159237,96663,2
1379215,2019-12-20,2020-01-10,,159306,14973,2
1379216,2019-12-20,2020-01-10,,159317,489861,2
1379217,2019-12-20,2020-01-10,,159424,747636,2
1379218,2019-12-20,2020-01-10,,159524,809360,2
1379219,2019-12-21,2020-01-11,,102,799068,2
1379220,2019-12-21,2020-01-11,,156,288148,2
1379221,2019-12-21,2020-01-11,,156,801852,2
1379222,2019-12-21,2020-01-11,,229,425477,2
1379223,2019-12-21,2020-01-11,,523,399338,2
1379224,2019-12-21,2020-01-11,,534,608887,2
1379225,2019-12-21,2020-01-11,,541,693082,2
1379226,2019-12-21,2020-01-11,,553,9459,2
1379227,2019-12-21,2020-01-11,,741,382858,2
1379228,2019-12-21,2020-01-11,,886,487542,2
1379229,2019-12-21,2020-01-11,,1030,925809,2
1379230,2019-12-21,2020-01-11,,1054,17747,2
1379231,2019-12-21,2020-01-11,,1081,527429,2
1379232,2019-12-21,2020-01-11,,1127,372992,2
1379233,2019-12-21,2020-01-11,,1289,923510,2
1379234,2019-12-21,2020-01-11,,1739,92334,2
1379235,2019-12-21,2020-01-11,,1739,447257,2
1379236,2019-12-21,2020-01-11,,1770,900212,2
1379237,2019-12-21,2020-01-11,,1846,370216,2
1379238,2019-12-21,2020-01-11,,1871,351523,2
1379239,2019-12-21,2020-01-11,,1876,502493,2
1379240,2019-12-21,2020-01-11,,2247,574007,2
1379241,2019-12-21,2020-01-11,,2278,615562,2
1379242,2019-12-21,2020-01-11,,2440,406462,2
1379243,2019-12-21,2020-01-11,,2472,339554,2
1379244,2019-12-21,2020-01-11,,2472,466980,2
1379245,2019-12-21,2020-01-11,,2627,151960,2
1379246,2019-12-21,2020-01-11,,2691,880869,2
1379247,2019-12-21,2020-01-11,,2824,558632,2
1379248,2019-12-21,2020-01-11,,2880,622543,2
1379249,2019-12-21,2020-01-11,,2891,316280,2
1379250,2019-12-21,2020-01-11,,2903,163755,2
1379251,2019-12-21,2020-01-11,,3040,379700,2
1379252,2019-12-21,2020-01-11,,3048,824097,2
1379253,2019-12-21,2020-01-11,,3082,104425,2
1379254,2019-12-21,2020-01-11,,3082,380142,2
1379255,2019-12-21,2020-01-11,,3123,8206,2
1379256,2019-12-21,2020-01-11,,3164,49239,2
1379257,2019-12-21,2020-01-11,,3194,575618,2
1379258,2019-12-21,2020-01-11,,3194,601599,2
1379259,2019-12-21,2020-01-11,,3231,764478,2
1379260,2019-12-21,2020-01-11,,3441,764485,2
1379261,2019-12-21,2020-01-11,,3675,401533,2
1379262,2019-12-21,2020-01-11,,3719,282130,2
1379263,2019-12-21,2020-01-11,,3972,950877,2
1379264,2019-12-21,2020-01-11,,4121,505587,2
1379265,2019-12-21,2020-01-11,,4251,442903,2
1379266,2019-12-21,2020-01-11,,4296,861195,2
1379267,2019-12-21,2020-01-11,,4305,777552,2
1379268,2019-12-21,2020-01-11,,4328,263376,2
1379269,2019-12-21,2020-01-11,,4465,637972,2
1379270,2019-12-21,2020-01-11,,4503,603968,2
1379271,2019-12-21,2020-01-11,,4544,306321,2
1379272,2019-12-21,2020-01-11,,4707,830737,2
1379273,2019-12-21,2020-01-11,,4708,806496,2
1379274,2019-12-21,2020-01-11,,4893,659940,2
1379275,2019-12-21,2020-01-11,,4918,511779,2
1379276,2019-12-21,2020-01-11,,4918,894836,2
1379277,2019-12-21,2020-01-11,,5016,789287,2
1379278,2019-12-21,2020-01-11,,5227,779785,2
1379279,2019-12-21,2020-01-11,,5269,836475,2
1379280,2019-12-21,2020-01-11,,5712,871156,2
1379281,2019-12-21,2020-01-11,,5827,455398,2
1379282,2019-12-21,2020-01-11,,5872,667432,2
1379283,2019-12-21,2020-01-11,,6006,649927,2
1379284,2019-12-21,2020-01-11,,6304,830728,2
1379285,2019-12-21,2020-01-11,,6314,51460,2
1379286,2019-12-21,2020-01-11,,6377,683274,2
1379287,2019-12-21,2020-01-11,,6411,510383,2
1379288,2019-12-21,2020-01-11,,6416,327264,2
1379289,2019-12-21,2020-01-11,,6491,104536,2
1379290,2019-12-21,2020-01-11,,6503,521635,2
1379291,2019-12-21,2020-01-11,,6568,219019,2
1379292,2019-12-21,2020-01-11,,6624,952853,2
1379293,2019-12-21,2020-01-11,,6886,422599,2
1379294,2019-12-21,2020-01-11,,6911,242839,2
1379295,2019-12-21,2020-01-11,,6912,606392,2
1379296,2019-12-21,2020-01-11,,7061,190191,2
1379297,2019-12-21,2020-01-11,,7091,955610,2
1379298,2019-12-21,2020-01-11,,7196,621828,2
1379299,2019-12-21,2020-01-11,,7286,411790,2
1379300,2019-12-21,2020-01-11,,7342,924342,2
1379301,2019-12-21,2020-01-11,,7348,628062,2
1379302,2019-12-21,2020-01-11,,7567,576781,2
1379303,2019-12-21,2020-01-11,,7774,665776,2
1379304,2019-12-21,2020-01-11,,8273,225626,2
1379305,2019-12-21,2020-01-11,,8304,406604,2
1379306,2019-12-21,2020-01-11,,8330,137990,2
1379307,2019-12-21,2020-01-11,,8594,491610,2
1379308,2019-12-21,2020-01-11,,8599,860473,2
1379309,2019-12-21,2020-01-11,,8638,408621,2
1379310,2019-12-21,2020-01-11,,8675,875694,2
1379311,2019-12-21,2020-01-11,,8810,415814,2
1379312,2019-12-21,2020-01-11,,8886,229272,2
1379313,2019-12-21,2020-01-11,,9053,17371,2
1379314,2019-12-21,2020-01-11,,9179,301371,2
1379315,2019-12-21,2020-01-11,,9202,391835,2
1379316,2019-12-21,2020-01-11,,9203,795468,2
1379317,2019-12-21,2020-01-11,,9279,154577,2
1379318,2019-12-21,2020-01-11,,9294,549677,2
1379319,2019-12-21,2020-01-11,,9485,124379,2
1379320,2019-12-21,2020-01-11,,9648,436113,2
1379321,2019-12-21,2020-01-11,,9651,822963,2
1379322,2019-12-21,2020-01-11,,9759,840901,2
1379323,2019-12-21,2020-01-11,,9958,143239,2
1379324,2019-12-21,2020-01-11,,10185,754290,2
1379325,2019-12-21,2020-01-11,,10247,589117,2
1379326,2019-12-21,2020-01-11,,10287,54027,2
1379327,2019-12-21,2020-01-11,,10432,76886,2
1379328,2019-12-21,2020-01-11,,10432,202792,2
1379329,2019-12-21,2020-01-11,,10432,318910,2
1379330,2019-12-21,2020-01-11,,10432,361564,2
1379331,2019-12-21,2020-01-11,,10432,410172,2
1379332,2019-12-21,2020-01-11,,10432,434054,2
1379333,2019-12-21,2020-01-11,,10449,146631,2
1379334,2019-12-21,2020-01-11,,10449,319045,2
1379335,2019-12-21,2020-01-11,,10514,29181,2
1379336,2019-12-21,2020-01-11,,10564,176744,2
1379337,2019-12-21,2020-01-11,,10602,46266,2
1379338,2019-12-21,2020-01-11,,10713,567919,2
1379339,2019-12-21,2020-01-11,,10732,219978,2
1379340,2019-12-21,2020-01-11,,10911,441330,2
1379341,2019-12-21,2020-01-11,,10967,884738,2
1379342,2019-12-21,2020-01-11,,10997,813426,2
1379343,2019-12-21,2020-01-11,,11096,136414,2
1379344,2019-12-21,2020-01-11,,11134,896317,2
1379345,2019-12-21,2020-01-11,,11144,581278,2
1379346,2019-12-21,2020-01-11,,11370,425607,2
1379347,2019-12-21,2020-01-11,,11458,239759,2
1379348,2019-12-21,2020-01-11,,11458,276445,2
1379349,2019-12-21,2020-01-11,,11489,279013,2
1379350,2019-12-21,2020-01-11,,11576,662738,2
1379351,2019-12-21,2020-01-11,,11597,824012,2
1379352,2019-12-21,2020-01-11,,11766,664478,2
1379353,2019-12-21,2020-01-11,,12003,5085,2
1379354,2019-12-21,2020-01-11,,12003,102223,2
1379355,2019-12-21,2020-01-11,,12003,341386,2
1379356,2019-12-21,2020-01-11,,12003,633636,2
1379357,2019-12-21,2020-01-11,,12003,653220,2
1379358,2019-12-21,2020-01-11,,12003,706758,2
1379359,2019-12-21,2020-01-11,,12003,775368,2
1379360,2019-12-21,2020-01-11,,12003,829320,2
1379361,2019-12-21,2020-01-11,,12003,906514,2
1379362,2019-12-21,2020-01-11,,12003,908650,2
1379363,2019-12-21,2020-01-11,,12003,928600,2
1379364,2019-12-21,2020-01-11,,12003,936298,2
1379365,2019-12-21,2020-01-11,,12379,311822,2
1379366,2019-12-21,2020-01-11,,12488,535861,2
1379367,2019-12-21,2020-01-11,,12606,606333,2
1379368,2019-12-21,2020-01-11,,12622,210307,2
1379369,2019-12-21,2020-01-11,,12626,97980,2
1379370,2019-12-21,2020-01-11,,12688,872666,2
1379371,2019-12-21,2020-01-11,,12846,329908,2
1379372,2019-12-21,2020-01-11,,12846,793969,2
1379373,2019-12-21,2020-01-11,,12863,878191,2
1379374,2019-12-21,2020-01-11,,12931,851313,2
1379375,2019-12-21,2020-01-11,,12999,61298,2
1379376,2019-12-21,2020-01-11,,13139,741430,2
1379377,2019-12-21,2020-01-11,,13172,594776,2
1379378,2019-12-21,2020-01-11,,13547,861214,2
1379379,2019-12-21,2020-01-11,,13623,606836,2
1379380,2019-12-21,2020-01-11,,13685,748166,2
1379381,2019-12-21,2020-01-11,,13718,405859,2
1379382,2019-12-21,2020-01-11,,13770,698719,2
1379383,2019-12-21,2020-01-11,,13851,33014,2
1379384,2019-12-21,2020-01-11,,13882,97053,2
1379385,2019-12-21,2020-01-11,,14310,403282,2
1379386,2019-12-21,2020-01-11,,14328,281743,2
1379387,2019-12-21,2020-01-11,,14414,808767,2
1379388,2019-12-21,2020-01-11,,14432,595737,2
1379389,2019-12-21,2020-01-11,,14649,44062,2
1379390,2019-12-21,2020-01-11,,14864,553685,2
1379391,2019-12-21,2020-01-11,,14867,418778,2
1379392,2019-12-21,2020-01-11,,14884,114926,2
1379393,2019-12-21,2020-01-11,,14972,770035,2
1379394,2019-12-21,2020-01-11,,15012,484366,2
1379395,2019-12-21,2020-01-11,,15032,303887,2
1379396,2019-12-21,2020-01-11,,15096,794109,2
1379397,2019-12-21,2020-01-11,,15106,427292,2
1379398,2019-12-21,2020-01-11,,15132,159275,2
1379399,2019-12-21,2020-01-11,,15132,556474,2
1379400,2019-12-21,2020-01-11,,15250,603584,2
1379401,2019-12-21,2020-01-11,,15519,886634,2
1379402,2019-12-21,2020-01-11,,15558,688443,2
1379403,2019-12-21,2020-01-11,,15881,778471,2
1379404,2019-12-21,2020-01-11,,15942,864260,2
1379405,2019-12-21,2020-01-11,,16091,759716,2
1379406,2019-12-21,2020-01-11,,16251,36118,2
1379407,2019-12-21,2020-01-11,,16293,588989,2
1379408,2019-12-21,2020-01-11,,16305,103938,2
1379409,2019-12-21,2020-01-11,,16371,94640,2
1379410,2019-12-21,2020-01-11,,16502,359963,2
1379411,2019-12-21,2020-01-11,,16673,190910,2
1379412,2019-12-21,2020-01-11,,16673,204225,2
1379413,2019-12-21,2020-01-11,,16673,875695,2
1379414,2019-12-21,2020-01-11,,16803,415552,2
1379415,2019-12-21,2020-01-11,,16877,67425,2
1379416,2019-12-21,2020-01-11,,16889,212761,2
1379417,2019-12-21,2020-01-11,,17021,43831,2
1379418,2019-12-21,2020-01-11,,17021,698863,2
1379419,2019-12-21,2020-01-11,,17088,922713,2
1379420,2019-12-21,2020-01-11,,17169,341871,2
1379421,2019-12-21,2020-01-11,,17277,356327,2
1379422,2019-12-21,2020-01-11,,17277,584969,2
1379423,2019-12-21,2020-01-11,,17277,685041,2
1379424,2019-12-21,2020-01-11,,17690,455299,2
1379425,2019-12-21,2020-01-11,,17698,194675,2
1379426,2019-12-21,2020-01-11,,17717,68744,2
1379427,2019-12-21,2020-01-11,,17837,382799,2
1379428,2019-12-21,2020-01-11,,18290,886981,2
1379429,2019-12-21,2020-01-11,,18526,168579,2
1379430,2019-12-21,2020-01-11,,18633,925300,2
1379431,2019-12-21,2020-01-11,,18817,102326,2
1379432,2019-12-21,2020-01-11,,19239,823210,2
1379433,2019-12-21,2020-01-11,,19289,554144,2
1379434,2019-12-21,2020-01-11,,19296,329927,2
1379435,2019-12-21,2020-01-11,,19434,433909,2
1379436,2019-12-21,2020-01-11,,19454,374287,2
1379437,2019-12-21,2020-01-11,,19547,546241,2
1379438,2019-12-21,2020-01-11,,19698,845265,2
1379439,2019-12-21,2020-01-11,,19849,175790,2
1379440,2019-12-21,2020-01-11,,19861,169781,2
1379441,2019-12-21,2020-01-11,,19906,453851,2
1379442,2019-12-21,2020-01-11,,19982,453915,2
1379443,2019-12-21,2020-01-11,,20052,219856,2
1379444,2019-12-21,2020-01-11,,20222,758098,2
1379445,2019-12-21,2020-01-11,,20367,649552,2
1379446,2019-12-21,2020-01-11,,20580,307931,2
1379447,2019-12-21,2020-01-11,,20650,539780,2
1379448,2019-12-21,2020-01-11,,20662,719048,2
1379449,2019-12-21,2020-01-11,,20682,72596,2
1379450,2019-12-21,2020-01-11,,20700,557789,2
1379451,2019-12-21,2020-01-11,,20735,678573,2
1379452,2019-12-21,2020-01-11,,20776,189338,2
1379453,2019-12-21,2020-01-11,,20797,306513,2
1379454,2019-12-21,2020-01-11,,20908,220175,2
1379455,2019-12-21,2020-01-11,,20970,403350,2
1379456,2019-12-21,2020-01-11,,21299,137436,2
1379457,2019-12-21,2020-01-11,,21347,327169,2
1379458,2019-12-21,2020-01-11,,21496,573897,2
1379459,2019-12-21,2020-01-11,,21503,412575,2
1379460,2019-12-21,2020-01-11,,21535,128089,2
1379461,2019-12-21,2020-01-11,,21632,337049,2
1379462,2019-12-21,2020-01-11,,21661,20809,2
1379463,2019-12-21,2020-01-11,,21717,229722,2
1379464,2019-12-21,2020-01-11,,21765,545958,2
1379465,2019-12-21,2020-01-11,,21846,898300,2
1379466,2019-12-21,2020-01-11,,21888,793038,2
1379467,2019-12-21,2020-01-11,,22180,580875,2
1379468,2019-12-21,2020-01-11,,22272,358877,2
1379469,2019-12-21,2020-01-11,,22575,701722,2
1379470,2019-12-21,2020-01-11,,22579,390861,2
1379471,2019-12-21,2020-01-11,,22631,454603,2
1379472,2019-12-21,2020-01-11,,22651,421284,2
1379473,2019-12-21,2020-01-11,,22706,626685,2
1379474,2019-12-21,2020-01-11,,22741,530628,2
1379475,2019-12-21,2020-01-11,,22799,849984,2
1379476,2019-12-21,2020-01-11,,22814,213322,2
1379477,2019-12-21,2020-01-11,,23102,592667,2
1379478,2019-12-21,2020-01-11,,23253,819949,2
1379479,2019-12-21,2020-01-11,,23588,220590,2
1379480,2019-12-21,2020-01-11,,23718,312790,2
1379481,2019-12-21,2020-01-11,,23796,786029,2
1379482,2019-12-21,2020-01-11,,23811,275304,2
1379483,2019-12-21,2020-01-11,,23936,757351,2
1379484,2019-12-21,2020-01-11,,23968,630196,2
1379485,2019-12-21,2020-01-11,,24034,205230,2
1379486,2019-12-21,2020-01-11,,25046,159936,2
1379487,2019-12-21,2020-01-11,,25491,191135,2
1379488,2019-12-21,2020-01-11,,25492,425190,2
1379489,2019-12-21,2020-01-11,,25523,397656,2
1379490,2019-12-21,2020-01-11,,25533,181555,2
1379491,2019-12-21,2020-01-11,,25540,310963,2
1379492,2019-12-21,2020-01-11,,25564,465517,2
1379493,2019-12-21,2020-01-11,,25802,315876,2
1379494,2019-12-21,2020-01-11,,25812,578087,2
1379495,2019-12-21,2020-01-11,,26073,225615,2
1379496,2019-12-21,2020-01-11,,26352,843095,2
1379497,2019-12-21,2020-01-11,,26359,182596,2
1379498,2019-12-21,2020-01-11,,26449,853339,2
1379499,2019-12-21,2020-01-11,,26708,119302,2
1379500,2019-12-21,2020-01-11,,26740,73588,2
1379501,2019-12-21,2020-01-11,,26763,354357,2
1379502,2019-12-21,2020-01-11,,26863,304869,2
1379503,2019-12-21,2020-01-11,,27014,220351,2
1379504,2019-12-21,2020-01-11,,27014,845042,2
1379505,2019-12-21,2020-01-11,,27076,276041,2
1379506,2019-12-21,2020-01-11,,27190,701555,2
1379507,2019-12-21,2020-01-11,,27257,271251,2
1379508,2019-12-21,2020-01-11,,27404,830953,2
1379509,2019-12-21,2020-01-11,,27684,596291,2
1379510,2019-12-21,2020-01-11,,27708,464926,2
1379511,2019-12-21,2020-01-11,,27822,166004,2
1379512,2019-12-21,2020-01-11,,27973,234520,2
1379513,2019-12-21,2020-01-11,,28071,512483,2
1379514,2019-12-21,2020-01-11,,28127,587959,2
1379515,2019-12-21,2020-01-11,,28212,669164,2
1379516,2019-12-21,2020-01-11,,28300,229912,2
1379517,2019-12-21,2020-01-11,,28355,117481,2
1379518,2019-12-21,2020-01-11,,28361,18389,2
1379519,2019-12-21,2020-01-11,,28462,891793,2
1379520,2019-12-21,2020-01-11,,28588,648592,2
1379521,2019-12-21,2020-01-11,,28746,591016,2
1379522,2019-12-21,2020-01-11,,28847,194017,2
1379523,2019-12-21,2020-01-11,,28857,832528,2
1379524,2019-12-21,2020-01-11,,29095,269206,2
1379525,2019-12-21,2020-01-11,,29225,258173,2
1379526,2019-12-21,2020-01-11,,29563,787290,2
1379527,2019-12-21,2020-01-11,,29728,698864,2
1379528,2019-12-21,2020-01-11,,29898,309666,2
1379529,2019-12-21,2020-01-11,,30002,495994,2
1379530,2019-12-21,2020-01-11,,30077,65888,2
1379531,2019-12-21,2020-01-11,,30079,518491,2
1379532,2019-12-21,2020-01-11,,30156,180325,2
1379533,2019-12-21,2020-01-11,,30218,875696,2
1379534,2019-12-21,2020-01-11,,30510,544209,2
1379535,2019-12-21,2020-01-11,,30513,590557,2
1379536,2019-12-21,2020-01-11,,30548,17798,2
1379537,2019-12-21,2020-01-11,,30567,280627,2
1379538,2019-12-21,2020-01-11,,30801,363161,2
1379539,2019-12-21,2020-01-11,,30931,840318,2
1379540,2019-12-21,2020-01-11,,30970,231094,2
1379541,2019-12-21,2020-01-11,,30989,666626,2
1379542,2019-12-21,2020-01-11,,31020,171894,2
1379543,2019-12-21,2020-01-11,,31148,496657,2
1379544,2019-12-21,2020-01-11,,31267,814925,2
1379545,2019-12-21,2020-01-11,,31268,688817,2
1379546,2019-12-21,2020-01-11,,31347,141440,2
1379547,2019-12-21,2020-01-11,,31882,58661,2
1379548,2019-12-21,2020-01-11,,31882,882037,2
1379549,2019-12-21,2020-01-11,,31882,900860,2
1379550,2019-12-21,2020-01-11,,31911,330878,2
1379551,2019-12-21,2020-01-11,,31923,226582,2
1379552,2019-12-21,2020-01-11,,32033,306235,2
1379553,2019-12-21,2020-01-11,,32090,908125,2
1379554,2019-12-21,2020-01-11,,32104,377302,2
1379555,2019-12-21,2020-01-11,,32443,595108,2
1379556,2019-12-21,2020-01-11,,32492,113858,2
1379557,2019-12-21,2020-01-11,,32520,398423,2
1379558,2019-12-21,2020-01-11,,32607,341553,2
1379559,2019-12-21,2020-01-11,,32909,806700,2
1379560,2019-12-21,2020-01-11,,33088,145344,2
1379561,2019-12-21,2020-01-11,,33141,894775,2
1379562,2019-12-21,2020-01-11,,33240,533653,2
1379563,2019-12-21,2020-01-11,,33396,789466,2
1379564,2019-12-21,2020-01-11,,33525,18909,2
1379565,2019-12-21,2020-01-11,,33596,942331,2
1379566,2019-12-21,2020-01-11,,33731,366510,2
1379567,2019-12-21,2020-01-11,,33746,808363,2
1379568,2019-12-21,2020-01-11,,33800,949812,2
1379569,2019-12-21,2020-01-11,,33944,522689,2
1379570,2019-12-21,2020-01-11,,34074,631141,2
1379571,2019-12-21,2020-01-11,,34142,483597,2
1379572,2019-12-21,2020-01-11,,34194,576727,2
1379573,2019-12-21,2020-01-11,,34232,821863,2
1379574,2019-12-21,2020-01-11,,34324,126403,2
1379575,2019-12-21,2020-01-11,,34324,379446,2
1379576,2019-12-21,2020-01-11,,34450,631444,2
1379577,2019-12-21,2020-01-11,,34575,929752,2
1379578,2019-12-21,2020-01-11,,34641,731931,2
1379579,2019-12-21,2020-01-11,,34702,273456,2
1379580,2019-12-21,2020-01-11,,34824,225080,2
1379581,2019-12-21,2020-01-11,,34850,421240,2
1379582,2019-12-21,2020-01-11,,34850,900294,2
1379583,2019-12-21,2020-01-11,,34860,75115,2
1379584,2019-12-21,2020-01-11,,34881,795224,2
1379585,2019-12-21,2020-01-11,,34910,256569,2
1379586,2019-12-21,2020-01-11,,34910,277514,2
1379587,2019-12-21,2020-01-11,,34910,342360,2
1379588,2019-12-21,2020-01-11,,34910,467417,2
1379589,2019-12-21,2020-01-11,,34910,488111,2
1379590,2019-12-21,2020-01-11,,34910,677004,2
1379591,2019-12-21,2020-01-11,,34910,741688,2
1379592,2019-12-21,2020-01-11,,34910,774383,2
1379593,2019-12-21,2020-01-11,,34910,832995,2
1379594,2019-12-21,2020-01-11,,34984,834422,2
1379595,2019-12-21,2020-01-11,,35044,167782,2
1379596,2019-12-21,2020-01-11,,35110,381492,2
1379597,2019-12-21,2020-01-11,,35277,94703,2
1379598,2019-12-21,2020-01-11,,35277,769075,2
1379599,2019-12-21,2020-01-11,,35277,954465,2
1379600,2019-12-21,2020-01-11,,35363,236058,2
1379601,2019-12-21,2020-01-11,,35486,560996,2
1379602,2019-12-21,2020-01-11,,35577,508588,2
1379603,2019-12-21,2020-01-11,,35822,281711,2
1379604,2019-12-21,2020-01-11,,35841,536895,2
1379605,2019-12-21,2020-01-11,,35932,545629,2
1379606,2019-12-21,2020-01-11,,36101,686731,2
1379607,2019-12-21,2020-01-11,,36123,415383,2
1379608,2019-12-21,2020-01-11,,36191,332792,2
1379609,2019-12-21,2020-01-11,,36324,421454,2
1379610,2019-12-21,2020-01-11,,36324,889961,2
1379611,2019-12-21,2020-01-11,,36358,659298,2
1379612,2019-12-21,2020-01-11,,36358,735002,2
1379613,2019-12-21,2020-01-11,,36358,824267,2
1379614,2019-12-21,2020-01-11,,36396,869001,2
1379615,2019-12-21,2020-01-11,,36406,26183,2
1379616,2019-12-21,2020-01-11,,36406,594458,2
1379617,2019-12-21,2020-01-11,,36435,36588,2
1379618,2019-12-21,2020-01-11,,36565,242326,2
1379619,2019-12-21,2020-01-11,,36783,446216,2
1379620,2019-12-21,2020-01-11,,36825,156523,2
1379621,2019-12-21,2020-01-11,,37261,811399,2
1379622,2019-12-21,2020-01-11,,37462,536471,2
1379623,2019-12-21,2020-01-11,,37516,146511,2
1379624,2019-12-21,2020-01-11,,37516,606570,2
1379625,2019-12-21,2020-01-11,,37608,639729,2
1379626,2019-12-21,2020-01-11,,37675,261312,2
1379627,2019-12-21,2020-01-11,,37803,118463,2
1379628,2019-12-21,2020-01-11,,37824,403757,2
1379629,2019-12-21,2020-01-11,,38081,903768,2
1379630,2019-12-21,2020-01-11,,38400,34789,2
1379631,2019-12-21,2020-01-11,,38496,391142,2
1379632,2019-12-21,2020-01-11,,38712,234964,2
1379633,2019-12-21,2020-01-11,,38954,440834,2
1379634,2019-12-21,2020-01-11,,38954,591062,2
1379635,2019-12-21,2020-01-11,,39074,812109,2
1379636,2019-12-21,2020-01-11,,39147,934940,2
1379637,2019-12-21,2020-01-11,,39160,104075,2
1379638,2019-12-21,2020-01-11,,39160,598148,2
1379639,2019-12-21,2020-01-11,,39160,889118,2
1379640,2019-12-21,2020-01-11,,39197,343152,2
1379641,2019-12-21,2020-01-11,,39570,758833,2
1379642,2019-12-21,2020-01-11,,39757,541745,2
1379643,2019-12-21,2020-01-11,,39907,406318,2
1379644,2019-12-21,2020-01-11,,39952,321562,2
1379645,2019-12-21,2020-01-11,,40147,399327,2
1379646,2019-12-21,2020-01-11,,40229,322727,2
1379647,2019-12-21,2020-01-11,,40295,820235,2
1379648,2019-12-21,2020-01-11,,40526,242562,2
1379649,2019-12-21,2020-01-11,,40542,606020,2
1379650,2019-12-21,2020-01-11,,40975,253573,2
1379651,2019-12-21,2020-01-11,,41040,388918,2
1379652,2019-12-21,2020-01-11,,41040,516430,2
1379653,2019-12-21,2020-01-11,,41117,713878,2
1379654,2019-12-21,2020-01-11,,41169,870339,2
1379655,2019-12-21,2020-01-11,,41186,733962,2
1379656,2019-12-21,2020-01-11,,41193,596590,2
1379657,2019-12-21,2020-01-11,,41465,207384,2
1379658,2019-12-21,2020-01-11,,41658,417165,2
1379659,2019-12-21,2020-01-11,,41683,954625,2
1379660,2019-12-21,2020-01-11,,41831,569691,2
1379661,2019-12-21,2020-01-11,,41982,196533,2
1379662,2019-12-21,2020-01-11,,42001,814832,2
1379663,2019-12-21,2020-01-11,,42073,721618,2
1379664,2019-12-21,2020-01-11,,42206,279617,2
1379665,2019-12-21,2020-01-11,,42233,390749,2
1379666,2019-12-21,2020-01-11,,42388,546849,2
1379667,2019-12-21,2020-01-11,,42489,421176,2
1379668,2019-12-21,2020-01-11,,42495,8193,2
1379669,2019-12-21,2020-01-11,,42530,238663,2
1379670,2019-12-21,2020-01-11,,42562,348503,2
1379671,2019-12-21,2020-01-11,,42637,404560,2
1379672,2019-12-21,2020-01-11,,42800,7259,2
1379673,2019-12-21,2020-01-11,,42945,199918,2
1379674,2019-12-21,2020-01-11,,43000,654178,2
1379675,2019-12-21,2020-01-11,,43019,23068,2
1379676,2019-12-21,2020-01-11,,43186,109872,2
1379677,2019-12-21,2020-01-11,,43204,899851,2
1379678,2019-12-21,2020-01-11,,43209,178122,2
1379679,2019-12-21,2020-01-11,,43209,574037,2
1379680,2019-12-21,2020-01-11,,43288,200423,2
1379681,2019-12-21,2020-01-11,,43322,281396,2
1379682,2019-12-21,2020-01-11,,43322,499426,2
1379683,2019-12-21,2020-01-11,,43401,60067,2
1379684,2019-12-21,2020-01-11,,43468,283037,2
1379685,2019-12-21,2020-01-11,,43564,149165,2
1379686,2019-12-21,2020-01-11,,43723,90700,2
1379687,2019-12-21,2020-01-11,,43809,861319,2
1379688,2019-12-21,2020-01-11,,44076,443640,2
1379689,2019-12-21,2020-01-11,,44082,566710,2
1379690,2019-12-21,2020-01-11,,44172,925297,2
1379691,2019-12-21,2020-01-11,,44236,573691,2
1379692,2019-12-21,2020-01-11,,44381,723017,2
1379693,2019-12-21,2020-01-11,,44420,269407,2
1379694,2019-12-21,2020-01-11,,44425,634618,2
1379695,2019-12-21,2020-01-11,,44569,555909,2
1379696,2019-12-21,2020-01-11,,44764,898479,2
1379697,2019-12-21,2020-01-11,,44875,433555,2
1379698,2019-12-21,2020-01-11,,44958,341677,2
1379699,2019-12-21,2020-01-11,,45114,221629,2
1379700,2019-12-21,2020-01-11,,45330,224673,2
1379701,2019-12-21,2020-01-11,,45330,267625,2
1379702,2019-12-21,2020-01-11,,45541,415553,2
1379703,2019-12-21,2020-01-11,,45693,855896,2
1379704,2019-12-21,2020-01-11,,45693,943643,2
1379705,2019-12-21,2020-01-11,,45771,933651,2
1379706,2019-12-21,2020-01-11,,45907,679539,2
1379707,2019-12-21,2020-01-11,,45951,619484,2
1379708,2019-12-21,2020-01-11,,45982,424138,2
1379709,2019-12-21,2020-01-11,,46045,196475,2
1379710,2019-12-21,2020-01-11,,46067,289545,2
1379711,2019-12-21,2020-01-11,,46115,888089,2
1379712,2019-12-21,2020-01-11,,46136,614276,2
1379713,2019-12-21,2020-01-11,,46486,744809,2
1379714,2019-12-21,2020-01-11,,46494,533817,2
1379715,2019-12-21,2020-01-11,,46530,63142,2
1379716,2019-12-21,2020-01-11,,46530,239975,2
1379717,2019-12-21,2020-01-11,,46530,849058,2
1379718,2019-12-21,2020-01-11,,46530,888344,2
1379719,2019-12-21,2020-01-11,,46530,889489,2
1379720,2019-12-21,2020-01-11,,46530,916454,2
1379721,2019-12-21,2020-01-11,,46530,917767,2
1379722,2019-12-21,2020-01-11,,46552,929984,2
1379723,2019-12-21,2020-01-11,,46742,802983,2
1379724,2019-12-21,2020-01-11,,46787,276622,2
1379725,2019-12-21,2020-01-11,,46824,465944,2
1379726,2019-12-21,2020-01-11,,46870,341877,2
1379727,2019-12-21,2020-01-11,,46964,917607,2
1379728,2019-12-21,2020-01-11,,47285,796140,2
1379729,2019-12-21,2020-01-11,,47340,188206,2
1379730,2019-12-21,2020-01-11,,47379,382722,2
1379731,2019-12-21,2020-01-11,,47379,875604,2
1379732,2019-12-21,2020-01-11,,47437,137610,2
1379733,2019-12-21,2020-01-11,,47659,111364,2
1379734,2019-12-21,2020-01-11,,47678,132058,2
1379735,2019-12-21,2020-01-11,,47747,204468,2
1379736,2019-12-21,2020-01-11,,47747,617699,2
1379737,2019-12-21,2020-01-11,,47747,668376,2
1379738,2019-12-21,2020-01-11,,47758,279912,2
1379739,2019-12-21,2020-01-11,,48039,500732,2
1379740,2019-12-21,2020-01-11,,48204,721000,2
1379741,2019-12-21,2020-01-11,,48279,607118,2
1379742,2019-12-21,2020-01-11,,48547,533418,2
1379743,2019-12-21,2020-01-11,,48547,657709,2
1379744,2019-12-21,2020-01-11,,48568,206236,2
1379745,2019-12-21,2020-01-11,,48625,876230,2
1379746,2019-12-21,2020-01-11,,48756,935069,2
1379747,2019-12-21,2020-01-11,,48821,208225,2
1379748,2019-12-21,2020-01-11,,49163,197820,2
1379749,2019-12-21,2020-01-11,,49231,811295,2
1379750,2019-12-21,2020-01-11,,49239,151747,2
1379751,2019-12-21,2020-01-11,,49442,751805,2
1379752,2019-12-21,2020-01-11,,49555,671303,2
1379753,2019-12-21,2020-01-11,,49617,277234,2
1379754,2019-12-21,2020-01-11,,49717,681098,2
1379755,2019-12-21,2020-01-11,,49785,785011,2
1379756,2019-12-21,2020-01-11,,49801,876455,2
1379757,2019-12-21,2020-01-11,,49842,548469,2
1379758,2019-12-21,2020-01-11,,49901,49543,2
1379759,2019-12-21,2020-01-11,,49962,212581,2
1379760,2019-12-21,2020-01-11,,49962,694560,2
1379761,2019-12-21,2020-01-11,,49970,115949,2
1379762,2019-12-21,2020-01-11,,49970,408336,2
1379763,2019-12-21,2020-01-11,,49985,719474,2
1379764,2019-12-21,2020-01-11,,50028,835181,2
1379765,2019-12-21,2020-01-11,,50115,880893,2
1379766,2019-12-21,2020-01-11,,50298,496878,2
1379767,2019-12-21,2020-01-11,,50506,910743,2
1379768,2019-12-21,2020-01-11,,50744,18248,2
1379769,2019-12-21,2020-01-11,,50762,585462,2
1379770,2019-12-21,2020-01-11,,50781,3742,2
1379771,2019-12-21,2020-01-11,,50781,317429,2
1379772,2019-12-21,2020-01-11,,50957,395785,2
1379773,2019-12-21,2020-01-11,,50977,779792,2
1379774,2019-12-21,2020-01-11,,51005,654567,2
1379775,2019-12-21,2020-01-11,,51148,950510,2
1379776,2019-12-21,2020-01-11,,51368,877266,2
1379777,2019-12-21,2020-01-11,,51410,305412,2
1379778,2019-12-21,2020-01-11,,51487,511295,2
1379779,2019-12-21,2020-01-11,,51699,763231,2
1379780,2019-12-21,2020-01-11,,51734,282198,2
1379781,2019-12-21,2020-01-11,,51996,401708,2
1379782,2019-12-21,2020-01-11,,52016,385348,2
1379783,2019-12-21,2020-01-11,,52016,513878,2
1379784,2019-12-21,2020-01-11,,52188,576619,2
1379785,2019-12-21,2020-01-11,,52211,98596,2
1379786,2019-12-21,2020-01-11,,52248,717227,2
1379787,2019-12-21,2020-01-11,,52251,309927,2
1379788,2019-12-21,2020-01-11,,52345,18604,2
1379789,2019-12-21,2020-01-11,,52382,729862,2
1379790,2019-12-21,2020-01-11,,52412,139165,2
1379791,2019-12-21,2020-01-11,,52457,604556,2
1379792,2019-12-21,2020-01-11,,52771,892874,2
1379793,2019-12-21,2020-01-11,,52821,92955,2
1379794,2019-12-21,2020-01-11,,52862,491033,2
1379795,2019-12-21,2020-01-11,,52874,459821,2
1379796,2019-12-21,2020-01-11,,52979,117196,2
1379797,2019-12-21,2020-01-11,,52979,233914,2
1379798,2019-12-21,2020-01-11,,52979,659820,2
1379799,2019-12-21,2020-01-11,,52979,779713,2
1379800,2019-12-21,2020-01-11,,53284,954562,2
1379801,2019-12-21,2020-01-11,,53313,918625,2
1379802,2019-12-21,2020-01-11,,53369,713515,2
1379803,2019-12-21,2020-01-11,,53493,188186,2
1379804,2019-12-21,2020-01-11,,53534,208244,2
1379805,2019-12-21,2020-01-11,,53540,517607,2
1379806,2019-12-21,2020-01-11,,53697,224249,2
1379807,2019-12-21,2020-01-11,,53930,281162,2
1379808,2019-12-21,2020-01-11,,53933,96728,2
1379809,2019-12-21,2020-01-11,,53933,802801,2
1379810,2019-12-21,2020-01-11,,53996,671815,2
1379811,2019-12-21,2020-01-11,,54077,197390,2
1379812,2019-12-21,2020-01-11,,54114,354474,2
1379813,2019-12-21,2020-01-11,,54170,258895,2
1379814,2019-12-21,2020-01-11,,54338,209409,2
1379815,2019-12-21,2020-01-11,,54376,256403,2
1379816,2019-12-21,2020-01-11,,54540,242145,2
1379817,2019-12-21,2020-01-11,,54729,265657,2
1379818,2019-12-21,2020-01-11,,54778,207445,2
1379819,2019-12-21,2020-01-11,,54778,305162,2
1379820,2019-12-21,2020-01-11,,54838,18315,2
1379821,2019-12-21,2020-01-11,,54979,430164,2
1379822,2019-12-21,2020-01-11,,55181,825045,2
1379823,2019-12-21,2020-01-11,,55312,846219,2
1379824,2019-12-21,2020-01-11,,55425,777459,2
1379825,2019-12-21,2020-01-11,,55458,104189,2
1379826,2019-12-21,2020-01-11,,55458,440802,2
1379827,2019-12-21,2020-01-11,,55458,739122,2
1379828,2019-12-21,2020-01-11,,55483,866860,2
1379829,2019-12-21,2020-01-11,,55528,671376,2
1379830,2019-12-21,2020-01-11,,55531,46146,2
1379831,2019-12-21,2020-01-11,,55650,763055,2
1379832,2019-12-21,2020-01-11,,55674,478409,2
1379833,2019-12-21,2020-01-11,,55760,397847,2
1379834,2019-12-21,2020-01-11,,55789,713587,2
1379835,2019-12-21,2020-01-11,,55824,796488,2
1379836,2019-12-21,2020-01-11,,56304,609724,2
1379837,2019-12-21,2020-01-11,,56435,790548,2
1379838,2019-12-21,2020-01-11,,56490,886836,2
1379839,2019-12-21,2020-01-11,,56551,744044,2
1379840,2019-12-21,2020-01-11,,56592,942740,2
1379841,2019-12-21,2020-01-11,,56745,42584,2
1379842,2019-12-21,2020-01-11,,56965,476167,2
1379843,2019-12-21,2020-01-11,,56970,397470,2
1379844,2019-12-21,2020-01-11,,57036,238660,2
1379845,2019-12-21,2020-01-11,,57131,392883,2
1379846,2019-12-21,2020-01-11,,57187,671421,2
1379847,2019-12-21,2020-01-11,,57202,466484,2
1379848,2019-12-21,2020-01-11,,57226,732668,2
1379849,2019-12-21,2020-01-11,,57309,423730,2
1379850,2019-12-21,2020-01-11,,57533,452444,2
1379851,2019-12-21,2020-01-11,,57587,697241,2
1379852,2019-12-21,2020-01-11,,57972,693456,2
1379853,2019-12-21,2020-01-11,,57972,849578,2
1379854,2019-12-21,2020-01-11,,58000,273549,2
1379855,2019-12-21,2020-01-11,,58084,510671,2
1379856,2019-12-21,2020-01-11,2019-12-31,58194,720807,1
1379857,2019-12-21,2020-01-11,,58346,461131,2
1379858,2019-12-21,2020-01-11,,58383,159201,2
1379859,2019-12-21,2020-01-11,,58392,794197,2
1379860,2019-12-21,2020-01-11,,58415,214952,2
1379861,2019-12-21,2020-01-11,,58418,112118,2
1379862,2019-12-21,2020-01-11,,58418,489478,2
1379863,2019-12-21,2020-01-11,,58688,772134,2
1379864,2019-12-21,2020-01-11,,58797,90337,2
1379865,2019-12-21,2020-01-11,,58804,699402,2
1379866,2019-12-21,2020-01-11,2019-12-31,58868,17834,1
1379867,2019-12-21,2020-01-11,,58868,717666,2
1379868,2019-12-21,2020-01-11,,58929,778095,2
1379869,2019-12-21,2020-01-11,,59067,622580,2
1379870,2019-12-21,2020-01-11,,59167,171719,2
1379871,2019-12-21,2020-01-11,,59194,777464,2
1379872,2019-12-21,2020-01-11,,59485,792371,2
1379873,2019-12-21,2020-01-11,,59720,647608,2
1379874,2019-12-21,2020-01-11,,59720,954055,2
1379875,2019-12-21,2020-01-11,,59739,81163,2
1379876,2019-12-21,2020-01-11,,59739,235115,2
1379877,2019-12-21,2020-01-11,,59739,564592,2
1379878,2019-12-21,2020-01-11,,59742,149181,2
1379879,2019-12-21,2020-01-11,,59742,798999,2
1379880,2019-12-21,2020-01-11,,60033,884790,2
1379881,2019-12-21,2020-01-11,,60106,658401,2
1379882,2019-12-21,2020-01-11,,60223,617489,2
1379883,2019-12-21,2020-01-11,,60387,147691,2
1379884,2019-12-21,2020-01-11,,60591,258235,2
1379885,2019-12-21,2020-01-11,,60621,136870,2
1379886,2019-12-21,2020-01-11,,60621,674478,2
1379887,2019-12-21,2020-01-11,,60639,755831,2
1379888,2019-12-21,2020-01-11,,60715,96176,2
1379889,2019-12-21,2020-01-11,,60770,372118,2
1379890,2019-12-21,2020-01-11,,60770,378989,2
1379891,2019-12-21,2020-01-11,,60868,167006,2
1379892,2019-12-21,2020-01-11,,60868,686097,2
1379893,2019-12-21,2020-01-11,,60868,723195,2
1379894,2019-12-21,2020-01-11,,60868,916816,2
1379895,2019-12-21,2020-01-11,,61013,361960,2
1379896,2019-12-21,2020-01-11,,61411,558113,2
1379897,2019-12-21,2020-01-11,,61456,218668,2
1379898,2019-12-21,2020-01-11,,61620,114831,2
1379899,2019-12-21,2020-01-11,,61690,406096,2
1379900,2019-12-21,2020-01-11,,61695,713313,2
1379901,2019-12-21,2020-01-11,,61698,427319,2
1379902,2019-12-21,2020-01-11,,61832,354463,2
1379903,2019-12-21,2020-01-11,,61848,664739,2
1379904,2019-12-21,2020-01-11,,61864,250593,2
1379905,2019-12-21,2020-01-11,,61864,395578,2
1379906,2019-12-21,2020-01-11,,61864,445976,2
1379907,2019-12-21,2020-01-11,,61864,619648,2
1379908,2019-12-21,2020-01-11,,61915,458249,2
1379909,2019-12-21,2020-01-11,,61942,742378,2
1379910,2019-12-21,2020-01-11,,62079,338695,2
1379911,2019-12-21,2020-01-11,,62311,65643,2
1379912,2019-12-21,2020-01-11,,62456,339239,2
1379913,2019-12-21,2020-01-11,,62456,622504,2
1379914,2019-12-21,2020-01-11,,62456,844598,2
1379915,2019-12-21,2020-01-11,,62496,545782,2
1379916,2019-12-21,2020-01-11,,62572,696306,2
1379917,2019-12-21,2020-01-11,,62582,191152,2
1379918,2019-12-21,2020-01-11,,62723,625426,2
1379919,2019-12-21,2020-01-11,,62735,848189,2
1379920,2019-12-21,2020-01-11,,62782,666488,2
1379921,2019-12-21,2020-01-11,,62813,304053,2
1379922,2019-12-21,2020-01-11,,62819,556216,2
1379923,2019-12-21,2020-01-11,,62826,224947,2
1379924,2019-12-21,2020-01-11,,62841,625594,2
1379925,2019-12-21,2020-01-11,,62877,146388,2
1379926,2019-12-21,2020-01-11,,63029,243579,2
1379927,2019-12-21,2020-01-11,,63439,624270,2
1379928,2019-12-21,2020-01-11,,63539,413194,2
1379929,2019-12-21,2020-01-11,,64000,872521,2
1379930,2019-12-21,2020-01-11,,64082,43935,2
1379931,2019-12-21,2020-01-11,,64082,551209,2
1379932,2019-12-21,2020-01-11,,64123,279459,2
1379933,2019-12-21,2020-01-11,,64193,66168,2
1379934,2019-12-21,2020-01-11,,64193,581938,2
1379935,2019-12-21,2020-01-11,,64285,130250,2
1379936,2019-12-21,2020-01-11,,64286,780797,2
1379937,2019-12-21,2020-01-11,,64416,454611,2
1379938,2019-12-21,2020-01-11,,64436,92366,2
1379939,2019-12-21,2020-01-11,,64515,837173,2
1379940,2019-12-21,2020-01-11,,64553,226290,2
1379941,2019-12-21,2020-01-11,,64629,581283,2
1379942,2019-12-21,2020-01-11,,64848,80568,2
1379943,2019-12-21,2020-01-11,,64851,523701,2
1379944,2019-12-21,2020-01-11,,64898,644937,2
1379945,2019-12-21,2020-01-11,,64931,205102,2
1379946,2019-12-21,2020-01-11,,65025,31496,2
1379947,2019-12-21,2020-01-11,,65077,135246,2
1379948,2019-12-21,2020-01-11,,65103,485485,2
1379949,2019-12-21,2020-01-11,,65191,855625,2
1379950,2019-12-21,2020-01-11,,65195,236424,2
1379951,2019-12-21,2020-01-11,,65195,290101,2
1379952,2019-12-21,2020-01-11,,65195,931352,2
1379953,2019-12-21,2020-01-11,,65199,282333,2
1379954,2019-12-21,2020-01-11,,65199,693684,2
1379955,2019-12-21,2020-01-11,,65208,805018,2
1379956,2019-12-21,2020-01-11,,65303,771094,2
1379957,2019-12-21,2020-01-11,,65342,673302,2
1379958,2019-12-21,2020-01-11,,65390,862335,2
1379959,2019-12-21,2020-01-11,,65406,194108,2
1379960,2019-12-21,2020-01-11,,65509,829045,2
1379961,2019-12-21,2020-01-11,,65615,516132,2
1379962,2019-12-21,2020-01-11,,65664,68462,2
1379963,2019-12-21,2020-01-11,,65689,1915,2
1379964,2019-12-21,2020-01-11,,65689,61751,2
1379965,2019-12-21,2020-01-11,,65689,188220,2
1379966,2019-12-21,2020-01-11,,65689,410734,2
1379967,2019-12-21,2020-01-11,,65689,441077,2
1379968,2019-12-21,2020-01-11,,65689,911051,2
1379969,2019-12-21,2020-01-11,,65706,11079,2
1379970,2019-12-21,2020-01-11,,65706,208480,2
1379971,2019-12-21,2020-01-11,,65706,283224,2
1379972,2019-12-21,2020-01-11,,65706,385164,2
1379973,2019-12-21,2020-01-11,,65706,417245,2
1379974,2019-12-21,2020-01-11,,65706,580802,2
1379975,2019-12-21,2020-01-11,,65706,608286,2
1379976,2019-12-21,2020-01-11,,65706,709471,2
1379977,2019-12-21,2020-01-11,,65706,764050,2
1379978,2019-12-21,2020-01-11,,65741,831672,2
1379979,2019-12-21,2020-01-11,,65767,822859,2
1379980,2019-12-21,2020-01-11,,65769,867525,2
1379981,2019-12-21,2020-01-11,,65783,301077,2
1379982,2019-12-21,2020-01-11,,65825,91894,2
1379983,2019-12-21,2020-01-11,,65825,713912,2
1379984,2019-12-21,2020-01-11,,65856,577325,2
1379985,2019-12-21,2020-01-11,,65878,34376,2
1379986,2019-12-21,2020-01-11,,65903,679999,2
1379987,2019-12-21,2020-01-11,,66053,464560,2
1379988,2019-12-21,2020-01-11,,66237,575752,2
1379989,2019-12-21,2020-01-11,,66385,309904,2
1379990,2019-12-21,2020-01-11,,66385,606668,2
1379991,2019-12-21,2020-01-11,,66385,717641,2
1379992,2019-12-21,2020-01-11,,66444,612282,2
1379993,2019-12-21,2020-01-11,,66444,670646,2
1379994,2019-12-21,2020-01-11,,66470,537513,2
1379995,2019-12-21,2020-01-11,,66663,133513,2
1379996,2019-12-21,2020-01-11,,66691,568041,2
1379997,2019-12-21,2020-01-11,,66732,439897,2
1379998,2019-12-21,2020-01-11,,66843,905468,2
1379999,2019-12-21,2020-01-11,,66847,117367,2
1380000,2019-12-21,2020-01-11,,66962,441915,2
1380001,2019-12-21,2020-01-11,,66977,438888,2
1380002,2019-12-21,2020-01-11,,67086,616807,2
1380003,2019-12-21,2020-01-11,,67232,929417,2
1380004,2019-12-21,2020-01-11,,67274,605252,2
1380005,2019-12-21,2020-01-11,,67289,17666,2
1380006,2019-12-21,2020-01-11,,67569,104235,2
1380007,2019-12-21,2020-01-11,,67595,111039,2
1380008,2019-12-21,2020-01-11,,67846,665381,2
1380009,2019-12-21,2020-01-11,,67877,504419,2
1380010,2019-12-21,2020-01-11,,67999,306074,2
1380011,2019-12-21,2020-01-11,,68023,382859,2
1380012,2019-12-21,2020-01-11,,68023,845069,2
1380013,2019-12-21,2020-01-11,,68048,657575,2
1380014,2019-12-21,2020-01-11,,68104,348523,2
1380015,2019-12-21,2020-01-11,,68120,905577,2
1380016,2019-12-21,2020-01-11,,68134,148022,2
1380017,2019-12-21,2020-01-11,,68307,5343,2
1380018,2019-12-21,2020-01-11,,68346,489585,2
1380019,2019-12-21,2020-01-11,,68388,629914,2
1380020,2019-12-21,2020-01-11,,68515,483681,2
1380021,2019-12-21,2020-01-11,,68558,201386,2
1380022,2019-12-21,2020-01-11,,68676,771962,2
1380023,2019-12-21,2020-01-11,,68706,280263,2
1380024,2019-12-21,2020-01-11,,68862,361312,2
1380025,2019-12-21,2020-01-11,,68984,548114,2
1380026,2019-12-21,2020-01-11,,69003,713039,2
1380027,2019-12-21,2020-01-11,,69026,284129,2
1380028,2019-12-21,2020-01-11,,69075,881441,2
1380029,2019-12-21,2020-01-11,,69098,305071,2
1380030,2019-12-21,2020-01-11,,69133,625173,2
1380031,2019-12-21,2020-01-11,,69476,506532,2
1380032,2019-12-21,2020-01-11,,69480,937812,2
1380033,2019-12-21,2020-01-11,2019-12-31,69530,159028,1
1380034,2019-12-21,2020-01-11,,69530,748218,2
1380035,2019-12-21,2020-01-11,,69575,918928,2
1380036,2019-12-21,2020-01-11,,69618,846033,2
1380037,2019-12-21,2020-01-11,,69688,838240,2
1380038,2019-12-21,2020-01-11,,69697,860253,2
1380039,2019-12-21,2020-01-11,,69708,533480,2
1380040,2019-12-21,2020-01-11,,69908,97361,2
1380041,2019-12-21,2020-01-11,,69937,817495,2
1380042,2019-12-21,2020-01-11,,70421,919380,2
1380043,2019-12-21,2020-01-11,,70555,311919,2
1380044,2019-12-21,2020-01-11,,70632,688422,2
1380045,2019-12-21,2020-01-11,,70632,802838,2
1380046,2019-12-21,2020-01-11,,70663,188221,2
1380047,2019-12-21,2020-01-11,,70663,770810,2
1380048,2019-12-21,2020-01-11,,70663,880886,2
1380049,2019-12-21,2020-01-11,,70885,745906,2
1380050,2019-12-21,2020-01-11,,70887,92359,2
1380051,2019-12-21,2020-01-11,,71020,126504,2
1380052,2019-12-21,2020-01-11,,71203,953336,2
1380053,2019-12-21,2020-01-11,,71244,638827,2
1380054,2019-12-21,2020-01-11,,71399,362963,2
1380055,2019-12-21,2020-01-11,,71761,667775,2
1380056,2019-12-21,2020-01-11,,71861,642385,2
1380057,2019-12-21,2020-01-11,,71917,700743,2
1380058,2019-12-21,2020-01-11,,72205,446620,2
1380059,2019-12-21,2020-01-11,,72333,4539,2
1380060,2019-12-21,2020-01-11,,72333,93596,2
1380061,2019-12-21,2020-01-11,,72457,542218,2
1380062,2019-12-21,2020-01-11,,72520,110930,2
1380063,2019-12-21,2020-01-11,,72704,503279,2
1380064,2019-12-21,2020-01-11,,72708,26260,2
1380065,2019-12-21,2020-01-11,,72738,761413,2
1380066,2019-12-21,2020-01-11,,72834,779553,2
1380067,2019-12-21,2020-01-11,,72883,789454,2
1380068,2019-12-21,2020-01-11,,72918,307871,2
1380069,2019-12-21,2020-01-11,,72918,578978,2
1380070,2019-12-21,2020-01-11,,73034,869295,2
1380071,2019-12-21,2020-01-11,,73048,951049,2
1380072,2019-12-21,2020-01-11,,73199,403687,2
1380073,2019-12-21,2020-01-11,,73379,40924,2
1380074,2019-12-21,2020-01-11,,73587,542354,2
1380075,2019-12-21,2020-01-11,,73676,391068,2
1380076,2019-12-21,2020-01-11,,73723,543583,2
1380077,2019-12-21,2020-01-11,,73754,411018,2
1380078,2019-12-21,2020-01-11,,73862,875505,2
1380079,2019-12-21,2020-01-11,,73896,51033,2
1380080,2019-12-21,2020-01-11,,73896,260109,2
1380081,2019-12-21,2020-01-11,,73923,792815,2
1380082,2019-12-21,2020-01-11,,73959,188227,2
1380083,2019-12-21,2020-01-11,,73959,331783,2
1380084,2019-12-21,2020-01-11,,73959,846992,2
1380085,2019-12-21,2020-01-11,,74053,648806,2
1380086,2019-12-21,2020-01-11,,74136,521608,2
1380087,2019-12-21,2020-01-11,,74177,269968,2
1380088,2019-12-21,2020-01-11,,74359,9072,2
1380089,2019-12-21,2020-01-11,,74569,732954,2
1380090,2019-12-21,2020-01-11,,74704,742836,2
1380091,2019-12-21,2020-01-11,,74716,83526,2
1380092,2019-12-21,2020-01-11,,74812,766463,2
1380093,2019-12-21,2020-01-11,,74882,109807,2
1380094,2019-12-21,2020-01-11,,74935,207855,2
1380095,2019-12-21,2020-01-11,,75200,522767,2
1380096,2019-12-21,2020-01-11,,75233,304569,2
1380097,2019-12-21,2020-01-11,,75243,10355,2
1380098,2019-12-21,2020-01-11,,75243,316023,2
1380099,2019-12-21,2020-01-11,,75243,728391,2
1380100,2019-12-21,2020-01-11,,75270,570221,2
1380101,2019-12-21,2020-01-11,,75292,195565,2
1380102,2019-12-21,2020-01-11,,75755,830954,2
1380103,2019-12-21,2020-01-11,,75806,91004,2
1380104,2019-12-21,2020-01-11,,76025,102634,2
1380105,2019-12-21,2020-01-11,2019-12-31,76181,282180,1
1380106,2019-12-21,2020-01-11,,76415,416759,2
1380107,2019-12-21,2020-01-11,,76507,772729,2
1380108,2019-12-21,2020-01-11,,76567,82509,2
1380109,2019-12-21,2020-01-11,,76581,372841,2
1380110,2019-12-21,2020-01-11,,76776,603495,2
1380111,2019-12-21,2020-01-11,,76956,625061,2
1380112,2019-12-21,2020-01-11,,77397,60660,2
1380113,2019-12-21,2020-01-11,,77733,235173,2
1380114,2019-12-21,2020-01-11,,77791,95581,2
1380115,2019-12-21,2020-01-11,,77832,646022,2
1380116,2019-12-21,2020-01-11,,78063,717416,2
1380117,2019-12-21,2020-01-11,,78376,239681,2
1380118,2019-12-21,2020-01-11,,78388,621749,2
1380119,2019-12-21,2020-01-11,,78689,58007,2
1380120,2019-12-21,2020-01-11,,78689,689744,2
1380121,2019-12-21,2020-01-11,,78689,866650,2
1380122,2019-12-21,2020-01-11,,78724,66911,2
1380123,2019-12-21,2020-01-11,,78724,212468,2
1380124,2019-12-21,2020-01-11,,78808,502020,2
1380125,2019-12-21,2020-01-11,,78869,297585,2
1380126,2019-12-21,2020-01-11,,78885,268699,2
1380127,2019-12-21,2020-01-11,,78922,714806,2
1380128,2019-12-21,2020-01-11,,78986,147280,2
1380129,2019-12-21,2020-01-11,,78986,656920,2
1380130,2019-12-21,2020-01-11,,78986,683114,2
1380131,2019-12-21,2020-01-11,,79284,304657,2
1380132,2019-12-21,2020-01-11,,79475,141225,2
1380133,2019-12-21,2020-01-11,,79475,944779,2
1380134,2019-12-21,2020-01-11,,79609,570055,2
1380135,2019-12-21,2020-01-11,,79760,95892,2
1380136,2019-12-21,2020-01-11,,79760,262167,2
1380137,2019-12-21,2020-01-11,,79793,705910,2
1380138,2019-12-21,2020-01-11,,79840,165566,2
1380139,2019-12-21,2020-01-11,,79951,220176,2
1380140,2019-12-21,2020-01-11,,80012,770847,2
1380141,2019-12-21,2020-01-11,,80027,149229,2
1380142,2019-12-21,2020-01-11,,80070,637031,2
1380143,2019-12-21,2020-01-11,,80075,761383,2
1380144,2019-12-21,2020-01-11,,80097,487590,2
1380145,2019-12-21,2020-01-11,,80131,127982,2
1380146,2019-12-21,2020-01-11,,80186,239775,2
1380147,2019-12-21,2020-01-11,,80187,348413,2
1380148,2019-12-21,2020-01-11,,80363,739051,2
1380149,2019-12-21,2020-01-11,,80399,807183,2
1380150,2019-12-21,2020-01-11,,80402,464916,2
1380151,2019-12-21,2020-01-11,,80634,147295,2
1380152,2019-12-21,2020-01-11,,80674,537595,2
1380153,2019-12-21,2020-01-11,,80826,93650,2
1380154,2019-12-21,2020-01-11,,80826,188187,2
1380155,2019-12-21,2020-01-11,,80853,348420,2
1380156,2019-12-21,2020-01-11,,80853,465834,2
1380157,2019-12-21,2020-01-11,,80945,152388,2
1380158,2019-12-21,2020-01-11,,81234,387335,2
1380159,2019-12-21,2020-01-11,,81342,789867,2
1380160,2019-12-21,2020-01-11,,81480,221278,2
1380161,2019-12-21,2020-01-11,,81522,472198,2
1380162,2019-12-21,2020-01-11,,81648,399697,2
1380163,2019-12-21,2020-01-11,,81760,63633,2
1380164,2019-12-21,2020-01-11,,81767,544332,2
1380165,2019-12-21,2020-01-11,,81875,140019,2
1380166,2019-12-21,2020-01-11,,82067,390473,2
1380167,2019-12-21,2020-01-11,,82113,49597,2
1380168,2019-12-21,2020-01-11,,82508,777354,2
1380169,2019-12-21,2020-01-11,,82628,370976,2
1380170,2019-12-21,2020-01-11,,82636,809165,2
1380171,2019-12-21,2020-01-11,2019-12-31,82658,562498,1
1380172,2019-12-21,2020-01-11,,82662,484281,2
1380173,2019-12-21,2020-01-11,,82662,820009,2
1380174,2019-12-21,2020-01-11,,82722,285924,2
1380175,2019-12-21,2020-01-11,,82999,192521,2
1380176,2019-12-21,2020-01-11,,82999,195288,2
1380177,2019-12-21,2020-01-11,,83032,828607,2
1380178,2019-12-21,2020-01-11,,83083,124795,2
1380179,2019-12-21,2020-01-11,,83083,584642,2
1380180,2019-12-21,2020-01-11,,83113,908579,2
1380181,2019-12-21,2020-01-11,,83163,644392,2
1380182,2019-12-21,2020-01-11,,83173,319339,2
1380183,2019-12-21,2020-01-11,,83403,287403,2
1380184,2019-12-21,2020-01-11,,83407,849057,2
1380185,2019-12-21,2020-01-11,,83496,371531,2
1380186,2019-12-21,2020-01-11,,83526,572668,2
1380187,2019-12-21,2020-01-11,,83528,366468,2
1380188,2019-12-21,2020-01-11,,83593,598164,2
1380189,2019-12-21,2020-01-11,,83638,808218,2
1380190,2019-12-21,2020-01-11,,83836,65034,2
1380191,2019-12-21,2020-01-11,,83852,705744,2
1380192,2019-12-21,2020-01-11,,84336,544150,2
1380193,2019-12-21,2020-01-11,,84551,245863,2
1380194,2019-12-21,2020-01-11,,84568,264955,2
1380195,2019-12-21,2020-01-11,,84574,698720,2
1380196,2019-12-21,2020-01-11,,84677,18250,2
1380197,2019-12-21,2020-01-11,,84677,231760,2
1380198,2019-12-21,2020-01-11,,84677,808808,2
1380199,2019-12-21,2020-01-11,,84698,411822,2
1380200,2019-12-21,2020-01-11,,84874,889023,2
1380201,2019-12-21,2020-01-11,,84914,825979,2
1380202,2019-12-21,2020-01-11,,84952,451574,2
1380203,2019-12-21,2020-01-11,,85071,281032,2
1380204,2019-12-21,2020-01-11,,85080,755533,2
1380205,2019-12-21,2020-01-11,,85097,95152,2
1380206,2019-12-21,2020-01-11,,85283,389106,2
1380207,2019-12-21,2020-01-11,,85318,83369,2
1380208,2019-12-21,2020-01-11,,85437,698865,2
1380209,2019-12-21,2020-01-11,,85629,89788,2
1380210,2019-12-21,2020-01-11,,85642,25294,2
1380211,2019-12-21,2020-01-11,,85651,212429,2
1380212,2019-12-21,2020-01-11,,85660,578775,2
1380213,2019-12-21,2020-01-11,,85958,644161,2
1380214,2019-12-21,2020-01-11,,86053,581961,2
1380215,2019-12-21,2020-01-11,,86120,603848,2
1380216,2019-12-21,2020-01-11,,86159,263659,2
1380217,2019-12-21,2020-01-11,,86301,258262,2
1380218,2019-12-21,2020-01-11,,86301,831600,2
1380219,2019-12-21,2020-01-11,,86459,815330,2
1380220,2019-12-21,2020-01-11,,86510,532165,2
1380221,2019-12-21,2020-01-11,,86595,385074,2
1380222,2019-12-21,2020-01-11,,86841,147573,2
1380223,2019-12-21,2020-01-11,,86841,323208,2
1380224,2019-12-21,2020-01-11,,86841,460783,2
1380225,2019-12-21,2020-01-11,,86841,774978,2
1380226,2019-12-21,2020-01-11,,86848,411873,2
1380227,2019-12-21,2020-01-11,,87215,676305,2
1380228,2019-12-21,2020-01-11,,87274,476248,2
1380229,2019-12-21,2020-01-11,,87361,649068,2
1380230,2019-12-21,2020-01-11,,87494,619683,2
1380231,2019-12-21,2020-01-11,,87654,540936,2
1380232,2019-12-21,2020-01-11,,87836,167301,2
1380233,2019-12-21,2020-01-11,,87836,581063,2
1380234,2019-12-21,2020-01-11,,87848,810044,2
1380235,2019-12-21,2020-01-11,,87865,663337,2
1380236,2019-12-21,2020-01-11,,88073,698721,2
1380237,2019-12-21,2020-01-11,,88205,644682,2
1380238,2019-12-21,2020-01-11,,88272,360021,2
1380239,2019-12-21,2020-01-11,,88315,538140,2
1380240,2019-12-21,2020-01-11,,88351,403340,2
1380241,2019-12-21,2020-01-11,,88462,678329,2
1380242,2019-12-21,2020-01-11,,88499,41068,2
1380243,2019-12-21,2020-01-11,,88499,55412,2
1380244,2019-12-21,2020-01-11,,88499,92381,2
1380245,2019-12-21,2020-01-11,,88499,754718,2
1380246,2019-12-21,2020-01-11,,88558,426461,2
1380247,2019-12-21,2020-01-11,,88569,357511,2
1380248,2019-12-21,2020-01-11,,88584,798551,2
1380249,2019-12-21,2020-01-11,,88661,944287,2
1380250,2019-12-21,2020-01-11,,88763,837876,2
1380251,2019-12-21,2020-01-11,,88828,916440,2
1380252,2019-12-21,2020-01-11,,89074,308744,2
1380253,2019-12-21,2020-01-11,,89117,773087,2
1380254,2019-12-21,2020-01-11,,89125,51034,2
1380255,2019-12-21,2020-01-11,,89190,354061,2
1380256,2019-12-21,2020-01-11,,89244,755964,2
1380257,2019-12-21,2020-01-11,,89304,672263,2
1380258,2019-12-21,2020-01-11,,89312,396301,2
1380259,2019-12-21,2020-01-11,,89357,672711,2
1380260,2019-12-21,2020-01-11,,89397,116526,2
1380261,2019-12-21,2020-01-11,,89615,705450,2
1380262,2019-12-21,2020-01-11,,89616,378054,2
1380263,2019-12-21,2020-01-11,,89747,123355,2
1380264,2019-12-21,2020-01-11,,89747,214573,2
1380265,2019-12-21,2020-01-11,,89832,91377,2
1380266,2019-12-21,2020-01-11,,89865,245251,2
1380267,2019-12-21,2020-01-11,,90004,644004,2
1380268,2019-12-21,2020-01-11,,90228,877374,2
1380269,2019-12-21,2020-01-11,,90329,505354,2
1380270,2019-12-21,2020-01-11,,90329,954374,2
1380271,2019-12-21,2020-01-11,,90379,691257,2
1380272,2019-12-21,2020-01-11,,90561,682946,2
1380273,2019-12-21,2020-01-11,,90579,270277,2
1380274,2019-12-21,2020-01-11,,90684,585775,2
1380275,2019-12-21,2020-01-11,,90689,473932,2
1380276,2019-12-21,2020-01-11,,90694,509994,2
1380277,2019-12-21,2020-01-11,,90702,141623,2
1380278,2019-12-21,2020-01-11,,90707,671217,2
1380279,2019-12-21,2020-01-11,,90735,512473,2
1380280,2019-12-21,2020-01-11,,90740,689073,2
1380281,2019-12-21,2020-01-11,,91052,621917,2
1380282,2019-12-21,2020-01-11,,91160,901555,2
1380283,2019-12-21,2020-01-11,,91464,944033,2
1380284,2019-12-21,2020-01-11,,91475,51291,2
1380285,2019-12-21,2020-01-11,,91508,388687,2
1380286,2019-12-21,2020-01-11,,91508,485746,2
1380287,2019-12-21,2020-01-11,,91538,57516,2
1380288,2019-12-21,2020-01-11,,91538,332073,2
1380289,2019-12-21,2020-01-11,,91538,691791,2
1380290,2019-12-21,2020-01-11,,91538,944640,2
1380291,2019-12-21,2020-01-11,,91629,67662,2
1380292,2019-12-21,2020-01-11,,91670,104631,2
1380293,2019-12-21,2020-01-11,,91696,366058,2
1380294,2019-12-21,2020-01-11,,91898,553836,2
1380295,2019-12-21,2020-01-11,,92003,115166,2
1380296,2019-12-21,2020-01-11,,92015,298552,2
1380297,2019-12-21,2020-01-11,,92015,868296,2
1380298,2019-12-21,2020-01-11,,92106,442665,2
1380299,2019-12-21,2020-01-11,,92223,152236,2
1380300,2019-12-21,2020-01-11,,92371,104236,2
1380301,2019-12-21,2020-01-11,,92649,334116,2
1380302,2019-12-21,2020-01-11,,92738,95463,2
1380303,2019-12-21,2020-01-11,,93034,389059,2
1380304,2019-12-21,2020-01-11,,93111,150630,2
1380305,2019-12-21,2020-01-11,,93111,501997,2
1380306,2019-12-21,2020-01-11,,93111,521960,2
1380307,2019-12-21,2020-01-11,,93111,853662,2
1380308,2019-12-21,2020-01-11,,93155,462077,2
1380309,2019-12-21,2020-01-11,,93164,689405,2
1380310,2019-12-21,2020-01-11,,93528,767830,2
1380311,2019-12-21,2020-01-11,,93614,298553,2
1380312,2019-12-21,2020-01-11,,93673,123919,2
1380313,2019-12-21,2020-01-11,,93673,134912,2
1380314,2019-12-21,2020-01-11,,93673,175375,2
1380315,2019-12-21,2020-01-11,,93673,195283,2
1380316,2019-12-21,2020-01-11,,93673,221233,2
1380317,2019-12-21,2020-01-11,,93673,232648,2
1380318,2019-12-21,2020-01-11,,93673,239926,2
1380319,2019-12-21,2020-01-11,,93673,285994,2
1380320,2019-12-21,2020-01-11,,93673,321466,2
1380321,2019-12-21,2020-01-11,,93673,361032,2
1380322,2019-12-21,2020-01-11,,93673,389461,2
1380323,2019-12-21,2020-01-11,,93673,440347,2
1380324,2019-12-21,2020-01-11,,93673,525271,2
1380325,2019-12-21,2020-01-11,,93673,761847,2
1380326,2019-12-21,2020-01-11,,93673,772089,2
1380327,2019-12-21,2020-01-11,,93673,872157,2
1380328,2019-12-21,2020-01-11,,93749,641674,2
1380329,2019-12-21,2020-01-11,,93887,530120,2
1380330,2019-12-21,2020-01-11,,93944,457647,2
1380331,2019-12-21,2020-01-11,,94208,2462,2
1380332,2019-12-21,2020-01-11,,94336,712421,2
1380333,2019-12-21,2020-01-11,,94786,44398,2
1380334,2019-12-21,2020-01-11,,94881,234992,2
1380335,2019-12-21,2020-01-11,,95172,443592,2
1380336,2019-12-21,2020-01-11,,95289,928438,2
1380337,2019-12-21,2020-01-11,,95301,28250,2
1380338,2019-12-21,2020-01-11,,95383,141308,2
1380339,2019-12-21,2020-01-11,,95784,589128,2
1380340,2019-12-21,2020-01-11,,96045,550584,2
1380341,2019-12-21,2020-01-11,,96074,309534,2
1380342,2019-12-21,2020-01-11,,96202,494468,2
1380343,2019-12-21,2020-01-11,,96751,251716,2
1380344,2019-12-21,2020-01-11,,96790,60276,2
1380345,2019-12-21,2020-01-11,,96850,918842,2
1380346,2019-12-21,2020-01-11,,96970,521138,2
1380347,2019-12-21,2020-01-11,,96990,928858,2
1380348,2019-12-21,2020-01-11,,97206,147637,2
1380349,2019-12-21,2020-01-11,,97206,901231,2
1380350,2019-12-21,2020-01-11,,97238,850230,2
1380351,2019-12-21,2020-01-11,,97292,37395,2
1380352,2019-12-21,2020-01-11,,97356,371712,2
1380353,2019-12-21,2020-01-11,,97388,138865,2
1380354,2019-12-21,2020-01-11,,97390,823369,2
1380355,2019-12-21,2020-01-11,,97439,489814,2
1380356,2019-12-21,2020-01-11,,97464,137031,2
1380357,2019-12-21,2020-01-11,,97494,550370,2
1380358,2019-12-21,2020-01-11,,97501,147523,2
1380359,2019-12-21,2020-01-11,,97501,158965,2
1380360,2019-12-21,2020-01-11,,97501,804336,2
1380361,2019-12-21,2020-01-11,,97639,697125,2
1380362,2019-12-21,2020-01-11,,97654,98337,2
1380363,2019-12-21,2020-01-11,,97694,24997,2
1380364,2019-12-21,2020-01-11,,97751,853521,2
1380365,2019-12-21,2020-01-11,,97760,188207,2
1380366,2019-12-21,2020-01-11,,97917,21425,2
1380367,2019-12-21,2020-01-11,,97993,737576,2
1380368,2019-12-21,2020-01-11,,98164,480826,2
1380369,2019-12-21,2020-01-11,,98327,938018,2
1380370,2019-12-21,2020-01-11,,98385,591329,2
1380371,2019-12-21,2020-01-11,,98430,514071,2
1380372,2019-12-21,2020-01-11,,98744,528966,2
1380373,2019-12-21,2020-01-11,,98752,179474,2
1380374,2019-12-21,2020-01-11,,98752,331342,2
1380375,2019-12-21,2020-01-11,,98865,151380,2
1380376,2019-12-21,2020-01-11,,98865,333051,2
1380377,2019-12-21,2020-01-11,,98865,465837,2
1380378,2019-12-21,2020-01-11,,98865,823370,2
1380379,2019-12-21,2020-01-11,,98908,163622,2
1380380,2019-12-21,2020-01-11,,99042,410334,2
1380381,2019-12-21,2020-01-11,,99156,465205,2
1380382,2019-12-21,2020-01-11,,99260,641626,2
1380383,2019-12-21,2020-01-11,,99440,663236,2
1380384,2019-12-21,2020-01-11,,99654,694940,2
1380385,2019-12-21,2020-01-11,,99748,436763,2
1380386,2019-12-21,2020-01-11,,99780,25918,2
1380387,2019-12-21,2020-01-11,,99863,524335,2
1380388,2019-12-21,2020-01-11,,100213,277259,2
1380389,2019-12-21,2020-01-11,,100274,609182,2
1380390,2019-12-21,2020-01-11,,100299,230957,2
1380391,2019-12-21,2020-01-11,,100315,550907,2
1380392,2019-12-21,2020-01-11,,100501,5879,2
1380393,2019-12-21,2020-01-11,,100501,167712,2
1380394,2019-12-21,2020-01-11,,100605,847225,2
1380395,2019-12-21,2020-01-11,,100706,469240,2
1380396,2019-12-21,2020-01-11,,100706,819914,2
1380397,2019-12-21,2020-01-11,,100746,176625,2
1380398,2019-12-21,2020-01-11,,100810,227997,2
1380399,2019-12-21,2020-01-11,,100810,379715,2
1380400,2019-12-21,2020-01-11,,100866,791868,2
1380401,2019-12-21,2020-01-11,,100973,603218,2
1380402,2019-12-21,2020-01-11,,101110,43563,2
1380403,2019-12-21,2020-01-11,,101143,772581,2
1380404,2019-12-21,2020-01-11,,101217,398094,2
1380405,2019-12-21,2020-01-11,,101217,492836,2
1380406,2019-12-21,2020-01-11,,101236,338370,2
1380407,2019-12-21,2020-01-11,,101273,8376,2
1380408,2019-12-21,2020-01-11,,101322,915255,2
1380409,2019-12-21,2020-01-11,,101408,453916,2
1380410,2019-12-21,2020-01-11,,101679,900953,2
1380411,2019-12-21,2020-01-11,,101684,322877,2
1380412,2019-12-21,2020-01-11,,101790,226540,2
1380413,2019-12-21,2020-01-11,,101848,322235,2
1380414,2019-12-21,2020-01-11,,101896,187926,2
1380415,2019-12-21,2020-01-11,,101986,233403,2
1380416,2019-12-21,2020-01-11,,102051,698375,2
1380417,2019-12-21,2020-01-11,,102147,850300,2
1380418,2019-12-21,2020-01-11,,102319,117381,2
1380419,2019-12-21,2020-01-11,,102426,845621,2
1380420,2019-12-21,2020-01-11,,102466,46727,2
1380421,2019-12-21,2020-01-11,,102574,166089,2
1380422,2019-12-21,2020-01-11,,102760,637537,2
1380423,2019-12-21,2020-01-11,,102882,546359,2
1380424,2019-12-21,2020-01-11,,102917,570465,2
1380425,2019-12-21,2020-01-11,,103021,410173,2
1380426,2019-12-21,2020-01-11,,103119,77001,2
1380427,2019-12-21,2020-01-11,,103178,779071,2
1380428,2019-12-21,2020-01-11,,103196,670748,2
1380429,2019-12-21,2020-01-11,,103276,436295,2
1380430,2019-12-21,2020-01-11,,103283,857008,2
1380431,2019-12-21,2020-01-11,,103320,837182,2
1380432,2019-12-21,2020-01-11,,103445,124833,2
1380433,2019-12-21,2020-01-11,,103446,316095,2
1380434,2019-12-21,2020-01-11,,103462,430366,2
1380435,2019-12-21,2020-01-11,,103475,344928,2
1380436,2019-12-21,2020-01-11,,103528,687675,2
1380437,2019-12-21,2020-01-11,,103561,930105,2
1380438,2019-12-21,2020-01-11,,103762,159032,2
1380439,2019-12-21,2020-01-11,,103762,804032,2
1380440,2019-12-21,2020-01-11,,103868,491406,2
1380441,2019-12-21,2020-01-11,,103882,303626,2
1380442,2019-12-21,2020-01-11,2019-12-31,104018,770945,1
1380443,2019-12-21,2020-01-11,,104166,591103,2
1380444,2019-12-21,2020-01-11,,104213,540923,2
1380445,2019-12-21,2020-01-11,,104365,17027,2
1380446,2019-12-21,2020-01-11,,104496,312723,2
1380447,2019-12-21,2020-01-11,,104501,616808,2
1380448,2019-12-21,2020-01-11,,104556,788501,2
1380449,2019-12-21,2020-01-11,,104561,227646,2
1380450,2019-12-21,2020-01-11,,104747,341911,2
1380451,2019-12-21,2020-01-11,,104748,878846,2
1380452,2019-12-21,2020-01-11,,104864,191010,2
1380453,2019-12-21,2020-01-11,,104869,8279,2
1380454,2019-12-21,2020-01-11,,104869,35354,2
1380455,2019-12-21,2020-01-11,,104869,44483,2
1380456,2019-12-21,2020-01-11,,104869,92338,2
1380457,2019-12-21,2020-01-11,,104869,303900,2
1380458,2019-12-21,2020-01-11,,104869,435222,2
1380459,2019-12-21,2020-01-11,,104869,506751,2
1380460,2019-12-21,2020-01-11,,104869,519035,2
1380461,2019-12-21,2020-01-11,,104869,601282,2
1380462,2019-12-21,2020-01-11,,104869,733955,2
1380463,2019-12-21,2020-01-11,,104869,748208,2
1380464,2019-12-21,2020-01-11,,104869,762596,2
1380465,2019-12-21,2020-01-11,,104869,789922,2
1380466,2019-12-21,2020-01-11,,104953,629529,2
1380467,2019-12-21,2020-01-11,,104967,607123,2
1380468,2019-12-21,2020-01-11,,104979,641287,2
1380469,2019-12-21,2020-01-11,,105190,376156,2
1380470,2019-12-21,2020-01-11,,105426,623379,2
1380471,2019-12-21,2020-01-11,,105492,150388,2
1380472,2019-12-21,2020-01-11,,105492,398187,2
1380473,2019-12-21,2020-01-11,,105497,699013,2
1380474,2019-12-21,2020-01-11,,105561,636030,2
1380475,2019-12-21,2020-01-11,,105905,362687,2
1380476,2019-12-21,2020-01-11,,106119,901810,2
1380477,2019-12-21,2020-01-11,,106162,204391,2
1380478,2019-12-21,2020-01-11,,106310,776069,2
1380479,2019-12-21,2020-01-11,,106316,323436,2
1380480,2019-12-21,2020-01-11,,106433,455983,2
1380481,2019-12-21,2020-01-11,,106814,525055,2
1380482,2019-12-21,2020-01-11,,106922,24774,2
1380483,2019-12-21,2020-01-11,,107045,354158,2
1380484,2019-12-21,2020-01-11,,107149,341259,2
1380485,2019-12-21,2020-01-11,,107214,834211,2
1380486,2019-12-21,2020-01-11,,107392,233511,2
1380487,2019-12-21,2020-01-11,,107429,699911,2
1380488,2019-12-21,2020-01-11,,107480,86170,2
1380489,2019-12-21,2020-01-11,,107485,836012,2
1380490,2019-12-21,2020-01-11,,107651,82668,2
1380491,2019-12-21,2020-01-11,,107667,685348,2
1380492,2019-12-21,2020-01-11,,107799,796607,2
1380493,2019-12-21,2020-01-11,,107805,602955,2
1380494,2019-12-21,2020-01-11,,108155,470633,2
1380495,2019-12-21,2020-01-11,,108160,205079,2
1380496,2019-12-21,2020-01-11,,108160,671122,2
1380497,2019-12-21,2020-01-11,,108273,831396,2
1380498,2019-12-21,2020-01-11,,108277,541868,2
1380499,2019-12-21,2020-01-11,,108305,282783,2
1380500,2019-12-21,2020-01-11,,108384,566003,2
1380501,2019-12-21,2020-01-11,,108497,903449,2
1380502,2019-12-21,2020-01-11,,108502,541051,2
1380503,2019-12-21,2020-01-11,,108588,515484,2
1380504,2019-12-21,2020-01-11,,108621,851304,2
1380505,2019-12-21,2020-01-11,,108821,847908,2
1380506,2019-12-21,2020-01-11,,108953,697081,2
1380507,2019-12-21,2020-01-11,,109037,92781,2
1380508,2019-12-21,2020-01-11,,109096,331779,2
1380509,2019-12-21,2020-01-11,,109123,346752,2
1380510,2019-12-21,2020-01-11,,109337,815404,2
1380511,2019-12-21,2020-01-11,,109379,898843,2
1380512,2019-12-21,2020-01-11,,109408,784804,2
1380513,2019-12-21,2020-01-11,,109451,511426,2
1380514,2019-12-21,2020-01-11,,109496,600992,2
1380515,2019-12-21,2020-01-11,,109496,823404,2
1380516,2019-12-21,2020-01-11,,109874,452843,2
1380517,2019-12-21,2020-01-11,,110181,462399,2
1380518,2019-12-21,2020-01-11,,110344,189907,2
1380519,2019-12-21,2020-01-11,,110614,610375,2
1380520,2019-12-21,2020-01-11,,110653,842205,2
1380521,2019-12-21,2020-01-11,,110706,734665,2
1380522,2019-12-21,2020-01-11,,110740,845003,2
1380523,2019-12-21,2020-01-11,,110746,311926,2
1380524,2019-12-21,2020-01-11,,110811,557749,2
1380525,2019-12-21,2020-01-11,,110841,732038,2
1380526,2019-12-21,2020-01-11,,111010,48723,2
1380527,2019-12-21,2020-01-11,,111033,527374,2
1380528,2019-12-21,2020-01-11,,111153,416712,2
1380529,2019-12-21,2020-01-11,,111180,435987,2
1380530,2019-12-21,2020-01-11,,111409,733964,2
1380531,2019-12-21,2020-01-11,,111451,708903,2
1380532,2019-12-21,2020-01-11,,111604,485396,2
1380533,2019-12-21,2020-01-11,,111605,450380,2
1380534,2019-12-21,2020-01-11,,111605,954402,2
1380535,2019-12-21,2020-01-11,,111649,830711,2
1380536,2019-12-21,2020-01-11,,111694,202143,2
1380537,2019-12-21,2020-01-11,,111746,379450,2
1380538,2019-12-21,2020-01-11,,111868,337803,2
1380539,2019-12-21,2020-01-11,,112148,601607,2
1380540,2019-12-21,2020-01-11,,112159,542250,2
1380541,2019-12-21,2020-01-11,,112240,836173,2
1380542,2019-12-21,2020-01-11,,112386,111387,2
1380543,2019-12-21,2020-01-11,,112386,486390,2
1380544,2019-12-21,2020-01-11,,112386,564248,2
1380545,2019-12-21,2020-01-11,,112386,649044,2
1380546,2019-12-21,2020-01-11,,112386,711199,2
1380547,2019-12-21,2020-01-11,,112386,894602,2
1380548,2019-12-21,2020-01-11,,112431,242246,2
1380549,2019-12-21,2020-01-11,,112493,241306,2
1380550,2019-12-21,2020-01-11,,112493,343247,2
1380551,2019-12-21,2020-01-11,,112594,220675,2
1380552,2019-12-21,2020-01-11,,112952,46206,2
1380553,2019-12-21,2020-01-11,,113156,142306,2
1380554,2019-12-21,2020-01-11,,113284,237172,2
1380555,2019-12-21,2020-01-11,,113356,494047,2
1380556,2019-12-21,2020-01-11,,113392,188755,2
1380557,2019-12-21,2020-01-11,,113392,333052,2
1380558,2019-12-21,2020-01-11,,113392,453852,2
1380559,2019-12-21,2020-01-11,,113392,910139,2
1380560,2019-12-21,2020-01-11,,113524,564460,2
1380561,2019-12-21,2020-01-11,,113524,864884,2
1380562,2019-12-21,2020-01-11,,113785,201485,2
1380563,2019-12-21,2020-01-11,,113797,245240,2
1380564,2019-12-21,2020-01-11,,113833,801138,2
1380565,2019-12-21,2020-01-11,,114101,91189,2
1380566,2019-12-21,2020-01-11,,114101,481936,2
1380567,2019-12-21,2020-01-11,,114124,592402,2
1380568,2019-12-21,2020-01-11,,114125,385443,2
1380569,2019-12-21,2020-01-11,,114222,324056,2
1380570,2019-12-21,2020-01-11,,114319,446022,2
1380571,2019-12-21,2020-01-11,,114398,884747,2
1380572,2019-12-21,2020-01-11,,114418,913183,2
1380573,2019-12-21,2020-01-11,,114603,3195,2
1380574,2019-12-21,2020-01-11,,114603,807334,2
1380575,2019-12-21,2020-01-11,,114690,789316,2
1380576,2019-12-21,2020-01-11,,114807,874799,2
1380577,2019-12-21,2020-01-11,,114941,173688,2
1380578,2019-12-21,2020-01-11,,114998,547597,2
1380579,2019-12-21,2020-01-11,,115045,786445,2
1380580,2019-12-21,2020-01-11,,115069,532402,2
1380581,2019-12-21,2020-01-11,,115406,168200,2
1380582,2019-12-21,2020-01-11,,115643,101307,2
1380583,2019-12-21,2020-01-11,,115864,891146,2
1380584,2019-12-21,2020-01-11,,116038,188256,2
1380585,2019-12-21,2020-01-11,,116048,282143,2
1380586,2019-12-21,2020-01-11,,116139,350289,2
1380587,2019-12-21,2020-01-11,,116230,452017,2
1380588,2019-12-21,2020-01-11,,116254,269539,2
1380589,2019-12-21,2020-01-11,,116278,214009,2
1380590,2019-12-21,2020-01-11,,116379,417800,2
1380591,2019-12-21,2020-01-11,,116383,485155,2
1380592,2019-12-21,2020-01-11,,116743,620188,2
1380593,2019-12-21,2020-01-11,,116773,591085,2
1380594,2019-12-21,2020-01-11,,116784,201022,2
1380595,2019-12-21,2020-01-11,,116943,853732,2
1380596,2019-12-21,2020-01-11,,116945,666375,2
1380597,2019-12-21,2020-01-11,,117112,813338,2
1380598,2019-12-21,2020-01-11,,117246,351356,2
1380599,2019-12-21,2020-01-11,,117322,905375,2
1380600,2019-12-21,2020-01-11,,117335,321726,2
1380601,2019-12-21,2020-01-11,,117773,509233,2
1380602,2019-12-21,2020-01-11,,117875,32313,2
1380603,2019-12-21,2020-01-11,,117875,268475,2
1380604,2019-12-21,2020-01-11,,117875,379988,2
1380605,2019-12-21,2020-01-11,,117875,622564,2
1380606,2019-12-21,2020-01-11,,117923,20567,2
1380607,2019-12-21,2020-01-11,,117923,551453,2
1380608,2019-12-21,2020-01-11,,118032,68524,2
1380609,2019-12-21,2020-01-11,,118045,325824,2
1380610,2019-12-21,2020-01-11,,118308,187114,2
1380611,2019-12-21,2020-01-11,,118355,920727,2
1380612,2019-12-21,2020-01-11,,118463,374959,2
1380613,2019-12-21,2020-01-11,,118516,825295,2
1380614,2019-12-21,2020-01-11,,118667,6229,2
1380615,2019-12-21,2020-01-11,,118735,181002,2
1380616,2019-12-21,2020-01-11,,118740,518443,2
1380617,2019-12-21,2020-01-11,,118782,562525,2
1380618,2019-12-21,2020-01-11,,118815,499721,2
1380619,2019-12-21,2020-01-11,,118957,162708,2
1380620,2019-12-21,2020-01-11,,118993,399603,2
1380621,2019-12-21,2020-01-11,,118993,831718,2
1380622,2019-12-21,2020-01-11,,119061,895027,2
1380623,2019-12-21,2020-01-11,,119102,691214,2
1380624,2019-12-21,2020-01-11,,119110,272533,2
1380625,2019-12-21,2020-01-11,,119611,442068,2
1380626,2019-12-21,2020-01-11,,119821,948804,2
1380627,2019-12-21,2020-01-11,,119829,88541,2
1380628,2019-12-21,2020-01-11,,119842,934130,2
1380629,2019-12-21,2020-01-11,,120005,103522,2
1380630,2019-12-21,2020-01-11,,120174,599749,2
1380631,2019-12-21,2020-01-11,,120317,494970,2
1380632,2019-12-21,2020-01-11,,120322,894513,2
1380633,2019-12-21,2020-01-11,,120439,124190,2
1380634,2019-12-21,2020-01-11,,120439,595852,2
1380635,2019-12-21,2020-01-11,,120520,582569,2
1380636,2019-12-21,2020-01-11,,120559,404088,2
1380637,2019-12-21,2020-01-11,,120565,621327,2
1380638,2019-12-21,2020-01-11,,120575,339365,2
1380639,2019-12-21,2020-01-11,,120631,410622,2
1380640,2019-12-21,2020-01-11,,120631,418527,2
1380641,2019-12-21,2020-01-11,,120631,447628,2
1380642,2019-12-21,2020-01-11,,120632,326567,2
1380643,2019-12-21,2020-01-11,,120636,761075,2
1380644,2019-12-21,2020-01-11,,120654,846151,2
1380645,2019-12-21,2020-01-11,,120664,131399,2
1380646,2019-12-21,2020-01-11,,121031,585230,2
1380647,2019-12-21,2020-01-11,,121229,269532,2
1380648,2019-12-21,2020-01-11,,121234,14500,2
1380649,2019-12-21,2020-01-11,,121234,162234,2
1380650,2019-12-21,2020-01-11,,121234,649553,2
1380651,2019-12-21,2020-01-11,,121234,792143,2
1380652,2019-12-21,2020-01-11,,121269,295041,2
1380653,2019-12-21,2020-01-11,,121334,116770,2
1380654,2019-12-21,2020-01-11,,121643,174267,2
1380655,2019-12-21,2020-01-11,,121964,758489,2
1380656,2019-12-21,2020-01-11,,122062,104565,2
1380657,2019-12-21,2020-01-11,,122210,819338,2
1380658,2019-12-21,2020-01-11,,122362,902645,2
1380659,2019-12-21,2020-01-11,,122457,339699,2
1380660,2019-12-21,2020-01-11,,122483,514981,2
1380661,2019-12-21,2020-01-11,,122525,745043,2
1380662,2019-12-21,2020-01-11,,122536,510672,2
1380663,2019-12-21,2020-01-11,,122666,441494,2
1380664,2019-12-21,2020-01-11,,122672,130640,2
1380665,2019-12-21,2020-01-11,,122930,253607,2
1380666,2019-12-21,2020-01-11,,122997,9806,2
1380667,2019-12-21,2020-01-11,,122997,26721,2
1380668,2019-12-21,2020-01-11,,122997,696308,2
1380669,2019-12-21,2020-01-11,,123009,38804,2
1380670,2019-12-21,2020-01-11,,123009,918091,2
1380671,2019-12-21,2020-01-11,,123110,481167,2
1380672,2019-12-21,2020-01-11,,123119,380564,2
1380673,2019-12-21,2020-01-11,,123244,595486,2
1380674,2019-12-21,2020-01-11,,123315,728332,2
1380675,2019-12-21,2020-01-11,,123429,213409,2
1380676,2019-12-21,2020-01-11,,123741,934820,2
1380677,2019-12-21,2020-01-11,,123772,693685,2
1380678,2019-12-21,2020-01-11,,123875,310838,2
1380679,2019-12-21,2020-01-11,,123965,772414,2
1380680,2019-12-21,2020-01-11,,124096,326456,2
1380681,2019-12-21,2020-01-11,,124385,486516,2
1380682,2019-12-21,2020-01-11,,124404,918810,2
1380683,2019-12-21,2020-01-11,,124541,472052,2
1380684,2019-12-21,2020-01-11,,124720,811797,2
1380685,2019-12-21,2020-01-11,,124948,839204,2
1380686,2019-12-21,2020-01-11,,124999,268347,2
1380687,2019-12-21,2020-01-11,,125052,120597,2
1380688,2019-12-21,2020-01-11,,125052,484339,2
1380689,2019-12-21,2020-01-11,,125095,828846,2
1380690,2019-12-21,2020-01-11,,125535,521666,2
1380691,2019-12-21,2020-01-11,,125541,384875,2
1380692,2019-12-21,2020-01-11,,125673,189152,2
1380693,2019-12-21,2020-01-11,,125935,312281,2
1380694,2019-12-21,2020-01-11,,126007,692241,2
1380695,2019-12-21,2020-01-11,,126109,764014,2
1380696,2019-12-21,2020-01-11,,126192,303955,2
1380697,2019-12-21,2020-01-11,,126192,462520,2
1380698,2019-12-21,2020-01-11,,126192,533317,2
1380699,2019-12-21,2020-01-11,,126192,698346,2
1380700,2019-12-21,2020-01-11,,126310,932308,2
1380701,2019-12-21,2020-01-11,,126493,223009,2
1380702,2019-12-21,2020-01-11,,126493,366519,2
1380703,2019-12-21,2020-01-11,,126546,467306,2
1380704,2019-12-21,2020-01-11,,126635,590857,2
1380705,2019-12-21,2020-01-11,,126650,895135,2
1380706,2019-12-21,2020-01-11,,126671,104537,2
1380707,2019-12-21,2020-01-11,,126807,590336,2
1380708,2019-12-21,2020-01-11,,126807,689736,2
1380709,2019-12-21,2020-01-11,,126832,259691,2
1380710,2019-12-21,2020-01-11,,126901,775536,2
1380711,2019-12-21,2020-01-11,,127088,864164,2
1380712,2019-12-21,2020-01-11,,127120,425954,2
1380713,2019-12-21,2020-01-11,,127263,343375,2
1380714,2019-12-21,2020-01-11,,127271,906932,2
1380715,2019-12-21,2020-01-11,,127301,145022,2
1380716,2019-12-21,2020-01-11,,127315,858957,2
1380717,2019-12-21,2020-01-11,,127417,485718,2
1380718,2019-12-21,2020-01-11,,127685,453114,2
1380719,2019-12-21,2020-01-11,,127685,577547,2
1380720,2019-12-21,2020-01-11,,127715,16232,2
1380721,2019-12-21,2020-01-11,,127733,70921,2
1380722,2019-12-21,2020-01-11,,127749,377476,2
1380723,2019-12-21,2020-01-11,,127766,35371,2
1380724,2019-12-21,2020-01-11,,127766,159012,2
1380725,2019-12-21,2020-01-11,,127766,178067,2
1380726,2019-12-21,2020-01-11,,127766,360433,2
1380727,2019-12-21,2020-01-11,,127766,361240,2
1380728,2019-12-21,2020-01-11,,127766,365658,2
1380729,2019-12-21,2020-01-11,,127766,527446,2
1380730,2019-12-21,2020-01-11,,127766,579998,2
1380731,2019-12-21,2020-01-11,,127766,601334,2
1380732,2019-12-21,2020-01-11,,127766,650135,2
1380733,2019-12-21,2020-01-11,,127864,183708,2
1380734,2019-12-21,2020-01-11,,127976,637534,2
1380735,2019-12-21,2020-01-11,,127988,354087,2
1380736,2019-12-21,2020-01-11,,128012,168564,2
1380737,2019-12-21,2020-01-11,,128019,529883,2
1380738,2019-12-21,2020-01-11,,128222,68633,2
1380739,2019-12-21,2020-01-11,,128239,942933,2
1380740,2019-12-21,2020-01-11,,128255,939045,2
1380741,2019-12-21,2020-01-11,,128272,877775,2
1380742,2019-12-21,2020-01-11,,128341,680477,2
1380743,2019-12-21,2020-01-11,,128417,842440,2
1380744,2019-12-21,2020-01-11,,128446,911446,2
1380745,2019-12-21,2020-01-11,,128598,934002,2
1380746,2019-12-21,2020-01-11,,128685,377586,2
1380747,2019-12-21,2020-01-11,,128688,170607,2
1380748,2019-12-21,2020-01-11,,128731,918181,2
1380749,2019-12-21,2020-01-11,,128888,226111,2
1380750,2019-12-21,2020-01-11,,128965,395352,2
1380751,2019-12-21,2020-01-11,,129007,777417,2
1380752,2019-12-21,2020-01-11,,129534,381489,2
1380753,2019-12-21,2020-01-11,,129578,477211,2
1380754,2019-12-21,2020-01-11,,129581,12607,2
1380755,2019-12-21,2020-01-11,,129582,16658,2
1380756,2019-12-21,2020-01-11,,129582,842061,2
1380757,2019-12-21,2020-01-11,,129582,919729,2
1380758,2019-12-21,2020-01-11,,129663,34098,2
1380759,2019-12-21,2020-01-11,,130006,207974,2
1380760,2019-12-21,2020-01-11,,130030,682591,2
1380761,2019-12-21,2020-01-11,,130123,594277,2
1380762,2019-12-21,2020-01-11,,130321,317886,2
1380763,2019-12-21,2020-01-11,,130321,802144,2
1380764,2019-12-21,2020-01-11,,130329,832147,2
1380765,2019-12-21,2020-01-11,,130373,105339,2
1380766,2019-12-21,2020-01-11,,130420,401306,2
1380767,2019-12-21,2020-01-11,,130430,24337,2
1380768,2019-12-21,2020-01-11,,130461,788310,2
1380769,2019-12-21,2020-01-11,,130505,335840,2
1380770,2019-12-21,2020-01-11,,130547,248758,2
1380771,2019-12-21,2020-01-11,,131007,326568,2
1380772,2019-12-21,2020-01-11,,131007,576821,2
1380773,2019-12-21,2020-01-11,,131007,612283,2
1380774,2019-12-21,2020-01-11,,131284,10982,2
1380775,2019-12-21,2020-01-11,,131446,131765,2
1380776,2019-12-21,2020-01-11,,131449,443727,2
1380777,2019-12-21,2020-01-11,,131449,699040,2
1380778,2019-12-21,2020-01-11,,131752,743173,2
1380779,2019-12-21,2020-01-11,,131816,454594,2
1380780,2019-12-21,2020-01-11,,131894,703906,2
1380781,2019-12-21,2020-01-11,,131978,341560,2
1380782,2019-12-21,2020-01-11,,131987,304580,2
1380783,2019-12-21,2020-01-11,,132133,389599,2
1380784,2019-12-21,2020-01-11,,132133,513985,2
1380785,2019-12-21,2020-01-11,,132144,369956,2
1380786,2019-12-21,2020-01-11,,132211,59003,2
1380787,2019-12-21,2020-01-11,,132211,195636,2
1380788,2019-12-21,2020-01-11,,132211,318915,2
1380789,2019-12-21,2020-01-11,,132449,586373,2
1380790,2019-12-21,2020-01-11,,132532,692605,2
1380791,2019-12-21,2020-01-11,,132583,151838,2
1380792,2019-12-21,2020-01-11,,132602,13183,2
1380793,2019-12-21,2020-01-11,,132602,78911,2
1380794,2019-12-21,2020-01-11,,132602,150783,2
1380795,2019-12-21,2020-01-11,,132664,288080,2
1380796,2019-12-21,2020-01-11,,132677,905122,2
1380797,2019-12-21,2020-01-11,,132764,769637,2
1380798,2019-12-21,2020-01-11,,132844,444132,2
1380799,2019-12-21,2020-01-11,,132854,220235,2
1380800,2019-12-21,2020-01-11,,132867,498211,2
1380801,2019-12-21,2020-01-11,,132867,877051,2
1380802,2019-12-21,2020-01-11,,132979,469349,2
1380803,2019-12-21,2020-01-11,,133044,111973,2
1380804,2019-12-21,2020-01-11,,133044,569589,2
1380805,2019-12-21,2020-01-11,,133044,625250,2
1380806,2019-12-21,2020-01-11,,133044,699041,2
1380807,2019-12-21,2020-01-11,2019-12-31,133065,780865,1
1380808,2019-12-21,2020-01-11,,133217,309050,2
1380809,2019-12-21,2020-01-11,,133275,41240,2
1380810,2019-12-21,2020-01-11,,133275,709078,2
1380811,2019-12-21,2020-01-11,,133287,448802,2
1380812,2019-12-21,2020-01-11,,133287,504856,2
1380813,2019-12-21,2020-01-11,,133287,557492,2
1380814,2019-12-21,2020-01-11,,133332,829586,2
1380815,2019-12-21,2020-01-11,,133603,548480,2
1380816,2019-12-21,2020-01-11,,133743,617928,2
1380817,2019-12-21,2020-01-11,,133743,743384,2
1380818,2019-12-21,2020-01-11,,133994,609183,2
1380819,2019-12-21,2020-01-11,,134080,4823,2
1380820,2019-12-21,2020-01-11,,134123,635398,2
1380821,2019-12-21,2020-01-11,,134127,742395,2
1380822,2019-12-21,2020-01-11,,134365,261340,2
1380823,2019-12-21,2020-01-11,,134533,237817,2
1380824,2019-12-21,2020-01-11,,134799,162876,2
1380825,2019-12-21,2020-01-11,,135063,521657,2
1380826,2019-12-21,2020-01-11,,135383,45685,2
1380827,2019-12-21,2020-01-11,,135465,408421,2
1380828,2019-12-21,2020-01-11,,135956,317960,2
1380829,2019-12-21,2020-01-11,,135970,607438,2
1380830,2019-12-21,2020-01-11,,136151,710544,2
1380831,2019-12-21,2020-01-11,,136353,591071,2
1380832,2019-12-21,2020-01-11,,136591,171710,2
1380833,2019-12-21,2020-01-11,,136800,549398,2
1380834,2019-12-21,2020-01-11,,136975,286256,2
1380835,2019-12-21,2020-01-11,,137292,770128,2
1380836,2019-12-21,2020-01-11,,137314,7692,2
1380837,2019-12-21,2020-01-11,,137352,648827,2
1380838,2019-12-21,2020-01-11,,137352,911490,2
1380839,2019-12-21,2020-01-11,,137564,493358,2
1380840,2019-12-21,2020-01-11,,137569,487227,2
1380841,2019-12-21,2020-01-11,,137660,519293,2
1380842,2019-12-21,2020-01-11,,137769,492337,2
1380843,2019-12-21,2020-01-11,,137918,944947,2
1380844,2019-12-21,2020-01-11,,138007,557592,2
1380845,2019-12-21,2020-01-11,,138053,40212,2
1380846,2019-12-21,2020-01-11,,138337,820301,2
1380847,2019-12-21,2020-01-11,,138374,93997,2
1380848,2019-12-21,2020-01-11,,138468,840155,2
1380849,2019-12-21,2020-01-11,,138564,100541,2
1380850,2019-12-21,2020-01-11,,138565,434165,2
1380851,2019-12-21,2020-01-11,,138572,179833,2
1380852,2019-12-21,2020-01-11,,138574,813269,2
1380853,2019-12-21,2020-01-11,,138646,761461,2
1380854,2019-12-21,2020-01-11,,138899,797863,2
1380855,2019-12-21,2020-01-11,,138926,555954,2
1380856,2019-12-21,2020-01-11,,139161,754215,2
1380857,2019-12-21,2020-01-11,,139286,775982,2
1380858,2019-12-21,2020-01-11,,139305,104237,2
1380859,2019-12-21,2020-01-11,,139337,218046,2
1380860,2019-12-21,2020-01-11,,139454,615068,2
1380861,2019-12-21,2020-01-11,,139574,760970,2
1380862,2019-12-21,2020-01-11,,139645,622565,2
1380863,2019-12-21,2020-01-11,,139661,233446,2
1380864,2019-12-21,2020-01-11,,139664,258487,2
1380865,2019-12-21,2020-01-11,,139671,457220,2
1380866,2019-12-21,2020-01-11,,139855,730170,2
1380867,2019-12-21,2020-01-11,,140079,72262,2
1380868,2019-12-21,2020-01-11,,140079,352756,2
1380869,2019-12-21,2020-01-11,,140079,467073,2
1380870,2019-12-21,2020-01-11,,140079,477003,2
1380871,2019-12-21,2020-01-11,,140227,811287,2
1380872,2019-12-21,2020-01-11,,140348,695061,2
1380873,2019-12-21,2020-01-11,,140404,243953,2
1380874,2019-12-21,2020-01-11,,140541,479855,2
1380875,2019-12-21,2020-01-11,,140810,806793,2
1380876,2019-12-21,2020-01-11,,140841,26988,2
1380877,2019-12-21,2020-01-11,,140974,252970,2
1380878,2019-12-21,2020-01-11,,140979,548557,2
1380879,2019-12-21,2020-01-11,,140993,131729,2
1380880,2019-12-21,2020-01-11,,141104,480752,2
1380881,2019-12-21,2020-01-11,,141207,491464,2
1380882,2019-12-21,2020-01-11,,141239,592193,2
1380883,2019-12-21,2020-01-11,,141310,353637,2
1380884,2019-12-21,2020-01-11,,141411,483724,2
1380885,2019-12-21,2020-01-11,,141437,5965,2
1380886,2019-12-21,2020-01-11,,141467,478833,2
1380887,2019-12-21,2020-01-11,,141804,272386,2
1380888,2019-12-21,2020-01-11,,141804,278645,2
1380889,2019-12-21,2020-01-11,,141804,481160,2
1380890,2019-12-21,2020-01-11,,141804,790059,2
1380891,2019-12-21,2020-01-11,,141849,171458,2
1380892,2019-12-21,2020-01-11,,141901,527447,2
1380893,2019-12-21,2020-01-11,,142000,190135,2
1380894,2019-12-21,2020-01-11,,142043,326569,2
1380895,2019-12-21,2020-01-11,,142106,222915,2
1380896,2019-12-21,2020-01-11,,142180,344784,2
1380897,2019-12-21,2020-01-11,,142186,112602,2
1380898,2019-12-21,2020-01-11,,142186,567843,2
1380899,2019-12-21,2020-01-11,,142195,883428,2
1380900,2019-12-21,2020-01-11,,142246,541206,2
1380901,2019-12-21,2020-01-11,,142257,736058,2
1380902,2019-12-21,2020-01-11,,142470,279114,2
1380903,2019-12-21,2020-01-11,,142791,270817,2
1380904,2019-12-21,2020-01-11,,142792,400109,2
1380905,2019-12-21,2020-01-11,,142802,412166,2
1380906,2019-12-21,2020-01-11,,142870,383114,2
1380907,2019-12-21,2020-01-11,,142906,45979,2
1380908,2019-12-21,2020-01-11,,142948,557981,2
1380909,2019-12-21,2020-01-11,,142961,243788,2
1380910,2019-12-21,2020-01-11,,142980,469586,2
1380911,2019-12-21,2020-01-11,,143065,542154,2
1380912,2019-12-21,2020-01-11,,143395,161577,2
1380913,2019-12-21,2020-01-11,,143400,504279,2
1380914,2019-12-21,2020-01-11,,144043,552948,2
1380915,2019-12-21,2020-01-11,,144273,887543,2
1380916,2019-12-21,2020-01-11,,144282,817040,2
1380917,2019-12-21,2020-01-11,,144334,413654,2
1380918,2019-12-21,2020-01-11,,144336,613901,2
1380919,2019-12-21,2020-01-11,,144370,297127,2
1380920,2019-12-21,2020-01-11,,144520,543607,2
1380921,2019-12-21,2020-01-11,,144592,224602,2
1380922,2019-12-21,2020-01-11,,144704,667683,2
1380923,2019-12-21,2020-01-11,,144831,456528,2
1380924,2019-12-21,2020-01-11,,144855,645504,2
1380925,2019-12-21,2020-01-11,,144895,586708,2
1380926,2019-12-21,2020-01-11,,145145,177060,2
1380927,2019-12-21,2020-01-11,,145389,65759,2
1380928,2019-12-21,2020-01-11,,145430,253381,2
1380929,2019-12-21,2020-01-11,,145450,53850,2
1380930,2019-12-21,2020-01-11,,145450,225207,2
1380931,2019-12-21,2020-01-11,,145450,256071,2
1380932,2019-12-21,2020-01-11,,145450,435377,2
1380933,2019-12-21,2020-01-11,,145450,496098,2
1380934,2019-12-21,2020-01-11,,145450,628506,2
1380935,2019-12-21,2020-01-11,,145450,700845,2
1380936,2019-12-21,2020-01-11,,145450,730852,2
1380937,2019-12-21,2020-01-11,,145450,773903,2
1380938,2019-12-21,2020-01-11,,145450,775883,2
1380939,2019-12-21,2020-01-11,,145450,809731,2
1380940,2019-12-21,2020-01-11,,145450,876555,2
1380941,2019-12-21,2020-01-11,,145519,381046,2
1380942,2019-12-21,2020-01-11,,145580,446144,2
1380943,2019-12-21,2020-01-11,,145748,835391,2
1380944,2019-12-21,2020-01-11,,146032,363924,2
1380945,2019-12-21,2020-01-11,,146671,482920,2
1380946,2019-12-21,2020-01-11,,146693,72373,2
1380947,2019-12-21,2020-01-11,,146730,24420,2
1380948,2019-12-21,2020-01-11,,146974,909416,2
1380949,2019-12-21,2020-01-11,,147018,780025,2
1380950,2019-12-21,2020-01-11,,147180,377499,2
1380951,2019-12-21,2020-01-11,,147188,759133,2
1380952,2019-12-21,2020-01-11,,147236,474545,2
1380953,2019-12-21,2020-01-11,,147276,433157,2
1380954,2019-12-21,2020-01-11,,147313,592834,2
1380955,2019-12-21,2020-01-11,,147326,681485,2
1380956,2019-12-21,2020-01-11,,147446,672739,2
1380957,2019-12-21,2020-01-11,,147466,256118,2
1380958,2019-12-21,2020-01-11,,147631,287196,2
1380959,2019-12-21,2020-01-11,,147778,806571,2
1380960,2019-12-21,2020-01-11,,147790,395382,2
1380961,2019-12-21,2020-01-11,,147822,878970,2
1380962,2019-12-21,2020-01-11,,147940,873587,2
1380963,2019-12-21,2020-01-11,,147961,538544,2
1380964,2019-12-21,2020-01-11,,148012,905060,2
1380965,2019-12-21,2020-01-11,,148077,698722,2
1380966,2019-12-21,2020-01-11,,148308,194294,2
1380967,2019-12-21,2020-01-11,,148416,901637,2
1380968,2019-12-21,2020-01-11,,148560,682814,2
1380969,2019-12-21,2020-01-11,,148727,181424,2
1380970,2019-12-21,2020-01-11,,148778,750248,2
1380971,2019-12-21,2020-01-11,,148811,389741,2
1380972,2019-12-21,2020-01-11,,148935,924907,2
1380973,2019-12-21,2020-01-11,,149022,871568,2
1380974,2019-12-21,2020-01-11,,149124,58119,2
1380975,2019-12-21,2020-01-11,,149124,406024,2
1380976,2019-12-21,2020-01-11,,149160,465945,2
1380977,2019-12-21,2020-01-11,,149160,683115,2
1380978,2019-12-21,2020-01-11,,149229,194212,2
1380979,2019-12-21,2020-01-11,,149301,4274,2
1380980,2019-12-21,2020-01-11,,149403,870975,2
1380981,2019-12-21,2020-01-11,,149490,718084,2
1380982,2019-12-21,2020-01-11,,149736,453986,2
1380983,2019-12-21,2020-01-11,,149813,426592,2
1380984,2019-12-21,2020-01-11,,150028,227014,2
1380985,2019-12-21,2020-01-11,,150148,4824,2
1380986,2019-12-21,2020-01-11,,150148,188818,2
1380987,2019-12-21,2020-01-11,,150148,230260,2
1380988,2019-12-21,2020-01-11,,150148,246225,2
1380989,2019-12-21,2020-01-11,,150148,267731,2
1380990,2019-12-21,2020-01-11,,150148,360230,2
1380991,2019-12-21,2020-01-11,,150148,391673,2
1380992,2019-12-21,2020-01-11,,150148,513422,2
1380993,2019-12-21,2020-01-11,,150148,550950,2
1380994,2019-12-21,2020-01-11,,150148,597068,2
1380995,2019-12-21,2020-01-11,,150148,692028,2
1380996,2019-12-21,2020-01-11,,150148,889334,2
1380997,2019-12-21,2020-01-11,,150160,381370,2
1380998,2019-12-21,2020-01-11,,150197,316027,2
1380999,2019-12-21,2020-01-11,,150197,935317,2
1381000,2019-12-21,2020-01-11,,150245,142584,2
1381001,2019-12-21,2020-01-11,,150245,501746,2
1381002,2019-12-21,2020-01-11,,150282,26457,2
1381003,2019-12-21,2020-01-11,,150282,244643,2
1381004,2019-12-21,2020-01-11,,150282,312181,2
1381005,2019-12-21,2020-01-11,,150282,374380,2
1381006,2019-12-21,2020-01-11,,150320,504441,2
1381007,2019-12-21,2020-01-11,,150709,758648,2
1381008,2019-12-21,2020-01-11,,150973,167824,2
1381009,2019-12-21,2020-01-11,,151005,310830,2
1381010,2019-12-21,2020-01-11,,151031,864047,2
1381011,2019-12-21,2020-01-11,,151035,769210,2
1381012,2019-12-21,2020-01-11,,151076,774308,2
1381013,2019-12-21,2020-01-11,,151079,34363,2
1381014,2019-12-21,2020-01-11,,151079,66832,2
1381015,2019-12-21,2020-01-11,,151079,851777,2
1381016,2019-12-21,2020-01-11,,151123,258367,2
1381017,2019-12-21,2020-01-11,,151265,841896,2
1381018,2019-12-21,2020-01-11,,151385,574674,2
1381019,2019-12-21,2020-01-11,,151403,944529,2
1381020,2019-12-21,2020-01-11,,151562,719431,2
1381021,2019-12-21,2020-01-11,,151576,652129,2
1381022,2019-12-21,2020-01-11,,151620,821738,2
1381023,2019-12-21,2020-01-11,,151716,874177,2
1381024,2019-12-21,2020-01-11,,151755,100949,2
1381025,2019-12-21,2020-01-11,,151779,387266,2
1381026,2019-12-21,2020-01-11,,151794,483498,2
1381027,2019-12-21,2020-01-11,,151809,795591,2
1381028,2019-12-21,2020-01-11,,151856,92642,2
1381029,2019-12-21,2020-01-11,,151910,692995,2
1381030,2019-12-21,2020-01-11,,152007,582065,2
1381031,2019-12-21,2020-01-11,,152158,511767,2
1381032,2019-12-21,2020-01-11,,152323,652373,2
1381033,2019-12-21,2020-01-11,,152325,601872,2
1381034,2019-12-21,2020-01-11,,152535,548261,2
1381035,2019-12-21,2020-01-11,,152602,90652,2
1381036,2019-12-21,2020-01-11,,152619,359247,2
1381037,2019-12-21,2020-01-11,,152647,49465,2
1381038,2019-12-21,2020-01-11,,152733,287562,2
1381039,2019-12-21,2020-01-11,,152910,45051,2
1381040,2019-12-21,2020-01-11,,152989,538656,2
1381041,2019-12-21,2020-01-11,,152990,523181,2
1381042,2019-12-21,2020-01-11,,153152,41761,2
1381043,2019-12-21,2020-01-11,,153176,415765,2
1381044,2019-12-21,2020-01-11,,153182,621691,2
1381045,2019-12-21,2020-01-11,,153212,395224,2
1381046,2019-12-21,2020-01-11,,153232,865682,2
1381047,2019-12-21,2020-01-11,,153242,178091,2
1381048,2019-12-21,2020-01-11,,153243,371988,2
1381049,2019-12-21,2020-01-11,,153243,402205,2
1381050,2019-12-21,2020-01-11,,153272,51333,2
1381051,2019-12-21,2020-01-11,,153699,826479,2
1381052,2019-12-21,2020-01-11,,153756,128831,2
1381053,2019-12-21,2020-01-11,,153756,296690,2
1381054,2019-12-21,2020-01-11,,153941,360841,2
1381055,2019-12-21,2020-01-11,,154047,698866,2
1381056,2019-12-21,2020-01-11,,154050,647681,2
1381057,2019-12-21,2020-01-11,,154178,230417,2
1381058,2019-12-21,2020-01-11,,154179,657778,2
1381059,2019-12-21,2020-01-11,,154271,614531,2
1381060,2019-12-21,2020-01-11,,154325,816515,2
1381061,2019-12-21,2020-01-11,,154335,645319,2
1381062,2019-12-21,2020-01-11,,154362,220995,2
1381063,2019-12-21,2020-01-11,,154389,69311,2
1381064,2019-12-21,2020-01-11,,154563,784798,2
1381065,2019-12-21,2020-01-11,,154619,134753,2
1381066,2019-12-21,2020-01-11,,154667,126512,2
1381067,2019-12-21,2020-01-11,,154800,144863,2
1381068,2019-12-21,2020-01-11,,154902,737585,2
1381069,2019-12-21,2020-01-11,,154904,416749,2
1381070,2019-12-21,2020-01-11,,154904,852198,2
1381071,2019-12-21,2020-01-11,,154904,889455,2
1381072,2019-12-21,2020-01-11,,155035,200491,2
1381073,2019-12-21,2020-01-11,,155150,153060,2
1381074,2019-12-21,2020-01-11,,155219,417344,2
1381075,2019-12-21,2020-01-11,,155420,136485,2
1381076,2019-12-21,2020-01-11,,155468,470474,2
1381077,2019-12-21,2020-01-11,,155592,371757,2
1381078,2019-12-21,2020-01-11,,155616,375801,2
1381079,2019-12-21,2020-01-11,,155782,482591,2
1381080,2019-12-21,2020-01-11,,155840,657492,2
1381081,2019-12-21,2020-01-11,,155896,736733,2
1381082,2019-12-21,2020-01-11,,156082,705832,2
1381083,2019-12-21,2020-01-11,,156107,433044,2
1381084,2019-12-21,2020-01-11,,156288,897347,2
1381085,2019-12-21,2020-01-11,,156344,856726,2
1381086,2019-12-21,2020-01-11,,156413,424883,2
1381087,2019-12-21,2020-01-11,,156413,653297,2
1381088,2019-12-21,2020-01-11,,156422,639470,2
1381089,2019-12-21,2020-01-11,,156456,583352,2
1381090,2019-12-21,2020-01-11,,156520,172880,2
1381091,2019-12-21,2020-01-11,,156771,183375,2
1381092,2019-12-21,2020-01-11,,156795,300813,2
1381093,2019-12-21,2020-01-11,,156833,151186,2
1381094,2019-12-21,2020-01-11,,156866,306044,2
1381095,2019-12-21,2020-01-11,,156912,868834,2
1381096,2019-12-21,2020-01-11,,156958,862712,2
1381097,2019-12-21,2020-01-11,,156973,681914,2
1381098,2019-12-21,2020-01-11,,157145,858711,2
1381099,2019-12-21,2020-01-11,,157174,352724,2
1381100,2019-12-21,2020-01-11,,157219,3300,2
1381101,2019-12-21,2020-01-11,,157452,6791,2
1381102,2019-12-21,2020-01-11,,157507,707258,2
1381103,2019-12-21,2020-01-11,,157729,387225,2
1381104,2019-12-21,2020-01-11,,157739,403538,2
1381105,2019-12-21,2020-01-11,,157799,452470,2
1381106,2019-12-21,2020-01-11,,157956,750167,2
1381107,2019-12-21,2020-01-11,,158120,317393,2
1381108,2019-12-21,2020-01-11,,158164,347881,2
1381109,2019-12-21,2020-01-11,,158372,432926,2
1381110,2019-12-21,2020-01-11,,158431,113536,2
1381111,2019-12-21,2020-01-11,,158442,17684,2
1381112,2019-12-21,2020-01-11,,158442,405213,2
1381113,2019-12-21,2020-01-11,,158442,430739,2
1381114,2019-12-21,2020-01-11,,158442,884100,2
1381115,2019-12-21,2020-01-11,,158560,946279,2
1381116,2019-12-21,2020-01-11,,158582,644495,2
1381117,2019-12-21,2020-01-11,,158666,696300,2
1381118,2019-12-21,2020-01-11,,158666,770056,2
1381119,2019-12-21,2020-01-11,,158877,432561,2
1381120,2019-12-21,2020-01-11,,159069,128705,2
1381121,2019-12-21,2020-01-11,,159260,351490,2
1381122,2019-12-21,2020-01-11,,159474,387047,2
1381123,2019-12-21,2020-01-11,,159606,705086,2
1381124,2019-12-22,2020-01-12,,156,882000,2
1381125,2019-12-22,2020-01-12,,191,698836,2
1381126,2019-12-22,2020-01-12,,200,902511,2
1381127,2019-12-22,2020-01-12,,316,310839,2
1381128,2019-12-22,2020-01-12,,359,166140,2
1381129,2019-12-22,2020-01-12,,523,43433,2
1381130,2019-12-22,2020-01-12,,523,50167,2
1381131,2019-12-22,2020-01-12,,523,504066,2
1381132,2019-12-22,2020-01-12,,523,677698,2
1381133,2019-12-22,2020-01-12,,688,655162,2
1381134,2019-12-22,2020-01-12,,740,603160,2
1381135,2019-12-22,2020-01-12,,1018,665456,2
1381136,2019-12-22,2020-01-12,,1220,677913,2
1381137,2019-12-22,2020-01-12,,1240,312301,2
1381138,2019-12-22,2020-01-12,,1249,142265,2
1381139,2019-12-22,2020-01-12,,1298,81321,2
1381140,2019-12-22,2020-01-12,,1382,690624,2
1381141,2019-12-22,2020-01-12,,1383,421974,2
1381142,2019-12-22,2020-01-12,,1422,104306,2
1381143,2019-12-22,2020-01-12,,1484,650589,2
1381144,2019-12-22,2020-01-12,,1710,122178,2
1381145,2019-12-22,2020-01-12,,1739,10903,2
1381146,2019-12-22,2020-01-12,,1739,436800,2
1381147,2019-12-22,2020-01-12,,1757,852267,2
1381148,2019-12-22,2020-01-12,,1774,162363,2
1381149,2019-12-22,2020-01-12,,1911,604522,2
1381150,2019-12-22,2020-01-12,,2597,613006,2
1381151,2019-12-22,2020-01-12,,2597,625238,2
1381152,2019-12-22,2020-01-12,,2607,562860,2
1381153,2019-12-22,2020-01-12,,2691,41048,2
1381154,2019-12-22,2020-01-12,,2691,49470,2
1381155,2019-12-22,2020-01-12,,2691,188188,2
1381156,2019-12-22,2020-01-12,,2691,225678,2
1381157,2019-12-22,2020-01-12,,2691,322885,2
1381158,2019-12-22,2020-01-12,,2855,614429,2
1381159,2019-12-22,2020-01-12,,2915,863734,2
1381160,2019-12-22,2020-01-12,,2964,355261,2
1381161,2019-12-22,2020-01-12,,3057,212188,2
1381162,2019-12-22,2020-01-12,,3082,270448,2
1381163,2019-12-22,2020-01-12,,3082,475297,2
1381164,2019-12-22,2020-01-12,,3151,500074,2
1381165,2019-12-22,2020-01-12,,3157,540456,2
1381166,2019-12-22,2020-01-12,,3348,481224,2
1381167,2019-12-22,2020-01-12,,3391,40129,2
1381168,2019-12-22,2020-01-12,,3813,183329,2
1381169,2019-12-22,2020-01-12,,3819,75869,2
1381170,2019-12-22,2020-01-12,,3819,109180,2
1381171,2019-12-22,2020-01-12,,3819,538132,2
1381172,2019-12-22,2020-01-12,,3886,524494,2
1381173,2019-12-22,2020-01-12,,3948,843344,2
1381174,2019-12-22,2020-01-12,,4068,680791,2
1381175,2019-12-22,2020-01-12,,4080,507210,2
1381176,2019-12-22,2020-01-12,,4231,751459,2
1381177,2019-12-22,2020-01-12,,4339,947092,2
1381178,2019-12-22,2020-01-12,,4350,211370,2
1381179,2019-12-22,2020-01-12,,4516,564147,2
1381180,2019-12-22,2020-01-12,,4546,19803,2
1381181,2019-12-22,2020-01-12,,4616,175791,2
1381182,2019-12-22,2020-01-12,,4652,557593,2
1381183,2019-12-22,2020-01-12,,4705,951411,2
1381184,2019-12-22,2020-01-12,,4804,331772,2
1381185,2019-12-22,2020-01-12,,4918,833125,2
1381186,2019-12-22,2020-01-12,,5097,844971,2
1381187,2019-12-22,2020-01-12,,5103,477139,2
1381188,2019-12-22,2020-01-12,,5287,153334,2
1381189,2019-12-22,2020-01-12,,5287,453092,2
1381190,2019-12-22,2020-01-12,,5287,462906,2
1381191,2019-12-22,2020-01-12,,5287,767082,2
1381192,2019-12-22,2020-01-12,,5526,510848,2
1381193,2019-12-22,2020-01-12,,5552,10017,2
1381194,2019-12-22,2020-01-12,,5653,299299,2
1381195,2019-12-22,2020-01-12,,5678,759353,2
1381196,2019-12-22,2020-01-12,,5725,683289,2
1381197,2019-12-22,2020-01-12,,5790,778056,2
1381198,2019-12-22,2020-01-12,,5809,755488,2
1381199,2019-12-22,2020-01-12,,5833,922155,2
1381200,2019-12-22,2020-01-12,,6006,8202,2
1381201,2019-12-22,2020-01-12,,6006,770942,2
1381202,2019-12-22,2020-01-12,,6071,144253,2
1381203,2019-12-22,2020-01-12,,6141,658039,2
1381204,2019-12-22,2020-01-12,,6164,196342,2
1381205,2019-12-22,2020-01-12,,6259,371962,2
1381206,2019-12-22,2020-01-12,,6385,685759,2
1381207,2019-12-22,2020-01-12,,6421,388864,2
1381208,2019-12-22,2020-01-12,,6638,823406,2
1381209,2019-12-22,2020-01-12,,6681,673569,2
1381210,2019-12-22,2020-01-12,,6725,670940,2
1381211,2019-12-22,2020-01-12,,6796,938557,2
1381212,2019-12-22,2020-01-12,,6845,436807,2
1381213,2019-12-22,2020-01-12,,6868,872840,2
1381214,2019-12-22,2020-01-12,,6934,889146,2
1381215,2019-12-22,2020-01-12,,7037,640481,2
1381216,2019-12-22,2020-01-12,,7164,739624,2
1381217,2019-12-22,2020-01-12,,7400,866796,2
1381218,2019-12-22,2020-01-12,,7469,435331,2
1381219,2019-12-22,2020-01-12,,7595,545609,2
1381220,2019-12-22,2020-01-12,,7836,197207,2
1381221,2019-12-22,2020-01-12,,7879,647689,2
1381222,2019-12-22,2020-01-12,,7985,289099,2
1381223,2019-12-22,2020-01-12,,8064,152415,2
1381224,2019-12-22,2020-01-12,,8166,776899,2
1381225,2019-12-22,2020-01-12,,8202,810089,2
1381226,2019-12-22,2020-01-12,,8206,792163,2
1381227,2019-12-22,2020-01-12,,8367,903681,2
1381228,2019-12-22,2020-01-12,,8428,187809,2
1381229,2019-12-22,2020-01-12,,8491,463064,2
1381230,2019-12-22,2020-01-12,,8586,28077,2
1381231,2019-12-22,2020-01-12,,8603,154315,2
1381232,2019-12-22,2020-01-12,,8603,225142,2
1381233,2019-12-22,2020-01-12,,8866,682964,2
1381234,2019-12-22,2020-01-12,,8880,941615,2
1381235,2019-12-22,2020-01-12,,8883,533429,2
1381236,2019-12-22,2020-01-12,,8942,864048,2
1381237,2019-12-22,2020-01-12,,9119,182063,2
1381238,2019-12-22,2020-01-12,,9149,899006,2
1381239,2019-12-22,2020-01-12,,9162,112793,2
1381240,2019-12-22,2020-01-12,,9221,644831,2
1381241,2019-12-22,2020-01-12,,9294,580087,2
1381242,2019-12-22,2020-01-12,,9341,631843,2
1381243,2019-12-22,2020-01-12,,9429,563626,2
1381244,2019-12-22,2020-01-12,,9443,470917,2
1381245,2019-12-22,2020-01-12,,9588,4875,2
1381246,2019-12-22,2020-01-12,,9648,88542,2
1381247,2019-12-22,2020-01-12,,9668,431621,2
1381248,2019-12-22,2020-01-12,,9842,188302,2
1381249,2019-12-22,2020-01-12,,9900,519474,2
1381250,2019-12-22,2020-01-12,,9908,585777,2
1381251,2019-12-22,2020-01-12,,10028,641267,2
1381252,2019-12-22,2020-01-12,,10185,234194,2
1381253,2019-12-22,2020-01-12,,10193,325419,2
1381254,2019-12-22,2020-01-12,,10279,77049,2
1381255,2019-12-22,2020-01-12,,10409,901407,2
1381256,2019-12-22,2020-01-12,,10430,139392,2
1381257,2019-12-22,2020-01-12,,10432,742304,2
1381258,2019-12-22,2020-01-12,,10687,333392,2
1381259,2019-12-22,2020-01-12,,10704,694562,2
1381260,2019-12-22,2020-01-12,,11138,605278,2
1381261,2019-12-22,2020-01-12,,11138,913694,2
1381262,2019-12-22,2020-01-12,,11175,23587,2
1381263,2019-12-22,2020-01-12,,11278,722923,2
1381264,2019-12-22,2020-01-12,,11288,560969,2
1381265,2019-12-22,2020-01-12,,11349,417081,2
1381266,2019-12-22,2020-01-12,,11387,511659,2
1381267,2019-12-22,2020-01-12,,11405,508594,2
1381268,2019-12-22,2020-01-12,,11424,709079,2
1381269,2019-12-22,2020-01-12,,11458,244170,2
1381270,2019-12-22,2020-01-12,,11458,684666,2
1381271,2019-12-22,2020-01-12,,11503,62810,2
1381272,2019-12-22,2020-01-12,,11661,690992,2
1381273,2019-12-22,2020-01-12,,11830,545926,2
1381274,2019-12-22,2020-01-12,,11854,795959,2
1381275,2019-12-22,2020-01-12,,11861,456315,2
1381276,2019-12-22,2020-01-12,,11898,136486,2
1381277,2019-12-22,2020-01-12,,11945,229166,2
1381278,2019-12-22,2020-01-12,,12025,806608,2
1381279,2019-12-22,2020-01-12,,12063,845704,2
1381280,2019-12-22,2020-01-12,,12288,346629,2
1381281,2019-12-22,2020-01-12,,12688,548018,2
1381282,2019-12-22,2020-01-12,,12688,559508,2
1381283,2019-12-22,2020-01-12,,12688,708286,2
1381284,2019-12-22,2020-01-12,,12742,125916,2
1381285,2019-12-22,2020-01-12,,12846,77213,2
1381286,2019-12-22,2020-01-12,,12846,267126,2
1381287,2019-12-22,2020-01-12,,12846,637622,2
1381288,2019-12-22,2020-01-12,,13091,311913,2
1381289,2019-12-22,2020-01-12,,13091,572590,2
1381290,2019-12-22,2020-01-12,,13091,927339,2
1381291,2019-12-22,2020-01-12,,13159,101063,2
1381292,2019-12-22,2020-01-12,,13239,164353,2
1381293,2019-12-22,2020-01-12,,13244,471222,2
1381294,2019-12-22,2020-01-12,,13276,504920,2
1381295,2019-12-22,2020-01-12,,13340,684573,2
1381296,2019-12-22,2020-01-12,,13340,736869,2
1381297,2019-12-22,2020-01-12,,13340,745878,2
1381298,2019-12-22,2020-01-12,,13378,29837,2
1381299,2019-12-22,2020-01-12,,13602,61332,2
1381300,2019-12-22,2020-01-12,,13668,807070,2
1381301,2019-12-22,2020-01-12,,13869,211090,2
1381302,2019-12-22,2020-01-12,,14053,769730,2
1381303,2019-12-22,2020-01-12,,14078,694935,2
1381304,2019-12-22,2020-01-12,,14086,745867,2
1381305,2019-12-22,2020-01-12,,14132,822123,2
1381306,2019-12-22,2020-01-12,,14132,890251,2
1381307,2019-12-22,2020-01-12,,14270,732906,2
1381308,2019-12-22,2020-01-12,,14329,299501,2
1381309,2019-12-22,2020-01-12,,14391,369964,2
1381310,2019-12-22,2020-01-12,,14423,391735,2
1381311,2019-12-22,2020-01-12,,14686,377000,2
1381312,2019-12-22,2020-01-12,,14766,411469,2
1381313,2019-12-22,2020-01-12,,14830,698956,2
1381314,2019-12-22,2020-01-12,,14864,5015,2
1381315,2019-12-22,2020-01-12,,14867,113744,2
1381316,2019-12-22,2020-01-12,,15153,379859,2
1381317,2019-12-22,2020-01-12,,15201,444341,2
1381318,2019-12-22,2020-01-12,,15324,255589,2
1381319,2019-12-22,2020-01-12,,15567,173555,2
1381320,2019-12-22,2020-01-12,,15602,221869,2
1381321,2019-12-22,2020-01-12,,15835,410728,2
1381322,2019-12-22,2020-01-12,,15835,720527,2
1381323,2019-12-22,2020-01-12,,15835,793555,2
1381324,2019-12-22,2020-01-12,,15864,699580,2
1381325,2019-12-22,2020-01-12,,15886,82065,2
1381326,2019-12-22,2020-01-12,,15977,564463,2
1381327,2019-12-22,2020-01-12,,16145,305713,2
1381328,2019-12-22,2020-01-12,,16348,539111,2
1381329,2019-12-22,2020-01-12,,16405,826278,2
1381330,2019-12-22,2020-01-12,,16606,480969,2
1381331,2019-12-22,2020-01-12,,16849,848715,2
1381332,2019-12-22,2020-01-12,,17029,938249,2
1381333,2019-12-22,2020-01-12,,17035,425362,2
1381334,2019-12-22,2020-01-12,,17053,704408,2
1381335,2019-12-22,2020-01-12,,17119,254456,2
1381336,2019-12-22,2020-01-12,,17236,699186,2
1381337,2019-12-22,2020-01-12,,17277,814241,2
1381338,2019-12-22,2020-01-12,,17322,851684,2
1381339,2019-12-22,2020-01-12,,17423,914890,2
1381340,2019-12-22,2020-01-12,,17511,908443,2
1381341,2019-12-22,2020-01-12,,17619,387376,2
1381342,2019-12-22,2020-01-12,,17680,349084,2
1381343,2019-12-22,2020-01-12,,17946,943793,2
1381344,2019-12-22,2020-01-12,,17991,398951,2
1381345,2019-12-22,2020-01-12,,18004,255515,2
1381346,2019-12-22,2020-01-12,,18030,762138,2
1381347,2019-12-22,2020-01-12,,18329,569358,2
1381348,2019-12-22,2020-01-12,,18334,888275,2
1381349,2019-12-22,2020-01-12,,18673,495436,2
1381350,2019-12-22,2020-01-12,,18690,316073,2
1381351,2019-12-22,2020-01-12,,18690,497350,2
1381352,2019-12-22,2020-01-12,,18759,3407,2
1381353,2019-12-22,2020-01-12,,18759,219583,2
1381354,2019-12-22,2020-01-12,,18759,278459,2
1381355,2019-12-22,2020-01-12,,18759,338993,2
1381356,2019-12-22,2020-01-12,,18759,362632,2
1381357,2019-12-22,2020-01-12,,18759,400453,2
1381358,2019-12-22,2020-01-12,,18759,482368,2
1381359,2019-12-22,2020-01-12,,18759,567812,2
1381360,2019-12-22,2020-01-12,,18759,621383,2
1381361,2019-12-22,2020-01-12,,18759,758722,2
1381362,2019-12-22,2020-01-12,,18759,874074,2
1381363,2019-12-22,2020-01-12,,18849,363151,2
1381364,2019-12-22,2020-01-12,,18860,151402,2
1381365,2019-12-22,2020-01-12,,18860,362927,2
1381366,2019-12-22,2020-01-12,,18860,545712,2
1381367,2019-12-22,2020-01-12,,18860,709907,2
1381368,2019-12-22,2020-01-12,,19164,282159,2
1381369,2019-12-22,2020-01-12,,19273,316712,2
1381370,2019-12-22,2020-01-12,,19296,780799,2
1381371,2019-12-22,2020-01-12,,19489,88060,2
1381372,2019-12-22,2020-01-12,,19505,725580,2
1381373,2019-12-22,2020-01-12,,19582,64045,2
1381374,2019-12-22,2020-01-12,,19582,154309,2
1381375,2019-12-22,2020-01-12,,19582,373949,2
1381376,2019-12-22,2020-01-12,,19582,709411,2
1381377,2019-12-22,2020-01-12,,19862,254732,2
1381378,2019-12-22,2020-01-12,,19874,688811,2
1381379,2019-12-22,2020-01-12,,20209,917036,2
1381380,2019-12-22,2020-01-12,,20221,876411,2
1381381,2019-12-22,2020-01-12,,20236,790066,2
1381382,2019-12-22,2020-01-12,,20377,513257,2
1381383,2019-12-22,2020-01-12,,20488,382723,2
1381384,2019-12-22,2020-01-12,,20527,143093,2
1381385,2019-12-22,2020-01-12,,20640,18268,2
1381386,2019-12-22,2020-01-12,,21325,495437,2
1381387,2019-12-22,2020-01-12,,21520,928972,2
1381388,2019-12-22,2020-01-12,,21741,250674,2
1381389,2019-12-22,2020-01-12,,21753,644271,2
1381390,2019-12-22,2020-01-12,,21765,506680,2
1381391,2019-12-22,2020-01-12,,21788,945806,2
1381392,2019-12-22,2020-01-12,,21888,546380,2
1381393,2019-12-22,2020-01-12,,22081,566921,2
1381394,2019-12-22,2020-01-12,,22206,119536,2
1381395,2019-12-22,2020-01-12,,22537,725952,2
1381396,2019-12-22,2020-01-12,,22644,524231,2
1381397,2019-12-22,2020-01-12,,22711,204538,2
1381398,2019-12-22,2020-01-12,,22777,603073,2
1381399,2019-12-22,2020-01-12,,22923,626452,2
1381400,2019-12-22,2020-01-12,,23166,403107,2
1381401,2019-12-22,2020-01-12,,23349,360324,2
1381402,2019-12-22,2020-01-12,,23365,918514,2
1381403,2019-12-22,2020-01-12,,23398,818527,2
1381404,2019-12-22,2020-01-12,,23706,524084,2
1381405,2019-12-22,2020-01-12,,23750,455569,2
1381406,2019-12-22,2020-01-12,,23885,870640,2
1381407,2019-12-22,2020-01-12,,24067,547409,2
1381408,2019-12-22,2020-01-12,,24127,512117,2
1381409,2019-12-22,2020-01-12,,24243,621570,2
1381410,2019-12-22,2020-01-12,,24243,844916,2
1381411,2019-12-22,2020-01-12,,24258,548197,2
1381412,2019-12-22,2020-01-12,,24267,645982,2
1381413,2019-12-22,2020-01-12,,24386,411069,2
1381414,2019-12-22,2020-01-12,,24438,717452,2
1381415,2019-12-22,2020-01-12,,24452,758499,2
1381416,2019-12-22,2020-01-12,,24612,559556,2
1381417,2019-12-22,2020-01-12,,24645,104158,2
1381418,2019-12-22,2020-01-12,,24704,925592,2
1381419,2019-12-22,2020-01-12,,24783,26461,2
1381420,2019-12-22,2020-01-12,,24869,380886,2
1381421,2019-12-22,2020-01-12,,24971,388197,2
1381422,2019-12-22,2020-01-12,,25046,56060,2
1381423,2019-12-22,2020-01-12,,25139,306009,2
1381424,2019-12-22,2020-01-12,,25312,553696,2
1381425,2019-12-22,2020-01-12,,25404,331074,2
1381426,2019-12-22,2020-01-12,,25491,665718,2
1381427,2019-12-22,2020-01-12,,25541,500645,2
1381428,2019-12-22,2020-01-12,,25839,244423,2
1381429,2019-12-22,2020-01-12,,26103,698867,2
1381430,2019-12-22,2020-01-12,,26254,116527,2
1381431,2019-12-22,2020-01-12,,26522,202922,2
1381432,2019-12-22,2020-01-12,,26592,422824,2
1381433,2019-12-22,2020-01-12,,27014,499193,2
1381434,2019-12-22,2020-01-12,,27081,797429,2
1381435,2019-12-22,2020-01-12,,27401,103803,2
1381436,2019-12-22,2020-01-12,,27807,34790,2
1381437,2019-12-22,2020-01-12,,27877,227024,2
1381438,2019-12-22,2020-01-12,,28016,218887,2
1381439,2019-12-22,2020-01-12,,28029,309350,2
1381440,2019-12-22,2020-01-12,,28029,419669,2
1381441,2019-12-22,2020-01-12,,28029,571814,2
1381442,2019-12-22,2020-01-12,,28029,698359,2
1381443,2019-12-22,2020-01-12,,28029,826707,2
1381444,2019-12-22,2020-01-12,,28029,836749,2
1381445,2019-12-22,2020-01-12,,28098,65104,2
1381446,2019-12-22,2020-01-12,,28288,514236,2
1381447,2019-12-22,2020-01-12,,28384,160890,2
1381448,2019-12-22,2020-01-12,,28462,687085,2
1381449,2019-12-22,2020-01-12,,28479,823407,2
1381450,2019-12-22,2020-01-12,,28559,814568,2
1381451,2019-12-22,2020-01-12,,28571,442114,2
1381452,2019-12-22,2020-01-12,,28752,597329,2
1381453,2019-12-22,2020-01-12,,28962,409687,2
1381454,2019-12-22,2020-01-12,,29167,603201,2
1381455,2019-12-22,2020-01-12,,29450,646421,2
1381456,2019-12-22,2020-01-12,,29470,683229,2
1381457,2019-12-22,2020-01-12,,29594,343704,2
1381458,2019-12-22,2020-01-12,,29701,299912,2
1381459,2019-12-22,2020-01-12,,29716,688367,2
1381460,2019-12-22,2020-01-12,,29728,96069,2
1381461,2019-12-22,2020-01-12,,29728,548262,2
1381462,2019-12-22,2020-01-12,,29764,434927,2
1381463,2019-12-22,2020-01-12,,30056,740995,2
1381464,2019-12-22,2020-01-12,,30091,666460,2
1381465,2019-12-22,2020-01-12,,30174,73392,2
1381466,2019-12-22,2020-01-12,,30384,429524,2
1381467,2019-12-22,2020-01-12,,30447,321248,2
1381468,2019-12-22,2020-01-12,,30709,571362,2
1381469,2019-12-22,2020-01-12,,30766,381003,2
1381470,2019-12-22,2020-01-12,,30838,621587,2
1381471,2019-12-22,2020-01-12,,30862,609141,2
1381472,2019-12-22,2020-01-12,,30989,25448,2
1381473,2019-12-22,2020-01-12,,31212,43625,2
1381474,2019-12-22,2020-01-12,,31212,175125,2
1381475,2019-12-22,2020-01-12,,31228,836835,2
1381476,2019-12-22,2020-01-12,,31550,546923,2
1381477,2019-12-22,2020-01-12,,31649,516133,2
1381478,2019-12-22,2020-01-12,,31697,233727,2
1381479,2019-12-22,2020-01-12,,31842,372778,2
1381480,2019-12-22,2020-01-12,,31842,456958,2
1381481,2019-12-22,2020-01-12,,31882,10571,2
1381482,2019-12-22,2020-01-12,,31882,688078,2
1381483,2019-12-22,2020-01-12,,31882,846880,2
1381484,2019-12-22,2020-01-12,,31923,324095,2
1381485,2019-12-22,2020-01-12,,31929,425291,2
1381486,2019-12-22,2020-01-12,,32050,614417,2
1381487,2019-12-22,2020-01-12,,32090,51809,2
1381488,2019-12-22,2020-01-12,,32090,124701,2
1381489,2019-12-22,2020-01-12,,32090,221448,2
1381490,2019-12-22,2020-01-12,,32090,337179,2
1381491,2019-12-22,2020-01-12,,32090,881357,2
1381492,2019-12-22,2020-01-12,,32211,445434,2
1381493,2019-12-22,2020-01-12,,32214,113969,2
1381494,2019-12-22,2020-01-12,,32217,589347,2
1381495,2019-12-22,2020-01-12,,32317,936162,2
1381496,2019-12-22,2020-01-12,,32544,788320,2
1381497,2019-12-22,2020-01-12,,32863,313047,2
1381498,2019-12-22,2020-01-12,,33034,10194,2
1381499,2019-12-22,2020-01-12,,33080,337557,2
1381500,2019-12-22,2020-01-12,,33161,26883,2
1381501,2019-12-22,2020-01-12,,33169,756977,2
1381502,2019-12-22,2020-01-12,,33192,541181,2
1381503,2019-12-22,2020-01-12,,33355,274193,2
1381504,2019-12-22,2020-01-12,,33416,329773,2
1381505,2019-12-22,2020-01-12,,33533,188228,2
1381506,2019-12-22,2020-01-12,,33667,634338,2
1381507,2019-12-22,2020-01-12,,33904,471315,2
1381508,2019-12-22,2020-01-12,,34011,188243,2
1381509,2019-12-22,2020-01-12,,34074,194156,2
1381510,2019-12-22,2020-01-12,,34074,202436,2
1381511,2019-12-22,2020-01-12,,34074,245103,2
1381512,2019-12-22,2020-01-12,,34111,573530,2
1381513,2019-12-22,2020-01-12,,34313,794121,2
1381514,2019-12-22,2020-01-12,,34510,835982,2
1381515,2019-12-22,2020-01-12,,34563,171402,2
1381516,2019-12-22,2020-01-12,,34679,211868,2
1381517,2019-12-22,2020-01-12,,34837,211058,2
1381518,2019-12-22,2020-01-12,,34837,504953,2
1381519,2019-12-22,2020-01-12,,34837,893749,2
1381520,2019-12-22,2020-01-12,,34850,839648,2
1381521,2019-12-22,2020-01-12,,34850,927468,2
1381522,2019-12-22,2020-01-12,,34881,3654,2
1381523,2019-12-22,2020-01-12,,34987,66193,2
1381524,2019-12-22,2020-01-12,,35352,638504,2
1381525,2019-12-22,2020-01-12,,35366,281063,2
1381526,2019-12-22,2020-01-12,,35601,715905,2
1381527,2019-12-22,2020-01-12,,35606,612241,2
1381528,2019-12-22,2020-01-12,,35636,227911,2
1381529,2019-12-22,2020-01-12,,35716,399403,2
1381530,2019-12-22,2020-01-12,,35788,147585,2
1381531,2019-12-22,2020-01-12,,35792,183042,2
1381532,2019-12-22,2020-01-12,,35792,233697,2
1381533,2019-12-22,2020-01-12,,35832,600980,2
1381534,2019-12-22,2020-01-12,,35932,681593,2
1381535,2019-12-22,2020-01-12,,36395,127921,2
1381536,2019-12-22,2020-01-12,,36435,775861,2
1381537,2019-12-22,2020-01-12,,36577,204773,2
1381538,2019-12-22,2020-01-12,,36606,378210,2
1381539,2019-12-22,2020-01-12,,36663,546774,2
1381540,2019-12-22,2020-01-12,,36783,301559,2
1381541,2019-12-22,2020-01-12,,36849,955353,2
1381542,2019-12-22,2020-01-12,,36899,511124,2
1381543,2019-12-22,2020-01-12,,36928,97077,2
1381544,2019-12-22,2020-01-12,,36941,74035,2
1381545,2019-12-22,2020-01-12,,36941,395773,2
1381546,2019-12-22,2020-01-12,,36955,896003,2
1381547,2019-12-22,2020-01-12,,36960,859749,2
1381548,2019-12-22,2020-01-12,,37047,682338,2
1381549,2019-12-22,2020-01-12,,37132,686761,2
1381550,2019-12-22,2020-01-12,,37261,896328,2
1381551,2019-12-22,2020-01-12,,37466,125902,2
1381552,2019-12-22,2020-01-12,,37635,186908,2
1381553,2019-12-22,2020-01-12,,37948,361071,2
1381554,2019-12-22,2020-01-12,,38003,815883,2
1381555,2019-12-22,2020-01-12,,38010,844976,2
1381556,2019-12-22,2020-01-12,,38062,545027,2
1381557,2019-12-22,2020-01-12,,38101,364813,2
1381558,2019-12-22,2020-01-12,,38306,561628,2
1381559,2019-12-22,2020-01-12,,38461,566386,2
1381560,2019-12-22,2020-01-12,,38588,553783,2
1381561,2019-12-22,2020-01-12,,38594,215792,2
1381562,2019-12-22,2020-01-12,,38731,432832,2
1381563,2019-12-22,2020-01-12,,38849,801916,2
1381564,2019-12-22,2020-01-12,,38875,469375,2
1381565,2019-12-22,2020-01-12,,38954,504263,2
1381566,2019-12-22,2020-01-12,,39025,61485,2
1381567,2019-12-22,2020-01-12,,39112,857879,2
1381568,2019-12-22,2020-01-12,,39143,40541,2
1381569,2019-12-22,2020-01-12,,39160,689208,2
1381570,2019-12-22,2020-01-12,,39160,832542,2
1381571,2019-12-22,2020-01-12,,39199,771581,2
1381572,2019-12-22,2020-01-12,,39312,673886,2
1381573,2019-12-22,2020-01-12,,39344,633456,2
1381574,2019-12-22,2020-01-12,,39733,558972,2
1381575,2019-12-22,2020-01-12,,39774,644890,2
1381576,2019-12-22,2020-01-12,,39942,819333,2
1381577,2019-12-22,2020-01-12,,40080,764039,2
1381578,2019-12-22,2020-01-12,,40218,742126,2
1381579,2019-12-22,2020-01-12,,40244,103411,2
1381580,2019-12-22,2020-01-12,,40289,401113,2
1381581,2019-12-22,2020-01-12,,40572,195781,2
1381582,2019-12-22,2020-01-12,,40689,661644,2
1381583,2019-12-22,2020-01-12,,40712,385664,2
1381584,2019-12-22,2020-01-12,,40712,726112,2
1381585,2019-12-22,2020-01-12,,40815,18289,2
1381586,2019-12-22,2020-01-12,,40975,39052,2
1381587,2019-12-22,2020-01-12,,40975,487808,2
1381588,2019-12-22,2020-01-12,,40975,816604,2
1381589,2019-12-22,2020-01-12,,40991,917971,2
1381590,2019-12-22,2020-01-12,,41000,521040,2
1381591,2019-12-22,2020-01-12,,41034,86908,2
1381592,2019-12-22,2020-01-12,,41183,95026,2
1381593,2019-12-22,2020-01-12,,41512,933725,2
1381594,2019-12-22,2020-01-12,,41550,353174,2
1381595,2019-12-22,2020-01-12,,41576,620593,2
1381596,2019-12-22,2020-01-12,,41634,404144,2
1381597,2019-12-22,2020-01-12,,41671,505502,2
1381598,2019-12-22,2020-01-12,,41827,728122,2
1381599,2019-12-22,2020-01-12,,41827,898314,2
1381600,2019-12-22,2020-01-12,,41997,212610,2
1381601,2019-12-22,2020-01-12,,42004,421396,2
1381602,2019-12-22,2020-01-12,,42224,299620,2
1381603,2019-12-22,2020-01-12,,42226,548882,2
1381604,2019-12-22,2020-01-12,,42554,871499,2
1381605,2019-12-22,2020-01-12,,42557,671382,2
1381606,2019-12-22,2020-01-12,,42580,642888,2
1381607,2019-12-22,2020-01-12,,42582,869173,2
1381608,2019-12-22,2020-01-12,,42622,662913,2
1381609,2019-12-22,2020-01-12,,42622,739767,2
1381610,2019-12-22,2020-01-12,,42648,515550,2
1381611,2019-12-22,2020-01-12,,42726,923352,2
1381612,2019-12-22,2020-01-12,,42768,906460,2
1381613,2019-12-22,2020-01-12,,42826,518152,2
1381614,2019-12-22,2020-01-12,,42870,759214,2
1381615,2019-12-22,2020-01-12,,42917,698868,2
1381616,2019-12-22,2020-01-12,,42932,649250,2
1381617,2019-12-22,2020-01-12,,42943,487988,2
1381618,2019-12-22,2020-01-12,,42943,543149,2
1381619,2019-12-22,2020-01-12,,42979,815258,2
1381620,2019-12-22,2020-01-12,,42979,891789,2
1381621,2019-12-22,2020-01-12,,42992,413560,2
1381622,2019-12-22,2020-01-12,,43068,460093,2
1381623,2019-12-22,2020-01-12,,43145,454892,2
1381624,2019-12-22,2020-01-12,,43209,42675,2
1381625,2019-12-22,2020-01-12,,43209,107283,2
1381626,2019-12-22,2020-01-12,,43209,415911,2
1381627,2019-12-22,2020-01-12,,43209,427770,2
1381628,2019-12-22,2020-01-12,,43209,435334,2
1381629,2019-12-22,2020-01-12,,43209,606531,2
1381630,2019-12-22,2020-01-12,,43209,780029,2
1381631,2019-12-22,2020-01-12,,43209,898072,2
1381632,2019-12-22,2020-01-12,,43416,903068,2
1381633,2019-12-22,2020-01-12,,43564,241308,2
1381634,2019-12-22,2020-01-12,,43564,253470,2
1381635,2019-12-22,2020-01-12,,43578,512043,2
1381636,2019-12-22,2020-01-12,,43615,523269,2
1381637,2019-12-22,2020-01-12,,43788,790616,2
1381638,2019-12-22,2020-01-12,,44286,342248,2
1381639,2019-12-22,2020-01-12,,44437,275016,2
1381640,2019-12-22,2020-01-12,,44572,757129,2
1381641,2019-12-22,2020-01-12,,44603,341074,2
1381642,2019-12-22,2020-01-12,,44700,249133,2
1381643,2019-12-22,2020-01-12,,44859,642305,2
1381644,2019-12-22,2020-01-12,,44928,490451,2
1381645,2019-12-22,2020-01-12,,44951,475492,2
1381646,2019-12-22,2020-01-12,,45013,502726,2
1381647,2019-12-22,2020-01-12,,45127,92118,2
1381648,2019-12-22,2020-01-12,,45209,762219,2
1381649,2019-12-22,2020-01-12,,45212,364770,2
1381650,2019-12-22,2020-01-12,,45378,923975,2
1381651,2019-12-22,2020-01-12,,45381,484183,2
1381652,2019-12-22,2020-01-12,,45399,641602,2
1381653,2019-12-22,2020-01-12,,45739,579549,2
1381654,2019-12-22,2020-01-12,,45759,670599,2
1381655,2019-12-22,2020-01-12,,45775,632960,2
1381656,2019-12-22,2020-01-12,,45956,197170,2
1381657,2019-12-22,2020-01-12,,46125,112242,2
1381658,2019-12-22,2020-01-12,,46125,609948,2
1381659,2019-12-22,2020-01-12,,46169,214915,2
1381660,2019-12-22,2020-01-12,,46188,559024,2
1381661,2019-12-22,2020-01-12,,46261,197373,2
1381662,2019-12-22,2020-01-12,,46282,356289,2
1381663,2019-12-22,2020-01-12,,46282,361192,2
1381664,2019-12-22,2020-01-12,,46486,604284,2
1381665,2019-12-22,2020-01-12,,46665,565823,2
1381666,2019-12-22,2020-01-12,,46964,428045,2
1381667,2019-12-22,2020-01-12,,47101,266850,2
1381668,2019-12-22,2020-01-12,,47135,175865,2
1381669,2019-12-22,2020-01-12,,47135,557724,2
1381670,2019-12-22,2020-01-12,,47230,835151,2
1381671,2019-12-22,2020-01-12,,47592,926881,2
1381672,2019-12-22,2020-01-12,,47627,627914,2
1381673,2019-12-22,2020-01-12,,47739,136415,2
1381674,2019-12-22,2020-01-12,,47747,96259,2
1381675,2019-12-22,2020-01-12,,47755,594945,2
1381676,2019-12-22,2020-01-12,,47758,843606,2
1381677,2019-12-22,2020-01-12,,47771,518900,2
1381678,2019-12-22,2020-01-12,,47839,104431,2
1381679,2019-12-22,2020-01-12,,47906,305586,2
1381680,2019-12-22,2020-01-12,,47995,186077,2
1381681,2019-12-22,2020-01-12,,48210,387246,2
1381682,2019-12-22,2020-01-12,,48244,863657,2
1381683,2019-12-22,2020-01-12,,48274,566028,2
1381684,2019-12-22,2020-01-12,,48423,17333,2
1381685,2019-12-22,2020-01-12,,48654,955466,2
1381686,2019-12-22,2020-01-12,,48808,679485,2
1381687,2019-12-22,2020-01-12,,48819,68843,2
1381688,2019-12-22,2020-01-12,,48846,616507,2
1381689,2019-12-22,2020-01-12,,49053,262519,2
1381690,2019-12-22,2020-01-12,,49487,148126,2
1381691,2019-12-22,2020-01-12,,49633,514994,2
1381692,2019-12-22,2020-01-12,,49785,633274,2
1381693,2019-12-22,2020-01-12,,49833,21915,2
1381694,2019-12-22,2020-01-12,,49833,55222,2
1381695,2019-12-22,2020-01-12,,49833,75864,2
1381696,2019-12-22,2020-01-12,,49833,92926,2
1381697,2019-12-22,2020-01-12,,49833,137792,2
1381698,2019-12-22,2020-01-12,,49833,258245,2
1381699,2019-12-22,2020-01-12,,49833,527427,2
1381700,2019-12-22,2020-01-12,,49833,582147,2
1381701,2019-12-22,2020-01-12,,49833,604928,2
1381702,2019-12-22,2020-01-12,,49842,636874,2
1381703,2019-12-22,2020-01-12,,49944,41933,2
1381704,2019-12-22,2020-01-12,,49962,188189,2
1381705,2019-12-22,2020-01-12,,49962,229301,2
1381706,2019-12-22,2020-01-12,,49962,337151,2
1381707,2019-12-22,2020-01-12,,49962,421430,2
1381708,2019-12-22,2020-01-12,,49962,719023,2
1381709,2019-12-22,2020-01-12,,50115,188229,2
1381710,2019-12-22,2020-01-12,,50262,544857,2
1381711,2019-12-22,2020-01-12,,50436,476042,2
1381712,2019-12-22,2020-01-12,,50538,812858,2
1381713,2019-12-22,2020-01-12,,50637,712161,2
1381714,2019-12-22,2020-01-12,,50663,244741,2
1381715,2019-12-22,2020-01-12,,50663,297646,2
1381716,2019-12-22,2020-01-12,,50663,622061,2
1381717,2019-12-22,2020-01-12,,50663,651287,2
1381718,2019-12-22,2020-01-12,,50663,822898,2
1381719,2019-12-22,2020-01-12,,50663,909266,2
1381720,2019-12-22,2020-01-12,,50781,406989,2
1381721,2019-12-22,2020-01-12,,50781,786038,2
1381722,2019-12-22,2020-01-12,,50781,828942,2
1381723,2019-12-22,2020-01-12,,50783,342935,2
1381724,2019-12-22,2020-01-12,,50795,147271,2
1381725,2019-12-22,2020-01-12,,50893,923157,2
1381726,2019-12-22,2020-01-12,,50987,72245,2
1381727,2019-12-22,2020-01-12,,51064,245930,2
1381728,2019-12-22,2020-01-12,,51319,175542,2
1381729,2019-12-22,2020-01-12,,51356,599615,2
1381730,2019-12-22,2020-01-12,,51377,248769,2
1381731,2019-12-22,2020-01-12,,51377,695015,2
1381732,2019-12-22,2020-01-12,,51377,837519,2
1381733,2019-12-22,2020-01-12,,51443,762859,2
1381734,2019-12-22,2020-01-12,,51447,745410,2
1381735,2019-12-22,2020-01-12,,51532,70505,2
1381736,2019-12-22,2020-01-12,,51597,806637,2
1381737,2019-12-22,2020-01-12,,51686,88176,2
1381738,2019-12-22,2020-01-12,,51699,903640,2
1381739,2019-12-22,2020-01-12,,51926,240771,2
1381740,2019-12-22,2020-01-12,,51929,146764,2
1381741,2019-12-22,2020-01-12,,52073,696024,2
1381742,2019-12-22,2020-01-12,,52276,61982,2
1381743,2019-12-22,2020-01-12,,52284,670678,2
1381744,2019-12-22,2020-01-12,,52330,20595,2
1381745,2019-12-22,2020-01-12,,52420,126240,2
1381746,2019-12-22,2020-01-12,,52437,323569,2
1381747,2019-12-22,2020-01-12,,52458,4466,2
1381748,2019-12-22,2020-01-12,,52651,250996,2
1381749,2019-12-22,2020-01-12,,52791,609660,2
1381750,2019-12-22,2020-01-12,,52821,155096,2
1381751,2019-12-22,2020-01-12,,52821,503280,2
1381752,2019-12-22,2020-01-12,,52919,683164,2
1381753,2019-12-22,2020-01-12,,52941,903478,2
1381754,2019-12-22,2020-01-12,,52944,875605,2
1381755,2019-12-22,2020-01-12,,52984,775953,2
1381756,2019-12-22,2020-01-12,,53003,256153,2
1381757,2019-12-22,2020-01-12,,53045,191153,2
1381758,2019-12-22,2020-01-12,,53045,548263,2
1381759,2019-12-22,2020-01-12,,53108,670258,2
1381760,2019-12-22,2020-01-12,,53166,885236,2
1381761,2019-12-22,2020-01-12,,53327,220233,2
1381762,2019-12-22,2020-01-12,,53438,197127,2
1381763,2019-12-22,2020-01-12,,53477,92538,2
1381764,2019-12-22,2020-01-12,,53540,672748,2
1381765,2019-12-22,2020-01-12,,53683,492516,2
1381766,2019-12-22,2020-01-12,,53908,673400,2
1381767,2019-12-22,2020-01-12,,54070,5213,2
1381768,2019-12-22,2020-01-12,,54070,137505,2
1381769,2019-12-22,2020-01-12,,54120,635418,2
1381770,2019-12-22,2020-01-12,,54199,463247,2
1381771,2019-12-22,2020-01-12,,54413,571635,2
1381772,2019-12-22,2020-01-12,,54524,649882,2
1381773,2019-12-22,2020-01-12,,54540,337277,2
1381774,2019-12-22,2020-01-12,,54582,432109,2
1381775,2019-12-22,2020-01-12,,54609,598701,2
1381776,2019-12-22,2020-01-12,,54673,384075,2
1381777,2019-12-22,2020-01-12,,54698,287791,2
1381778,2019-12-22,2020-01-12,,54781,452663,2
1381779,2019-12-22,2020-01-12,,55021,901320,2
1381780,2019-12-22,2020-01-12,,55156,222148,2
1381781,2019-12-22,2020-01-12,,55288,872074,2
1381782,2019-12-22,2020-01-12,,55371,81654,2
1381783,2019-12-22,2020-01-12,,55483,887905,2
1381784,2019-12-22,2020-01-12,,55498,139664,2
1381785,2019-12-22,2020-01-12,,55751,175126,2
1381786,2019-12-22,2020-01-12,,55932,659119,2
1381787,2019-12-22,2020-01-12,,55976,560150,2
1381788,2019-12-22,2020-01-12,,56433,365178,2
1381789,2019-12-22,2020-01-12,,56501,411678,2
1381790,2019-12-22,2020-01-12,,56517,249044,2
1381791,2019-12-22,2020-01-12,,56517,934712,2
1381792,2019-12-22,2020-01-12,,56693,301316,2
1381793,2019-12-22,2020-01-12,,56738,837175,2
1381794,2019-12-22,2020-01-12,,56919,145587,2
1381795,2019-12-22,2020-01-12,,56919,895165,2
1381796,2019-12-22,2020-01-12,,56922,384934,2
1381797,2019-12-22,2020-01-12,,56997,470641,2
1381798,2019-12-22,2020-01-12,,57058,555982,2
1381799,2019-12-22,2020-01-12,,57066,169023,2
1381800,2019-12-22,2020-01-12,,57069,614367,2
1381801,2019-12-22,2020-01-12,,57183,606398,2
1381802,2019-12-22,2020-01-12,,57202,191136,2
1381803,2019-12-22,2020-01-12,,57214,524868,2
1381804,2019-12-22,2020-01-12,,57252,876256,2
1381805,2019-12-22,2020-01-12,,57331,71108,2
1381806,2019-12-22,2020-01-12,,57331,98518,2
1381807,2019-12-22,2020-01-12,,57494,750432,2
1381808,2019-12-22,2020-01-12,,57578,715065,2
1381809,2019-12-22,2020-01-12,,57600,144553,2
1381810,2019-12-22,2020-01-12,,57633,870079,2
1381811,2019-12-22,2020-01-12,,57637,173403,2
1381812,2019-12-22,2020-01-12,,57869,695694,2
1381813,2019-12-22,2020-01-12,,57870,641409,2
1381814,2019-12-22,2020-01-12,,57870,897421,2
1381815,2019-12-22,2020-01-12,,58222,806547,2
1381816,2019-12-22,2020-01-12,,58331,478202,2
1381817,2019-12-22,2020-01-12,,58415,238843,2
1381818,2019-12-22,2020-01-12,,58641,432883,2
1381819,2019-12-22,2020-01-12,,58804,201377,2
1381820,2019-12-22,2020-01-12,,58804,421442,2
1381821,2019-12-22,2020-01-12,,58804,900311,2
1381822,2019-12-22,2020-01-12,,58868,384349,2
1381823,2019-12-22,2020-01-12,,58868,606538,2
1381824,2019-12-22,2020-01-12,,59004,382943,2
1381825,2019-12-22,2020-01-12,,59104,441562,2
1381826,2019-12-22,2020-01-12,,59122,366436,2
1381827,2019-12-22,2020-01-12,,59140,901186,2
1381828,2019-12-22,2020-01-12,,59462,766038,2
1381829,2019-12-22,2020-01-12,,59502,438542,2
1381830,2019-12-22,2020-01-12,,59547,384663,2
1381831,2019-12-22,2020-01-12,,59722,452698,2
1381832,2019-12-22,2020-01-12,,59742,241317,2
1381833,2019-12-22,2020-01-12,,59763,725638,2
1381834,2019-12-22,2020-01-12,,60033,662610,2
1381835,2019-12-22,2020-01-12,,60213,433677,2
1381836,2019-12-22,2020-01-12,,60357,34377,2
1381837,2019-12-22,2020-01-12,,60357,753596,2
1381838,2019-12-22,2020-01-12,,60374,836914,2
1381839,2019-12-22,2020-01-12,,60523,720154,2
1381840,2019-12-22,2020-01-12,,60523,801024,2
1381841,2019-12-22,2020-01-12,,60591,188230,2
1381842,2019-12-22,2020-01-12,,60591,410224,2
1381843,2019-12-22,2020-01-12,,60659,542714,2
1381844,2019-12-22,2020-01-12,,60868,681752,2
1381845,2019-12-22,2020-01-12,,60868,838737,2
1381846,2019-12-22,2020-01-12,,60905,556201,2
1381847,2019-12-22,2020-01-12,,60944,597715,2
1381848,2019-12-22,2020-01-12,,61034,399632,2
1381849,2019-12-22,2020-01-12,,61073,692271,2
1381850,2019-12-22,2020-01-12,,61094,407788,2
1381851,2019-12-22,2020-01-12,,61185,710359,2
1381852,2019-12-22,2020-01-12,,61281,436673,2
1381853,2019-12-22,2020-01-12,,61283,425819,2
1381854,2019-12-22,2020-01-12,,61365,384094,2
1381855,2019-12-22,2020-01-12,,61516,91883,2
1381856,2019-12-22,2020-01-12,,61538,212403,2
1381857,2019-12-22,2020-01-12,,61949,792925,2
1381858,2019-12-22,2020-01-12,,62270,900450,2
1381859,2019-12-22,2020-01-12,,62335,427664,2
1381860,2019-12-22,2020-01-12,,62335,446021,2
1381861,2019-12-22,2020-01-12,,62392,217489,2
1381862,2019-12-22,2020-01-12,,62476,386890,2
1381863,2019-12-22,2020-01-12,,62525,446409,2
1381864,2019-12-22,2020-01-12,,62572,9807,2
1381865,2019-12-22,2020-01-12,,62582,438891,2
1381866,2019-12-22,2020-01-12,,62719,189024,2
1381867,2019-12-22,2020-01-12,,62755,120158,2
1381868,2019-12-22,2020-01-12,,62777,633444,2
1381869,2019-12-22,2020-01-12,,62888,612957,2
1381870,2019-12-22,2020-01-12,,62942,488645,2
1381871,2019-12-22,2020-01-12,,63108,453853,2
1381872,2019-12-22,2020-01-12,,63112,454174,2
1381873,2019-12-22,2020-01-12,,63261,145140,2
1381874,2019-12-22,2020-01-12,,63290,783693,2
1381875,2019-12-22,2020-01-12,,63291,305117,2
1381876,2019-12-22,2020-01-12,,63610,457940,2
1381877,2019-12-22,2020-01-12,,63839,350258,2
1381878,2019-12-22,2020-01-12,,64081,428333,2
1381879,2019-12-22,2020-01-12,,64123,648762,2
1381880,2019-12-22,2020-01-12,,64193,136876,2
1381881,2019-12-22,2020-01-12,,64286,348891,2
1381882,2019-12-22,2020-01-12,,64436,365663,2
1381883,2019-12-22,2020-01-12,,64436,532170,2
1381884,2019-12-22,2020-01-12,,64436,804023,2
1381885,2019-12-22,2020-01-12,,64501,566000,2
1381886,2019-12-22,2020-01-12,,64789,896199,2
1381887,2019-12-22,2020-01-12,,64900,347221,2
1381888,2019-12-22,2020-01-12,,64902,132075,2
1381889,2019-12-22,2020-01-12,,64902,134995,2
1381890,2019-12-22,2020-01-12,,65615,191482,2
1381891,2019-12-22,2020-01-12,,65624,923072,2
1381892,2019-12-22,2020-01-12,,65771,506686,2
1381893,2019-12-22,2020-01-12,,65936,360217,2
1381894,2019-12-22,2020-01-12,,66127,944641,2
1381895,2019-12-22,2020-01-12,,66254,172649,2
1381896,2019-12-22,2020-01-12,,66341,215090,2
1381897,2019-12-22,2020-01-12,,66385,606517,2
1381898,2019-12-22,2020-01-12,,66414,819980,2
1381899,2019-12-22,2020-01-12,,66691,94119,2
1381900,2019-12-22,2020-01-12,,66766,824076,2
1381901,2019-12-22,2020-01-12,,66964,13039,2
1381902,2019-12-22,2020-01-12,,67233,761607,2
1381903,2019-12-22,2020-01-12,,67358,311579,2
1381904,2019-12-22,2020-01-12,,67472,445514,2
1381905,2019-12-22,2020-01-12,,67472,457153,2
1381906,2019-12-22,2020-01-12,,67472,926854,2
1381907,2019-12-22,2020-01-12,,67569,114055,2
1381908,2019-12-22,2020-01-12,,67569,137729,2
1381909,2019-12-22,2020-01-12,,67569,171541,2
1381910,2019-12-22,2020-01-12,,67569,199624,2
1381911,2019-12-22,2020-01-12,,67569,251331,2
1381912,2019-12-22,2020-01-12,,67569,258771,2
1381913,2019-12-22,2020-01-12,,67569,875836,2
1381914,2019-12-22,2020-01-12,,67571,41055,2
1381915,2019-12-22,2020-01-12,,67571,142968,2
1381916,2019-12-22,2020-01-12,,67571,201606,2
1381917,2019-12-22,2020-01-12,,67571,246233,2
1381918,2019-12-22,2020-01-12,,67571,579999,2
1381919,2019-12-22,2020-01-12,,67571,826273,2
1381920,2019-12-22,2020-01-12,,67583,455919,2
1381921,2019-12-22,2020-01-12,,67585,622640,2
1381922,2019-12-22,2020-01-12,,67595,674642,2
1381923,2019-12-22,2020-01-12,,67626,760467,2
1381924,2019-12-22,2020-01-12,,67641,565550,2
1381925,2019-12-22,2020-01-12,,67717,818303,2
1381926,2019-12-22,2020-01-12,,67764,759105,2
1381927,2019-12-22,2020-01-12,,67846,41931,2
1381928,2019-12-22,2020-01-12,,67849,402730,2
1381929,2019-12-22,2020-01-12,,67863,365621,2
1381930,2019-12-22,2020-01-12,,67890,925098,2
1381931,2019-12-22,2020-01-12,,68023,22949,2
1381932,2019-12-22,2020-01-12,,68025,89622,2
1381933,2019-12-22,2020-01-12,,68102,179201,2
1381934,2019-12-22,2020-01-12,,68104,335022,2
1381935,2019-12-22,2020-01-12,,68104,683275,2
1381936,2019-12-22,2020-01-12,,68198,76813,2
1381937,2019-12-22,2020-01-12,,68342,733723,2
1381938,2019-12-22,2020-01-12,,68499,793216,2
1381939,2019-12-22,2020-01-12,,68530,321254,2
1381940,2019-12-22,2020-01-12,,68558,765641,2
1381941,2019-12-22,2020-01-12,,68558,779312,2
1381942,2019-12-22,2020-01-12,,68558,873613,2
1381943,2019-12-22,2020-01-12,,68558,900323,2
1381944,2019-12-22,2020-01-12,,68624,73877,2
1381945,2019-12-22,2020-01-12,,68624,441062,2
1381946,2019-12-22,2020-01-12,,68624,891973,2
1381947,2019-12-22,2020-01-12,,68664,909223,2
1381948,2019-12-22,2020-01-12,,68798,538109,2
1381949,2019-12-22,2020-01-12,,69077,157289,2
1381950,2019-12-22,2020-01-12,,69098,697838,2
1381951,2019-12-22,2020-01-12,,69248,347390,2
1381952,2019-12-22,2020-01-12,,69365,577998,2
1381953,2019-12-22,2020-01-12,,69462,785824,2
1381954,2019-12-22,2020-01-12,,69465,469232,2
1381955,2019-12-22,2020-01-12,,69530,155098,2
1381956,2019-12-22,2020-01-12,,69530,772444,2
1381957,2019-12-22,2020-01-12,,69895,832162,2
1381958,2019-12-22,2020-01-12,,69924,206995,2
1381959,2019-12-22,2020-01-12,,70095,472392,2
1381960,2019-12-22,2020-01-12,,70122,621692,2
1381961,2019-12-22,2020-01-12,,70445,253692,2
1381962,2019-12-22,2020-01-12,,70885,463199,2
1381963,2019-12-22,2020-01-12,,70885,875964,2
1381964,2019-12-22,2020-01-12,,71020,476998,2
1381965,2019-12-22,2020-01-12,,71040,760943,2
1381966,2019-12-22,2020-01-12,,71159,730216,2
1381967,2019-12-22,2020-01-12,,71185,348858,2
1381968,2019-12-22,2020-01-12,,71319,893576,2
1381969,2019-12-22,2020-01-12,,71333,951462,2
1381970,2019-12-22,2020-01-12,,71434,832167,2
1381971,2019-12-22,2020-01-12,,71453,11823,2
1381972,2019-12-22,2020-01-12,,71619,243993,2
1381973,2019-12-22,2020-01-12,,71737,55475,2
1381974,2019-12-22,2020-01-12,,71835,572423,2
1381975,2019-12-22,2020-01-12,,71844,1747,2
1381976,2019-12-22,2020-01-12,,71877,853223,2
1381977,2019-12-22,2020-01-12,,72015,932408,2
1381978,2019-12-22,2020-01-12,,72039,627959,2
1381979,2019-12-22,2020-01-12,,72219,907755,2
1381980,2019-12-22,2020-01-12,,72225,911290,2
1381981,2019-12-22,2020-01-12,,72283,401337,2
1381982,2019-12-22,2020-01-12,,72315,846620,2
1381983,2019-12-22,2020-01-12,,72333,161231,2
1381984,2019-12-22,2020-01-12,,72333,825418,2
1381985,2019-12-22,2020-01-12,,72517,635853,2
1381986,2019-12-22,2020-01-12,,72577,864885,2
1381987,2019-12-22,2020-01-12,,72609,659685,2
1381988,2019-12-22,2020-01-12,,72746,382800,2
1381989,2019-12-22,2020-01-12,,72746,845013,2
1381990,2019-12-22,2020-01-12,,72915,319904,2
1381991,2019-12-22,2020-01-12,,73061,748265,2
1381992,2019-12-22,2020-01-12,,73158,812444,2
1381993,2019-12-22,2020-01-12,,73239,83443,2
1381994,2019-12-22,2020-01-12,,73308,830986,2
1381995,2019-12-22,2020-01-12,,73686,124380,2
1381996,2019-12-22,2020-01-12,,73703,828606,2
1381997,2019-12-22,2020-01-12,,73713,826617,2
1381998,2019-12-22,2020-01-12,,73721,442201,2
1381999,2019-12-22,2020-01-12,,73722,56061,2
1382000,2019-12-22,2020-01-12,,73753,844052,2
1382001,2019-12-22,2020-01-12,,73896,903748,2
1382002,2019-12-22,2020-01-12,,73959,129773,2
1382003,2019-12-22,2020-01-12,,73959,262608,2
1382004,2019-12-22,2020-01-12,,74132,705342,2
1382005,2019-12-22,2020-01-12,,74146,649287,2
1382006,2019-12-22,2020-01-12,,74211,946732,2
1382007,2019-12-22,2020-01-12,,74251,405599,2
1382008,2019-12-22,2020-01-12,,74256,147750,2
1382009,2019-12-22,2020-01-12,,74499,25970,2
1382010,2019-12-22,2020-01-12,,74716,779044,2
1382011,2019-12-22,2020-01-12,,74745,505342,2
1382012,2019-12-22,2020-01-12,,74892,140865,2
1382013,2019-12-22,2020-01-12,,75079,889311,2
1382014,2019-12-22,2020-01-12,,75424,162319,2
1382015,2019-12-22,2020-01-12,,75584,29971,2
1382016,2019-12-22,2020-01-12,,75881,175127,2
1382017,2019-12-22,2020-01-12,,75931,334697,2
1382018,2019-12-22,2020-01-12,,76122,679968,2
1382019,2019-12-22,2020-01-12,,76325,770412,2
1382020,2019-12-22,2020-01-12,,76350,99381,2
1382021,2019-12-22,2020-01-12,,76380,57806,2
1382022,2019-12-22,2020-01-12,,76538,164664,2
1382023,2019-12-22,2020-01-12,,76540,431006,2
1382024,2019-12-22,2020-01-12,,76540,831609,2
1382025,2019-12-22,2020-01-12,,76666,653434,2
1382026,2019-12-22,2020-01-12,,76958,5041,2
1382027,2019-12-22,2020-01-12,,77225,172384,2
1382028,2019-12-22,2020-01-12,,77397,859059,2
1382029,2019-12-22,2020-01-12,,77553,60073,2
1382030,2019-12-22,2020-01-12,,77680,223293,2
1382031,2019-12-22,2020-01-12,,77680,699545,2
1382032,2019-12-22,2020-01-12,,77680,776086,2
1382033,2019-12-22,2020-01-12,,77742,81950,2
1382034,2019-12-22,2020-01-12,,77757,191137,2
1382035,2019-12-22,2020-01-12,,77817,917011,2
1382036,2019-12-22,2020-01-12,,78008,159013,2
1382037,2019-12-22,2020-01-12,,78278,121854,2
1382038,2019-12-22,2020-01-12,,78403,176764,2
1382039,2019-12-22,2020-01-12,,78413,768018,2
1382040,2019-12-22,2020-01-12,,78453,630381,2
1382041,2019-12-22,2020-01-12,,78478,554697,2
1382042,2019-12-22,2020-01-12,,78620,206892,2
1382043,2019-12-22,2020-01-12,,78690,35384,2
1382044,2019-12-22,2020-01-12,,78724,900296,2
1382045,2019-12-22,2020-01-12,,78764,39257,2
1382046,2019-12-22,2020-01-12,,78853,22618,2
1382047,2019-12-22,2020-01-12,,78986,468911,2
1382048,2019-12-22,2020-01-12,,79147,231010,2
1382049,2019-12-22,2020-01-12,,79297,413008,2
1382050,2019-12-22,2020-01-12,,79460,282435,2
1382051,2019-12-22,2020-01-12,,79467,468954,2
1382052,2019-12-22,2020-01-12,,79475,223938,2
1382053,2019-12-22,2020-01-12,,79475,820130,2
1382054,2019-12-22,2020-01-12,,79681,164366,2
1382055,2019-12-22,2020-01-12,,79760,915992,2
1382056,2019-12-22,2020-01-12,,79923,397408,2
1382057,2019-12-22,2020-01-12,,79951,303962,2
1382058,2019-12-22,2020-01-12,,79971,222503,2
1382059,2019-12-22,2020-01-12,,80070,559073,2
1382060,2019-12-22,2020-01-12,,80075,77142,2
1382061,2019-12-22,2020-01-12,,80130,563760,2
1382062,2019-12-22,2020-01-12,,80131,188222,2
1382063,2019-12-22,2020-01-12,,80131,880887,2
1382064,2019-12-22,2020-01-12,,80363,243019,2
1382065,2019-12-22,2020-01-12,,80424,143953,2
1382066,2019-12-22,2020-01-12,,80501,407207,2
1382067,2019-12-22,2020-01-12,,80520,38524,2
1382068,2019-12-22,2020-01-12,,80525,146261,2
1382069,2019-12-22,2020-01-12,,80597,913086,2
1382070,2019-12-22,2020-01-12,,80702,494814,2
1382071,2019-12-22,2020-01-12,,80711,950029,2
1382072,2019-12-22,2020-01-12,,80774,158558,2
1382073,2019-12-22,2020-01-12,,80791,759826,2
1382074,2019-12-22,2020-01-12,,80791,800284,2
1382075,2019-12-22,2020-01-12,,80927,304174,2
1382076,2019-12-22,2020-01-12,,80927,694523,2
1382077,2019-12-22,2020-01-12,,81070,888512,2
1382078,2019-12-22,2020-01-12,,81123,567680,2
1382079,2019-12-22,2020-01-12,,81173,67854,2
1382080,2019-12-22,2020-01-12,,81448,866444,2
1382081,2019-12-22,2020-01-12,,81521,172612,2
1382082,2019-12-22,2020-01-12,,81580,782587,2
1382083,2019-12-22,2020-01-12,,81819,455350,2
1382084,2019-12-22,2020-01-12,,81875,5175,2
1382085,2019-12-22,2020-01-12,,81913,605470,2
1382086,2019-12-22,2020-01-12,,81913,622230,2
1382087,2019-12-22,2020-01-12,,82215,145860,2
1382088,2019-12-22,2020-01-12,,82506,161602,2
1382089,2019-12-22,2020-01-12,,82506,364861,2
1382090,2019-12-22,2020-01-12,,82506,435165,2
1382091,2019-12-22,2020-01-12,,82506,475755,2
1382092,2019-12-22,2020-01-12,,82852,64828,2
1382093,2019-12-22,2020-01-12,,83046,655932,2
1382094,2019-12-22,2020-01-12,,83083,281814,2
1382095,2019-12-22,2020-01-12,,83253,186330,2
1382096,2019-12-22,2020-01-12,,83324,243248,2
1382097,2019-12-22,2020-01-12,,83382,109092,2
1382098,2019-12-22,2020-01-12,,83456,777530,2
1382099,2019-12-22,2020-01-12,,83572,806899,2
1382100,2019-12-22,2020-01-12,,83787,345258,2
1382101,2019-12-22,2020-01-12,,83930,653130,2
1382102,2019-12-22,2020-01-12,,83930,787164,2
1382103,2019-12-22,2020-01-12,,84097,330006,2
1382104,2019-12-22,2020-01-12,,84100,915144,2
1382105,2019-12-22,2020-01-12,,84103,51075,2
1382106,2019-12-22,2020-01-12,,84103,457096,2
1382107,2019-12-22,2020-01-12,,84103,540611,2
1382108,2019-12-22,2020-01-12,,84103,566884,2
1382109,2019-12-22,2020-01-12,,84126,299443,2
1382110,2019-12-22,2020-01-12,,84223,614011,2
1382111,2019-12-22,2020-01-12,,84263,326986,2
1382112,2019-12-22,2020-01-12,,84372,802657,2
1382113,2019-12-22,2020-01-12,,84436,851305,2
1382114,2019-12-22,2020-01-12,,84453,363430,2
1382115,2019-12-22,2020-01-12,,84492,411983,2
1382116,2019-12-22,2020-01-12,,84504,141307,2
1382117,2019-12-22,2020-01-12,,84567,909521,2
1382118,2019-12-22,2020-01-12,,84591,688405,2
1382119,2019-12-22,2020-01-12,,84592,435543,2
1382120,2019-12-22,2020-01-12,,84677,466489,2
1382121,2019-12-22,2020-01-12,,84782,698677,2
1382122,2019-12-22,2020-01-12,,84874,731309,2
1382123,2019-12-22,2020-01-12,,84951,93550,2
1382124,2019-12-22,2020-01-12,,84991,726618,2
1382125,2019-12-22,2020-01-12,,84997,147992,2
1382126,2019-12-22,2020-01-12,,84997,569718,2
1382127,2019-12-22,2020-01-12,,85010,564104,2
1382128,2019-12-22,2020-01-12,,85080,504896,2
1382129,2019-12-22,2020-01-12,,85080,747872,2
1382130,2019-12-22,2020-01-12,,85097,390797,2
1382131,2019-12-22,2020-01-12,,85250,275103,2
1382132,2019-12-22,2020-01-12,,85283,419670,2
1382133,2019-12-22,2020-01-12,,85312,923682,2
1382134,2019-12-22,2020-01-12,,85426,443641,2
1382135,2019-12-22,2020-01-12,,85610,208205,2
1382136,2019-12-22,2020-01-12,,85610,408836,2
1382137,2019-12-22,2020-01-12,,85610,766795,2
1382138,2019-12-22,2020-01-12,,85958,593125,2
1382139,2019-12-22,2020-01-12,,85958,748536,2
1382140,2019-12-22,2020-01-12,,85975,617016,2
1382141,2019-12-22,2020-01-12,,86301,26473,2
1382142,2019-12-22,2020-01-12,,86345,926442,2
1382143,2019-12-22,2020-01-12,,86348,818536,2
1382144,2019-12-22,2020-01-12,,86573,145955,2
1382145,2019-12-22,2020-01-12,,86655,250824,2
1382146,2019-12-22,2020-01-12,,86727,612284,2
1382147,2019-12-22,2020-01-12,,86852,424720,2
1382148,2019-12-22,2020-01-12,,86881,437949,2
1382149,2019-12-22,2020-01-12,,86881,529418,2
1382150,2019-12-22,2020-01-12,,86967,191483,2
1382151,2019-12-22,2020-01-12,,86974,22309,2
1382152,2019-12-22,2020-01-12,,87024,763586,2
1382153,2019-12-22,2020-01-12,,87098,852961,2
1382154,2019-12-22,2020-01-12,,87119,904577,2
1382155,2019-12-22,2020-01-12,,87278,315448,2
1382156,2019-12-22,2020-01-12,,87278,709080,2
1382157,2019-12-22,2020-01-12,,87479,304279,2
1382158,2019-12-22,2020-01-12,,87528,560638,2
1382159,2019-12-22,2020-01-12,,87579,730457,2
1382160,2019-12-22,2020-01-12,,87654,167193,2
1382161,2019-12-22,2020-01-12,,87654,245187,2
1382162,2019-12-22,2020-01-12,,87654,428035,2
1382163,2019-12-22,2020-01-12,,87654,593821,2
1382164,2019-12-22,2020-01-12,,87654,705587,2
1382165,2019-12-22,2020-01-12,,87654,717198,2
1382166,2019-12-22,2020-01-12,,87703,468220,2
1382167,2019-12-22,2020-01-12,,87704,530681,2
1382168,2019-12-22,2020-01-12,,87742,864815,2
1382169,2019-12-22,2020-01-12,,87767,464319,2
1382170,2019-12-22,2020-01-12,,87840,883871,2
1382171,2019-12-22,2020-01-12,,87948,413009,2
1382172,2019-12-22,2020-01-12,,88479,847717,2
1382173,2019-12-22,2020-01-12,,88499,188231,2
1382174,2019-12-22,2020-01-12,,88583,262006,2
1382175,2019-12-22,2020-01-12,,88585,228179,2
1382176,2019-12-22,2020-01-12,,88644,222864,2
1382177,2019-12-22,2020-01-12,,88839,867334,2
1382178,2019-12-22,2020-01-12,,88881,154657,2
1382179,2019-12-22,2020-01-12,,89064,32221,2
1382180,2019-12-22,2020-01-12,,89132,97310,2
1382181,2019-12-22,2020-01-12,,89152,136198,2
1382182,2019-12-22,2020-01-12,,89163,241531,2
1382183,2019-12-22,2020-01-12,,89170,630143,2
1382184,2019-12-22,2020-01-12,,89255,914814,2
1382185,2019-12-22,2020-01-12,,89256,873791,2
1382186,2019-12-22,2020-01-12,,89342,720552,2
1382187,2019-12-22,2020-01-12,,89410,232544,2
1382188,2019-12-22,2020-01-12,,89462,33029,2
1382189,2019-12-22,2020-01-12,,89462,448590,2
1382190,2019-12-22,2020-01-12,,89462,476172,2
1382191,2019-12-22,2020-01-12,,89539,556222,2
1382192,2019-12-22,2020-01-12,,89656,547661,2
1382193,2019-12-22,2020-01-12,,89830,455548,2
1382194,2019-12-22,2020-01-12,,89906,112526,2
1382195,2019-12-22,2020-01-12,,90011,399991,2
1382196,2019-12-22,2020-01-12,,90233,853783,2
1382197,2019-12-22,2020-01-12,,90250,476597,2
1382198,2019-12-22,2020-01-12,,90302,829015,2
1382199,2019-12-22,2020-01-12,,90386,212123,2
1382200,2019-12-22,2020-01-12,,90390,1163,2
1382201,2019-12-22,2020-01-12,,90442,329996,2
1382202,2019-12-22,2020-01-12,,90452,26517,2
1382203,2019-12-22,2020-01-12,,90455,74103,2
1382204,2019-12-22,2020-01-12,,90473,718230,2
1382205,2019-12-22,2020-01-12,,90530,340539,2
1382206,2019-12-22,2020-01-12,,90561,875506,2
1382207,2019-12-22,2020-01-12,,90578,228092,2
1382208,2019-12-22,2020-01-12,,90642,809168,2
1382209,2019-12-22,2020-01-12,,90707,604958,2
1382210,2019-12-22,2020-01-12,,91234,885383,2
1382211,2019-12-22,2020-01-12,,91314,504921,2
1382212,2019-12-22,2020-01-12,,91426,246768,2
1382213,2019-12-22,2020-01-12,,91426,439426,2
1382214,2019-12-22,2020-01-12,,91426,692361,2
1382215,2019-12-22,2020-01-12,,91426,797937,2
1382216,2019-12-22,2020-01-12,,91491,832388,2
1382217,2019-12-22,2020-01-12,,91538,121967,2
1382218,2019-12-22,2020-01-12,,91538,134955,2
1382219,2019-12-22,2020-01-12,,91538,210725,2
1382220,2019-12-22,2020-01-12,,91538,284829,2
1382221,2019-12-22,2020-01-12,,91538,462286,2
1382222,2019-12-22,2020-01-12,,91538,609735,2
1382223,2019-12-22,2020-01-12,,91538,676025,2
1382224,2019-12-22,2020-01-12,,91538,692945,2
1382225,2019-12-22,2020-01-12,,91663,807876,2
1382226,2019-12-22,2020-01-12,,91762,261779,2
1382227,2019-12-22,2020-01-12,,91777,389227,2
1382228,2019-12-22,2020-01-12,,91917,783218,2
1382229,2019-12-22,2020-01-12,,92126,391595,2
1382230,2019-12-22,2020-01-12,,92957,137596,2
1382231,2019-12-22,2020-01-12,,93104,714751,2
1382232,2019-12-22,2020-01-12,,93111,648270,2
1382233,2019-12-22,2020-01-12,,93164,108174,2
1382234,2019-12-22,2020-01-12,,93430,189876,2
1382235,2019-12-22,2020-01-12,,93539,786295,2
1382236,2019-12-22,2020-01-12,,93542,505506,2
1382237,2019-12-22,2020-01-12,,93644,245873,2
1382238,2019-12-22,2020-01-12,,93647,649546,2
1382239,2019-12-22,2020-01-12,,93749,533741,2
1382240,2019-12-22,2020-01-12,,93803,115960,2
1382241,2019-12-22,2020-01-12,,94088,115023,2
1382242,2019-12-22,2020-01-12,,94210,607468,2
1382243,2019-12-22,2020-01-12,,94579,954510,2
1382244,2019-12-22,2020-01-12,,94733,723448,2
1382245,2019-12-22,2020-01-12,,94799,772829,2
1382246,2019-12-22,2020-01-12,,94905,838053,2
1382247,2019-12-22,2020-01-12,,94942,353972,2
1382248,2019-12-22,2020-01-12,,94942,793335,2
1382249,2019-12-22,2020-01-12,,94967,371476,2
1382250,2019-12-22,2020-01-12,,94967,726980,2
1382251,2019-12-22,2020-01-12,,94967,881740,2
1382252,2019-12-22,2020-01-12,,95116,487090,2
1382253,2019-12-22,2020-01-12,,95300,608702,2
1382254,2019-12-22,2020-01-12,,95308,449647,2
1382255,2019-12-22,2020-01-12,,95498,851688,2
1382256,2019-12-22,2020-01-12,,95659,567564,2
1382257,2019-12-22,2020-01-12,,95675,97699,2
1382258,2019-12-22,2020-01-12,,95695,581789,2
1382259,2019-12-22,2020-01-12,,95855,124884,2
1382260,2019-12-22,2020-01-12,,95981,194673,2
1382261,2019-12-22,2020-01-12,,96056,652315,2
1382262,2019-12-22,2020-01-12,,96080,278658,2
1382263,2019-12-22,2020-01-12,,96202,404722,2
1382264,2019-12-22,2020-01-12,,96332,682642,2
1382265,2019-12-22,2020-01-12,,96484,4047,2
1382266,2019-12-22,2020-01-12,,96596,916217,2
1382267,2019-12-22,2020-01-12,,96616,461579,2
1382268,2019-12-22,2020-01-12,,97065,272666,2
1382269,2019-12-22,2020-01-12,,97417,613552,2
1382270,2019-12-22,2020-01-12,,97561,659610,2
1382271,2019-12-22,2020-01-12,,97650,620440,2
1382272,2019-12-22,2020-01-12,,97751,408964,2
1382273,2019-12-22,2020-01-12,,98154,602533,2
1382274,2019-12-22,2020-01-12,,98194,696224,2
1382275,2019-12-22,2020-01-12,,98430,41723,2
1382276,2019-12-22,2020-01-12,,98430,188208,2
1382277,2019-12-22,2020-01-12,,98446,303663,2
1382278,2019-12-22,2020-01-12,,98769,231384,2
1382279,2019-12-22,2020-01-12,,98835,651238,2
1382280,2019-12-22,2020-01-12,,99003,103957,2
1382281,2019-12-22,2020-01-12,,99013,361615,2
1382282,2019-12-22,2020-01-12,,99042,49523,2
1382283,2019-12-22,2020-01-12,,99068,520666,2
1382284,2019-12-22,2020-01-12,,99118,98009,2
1382285,2019-12-22,2020-01-12,,99250,143884,2
1382286,2019-12-22,2020-01-12,,99355,64097,2
1382287,2019-12-22,2020-01-12,,99355,93182,2
1382288,2019-12-22,2020-01-12,,99515,600993,2
1382289,2019-12-22,2020-01-12,,99733,782421,2
1382290,2019-12-22,2020-01-12,,99757,168747,2
1382291,2019-12-22,2020-01-12,,99946,14514,2
1382292,2019-12-22,2020-01-12,,100086,299209,2
1382293,2019-12-22,2020-01-12,,100102,570398,2
1382294,2019-12-22,2020-01-12,,100185,492760,2
1382295,2019-12-22,2020-01-12,,100213,206134,2
1382296,2019-12-22,2020-01-12,,100217,857308,2
1382297,2019-12-22,2020-01-12,,100255,947798,2
1382298,2019-12-22,2020-01-12,,100296,896815,2
1382299,2019-12-22,2020-01-12,,100308,646952,2
1382300,2019-12-22,2020-01-12,,100375,270113,2
1382301,2019-12-22,2020-01-12,,100377,162110,2
1382302,2019-12-22,2020-01-12,,100377,547494,2
1382303,2019-12-22,2020-01-12,,100414,246130,2
1382304,2019-12-22,2020-01-12,,100499,111806,2
1382305,2019-12-22,2020-01-12,,100594,241326,2
1382306,2019-12-22,2020-01-12,,100608,189301,2
1382307,2019-12-22,2020-01-12,,100699,643889,2
1382308,2019-12-22,2020-01-12,,100922,929753,2
1382309,2019-12-22,2020-01-12,,101018,403016,2
1382310,2019-12-22,2020-01-12,,101217,534951,2
1382311,2019-12-22,2020-01-12,,101217,654691,2
1382312,2019-12-22,2020-01-12,,101269,885029,2
1382313,2019-12-22,2020-01-12,,101344,748855,2
1382314,2019-12-22,2020-01-12,,101751,318003,2
1382315,2019-12-22,2020-01-12,,101789,361249,2
1382316,2019-12-22,2020-01-12,,101966,397884,2
1382317,2019-12-22,2020-01-12,,101966,585006,2
1382318,2019-12-22,2020-01-12,,101966,698271,2
1382319,2019-12-22,2020-01-12,,101966,710071,2
1382320,2019-12-22,2020-01-12,,102056,707259,2
1382321,2019-12-22,2020-01-12,,102056,925199,2
1382322,2019-12-22,2020-01-12,,102076,735545,2
1382323,2019-12-22,2020-01-12,,102085,380116,2
1382324,2019-12-22,2020-01-12,,102289,548272,2
1382325,2019-12-22,2020-01-12,,102358,530888,2
1382326,2019-12-22,2020-01-12,,102735,45990,2
1382327,2019-12-22,2020-01-12,,102796,41567,2
1382328,2019-12-22,2020-01-12,,102820,160057,2
1382329,2019-12-22,2020-01-12,,102823,92945,2
1382330,2019-12-22,2020-01-12,,102823,142177,2
1382331,2019-12-22,2020-01-12,,102823,142972,2
1382332,2019-12-22,2020-01-12,,102823,315237,2
1382333,2019-12-22,2020-01-12,,102823,604944,2
1382334,2019-12-22,2020-01-12,,102823,661893,2
1382335,2019-12-22,2020-01-12,,102823,766760,2
1382336,2019-12-22,2020-01-12,,102823,773904,2
1382337,2019-12-22,2020-01-12,,103021,412254,2
1382338,2019-12-22,2020-01-12,,103533,942125,2
1382339,2019-12-22,2020-01-12,,103599,808760,2
1382340,2019-12-22,2020-01-12,,103762,49544,2
1382341,2019-12-22,2020-01-12,,103784,14447,2
1382342,2019-12-22,2020-01-12,,103820,261789,2
1382343,2019-12-22,2020-01-12,,103867,135750,2
1382344,2019-12-22,2020-01-12,,104018,30588,2
1382345,2019-12-22,2020-01-12,,104018,504627,2
1382346,2019-12-22,2020-01-12,,104071,410650,2
1382347,2019-12-22,2020-01-12,,104205,890051,2
1382348,2019-12-22,2020-01-12,,104276,455553,2
1382349,2019-12-22,2020-01-12,,104428,867986,2
1382350,2019-12-22,2020-01-12,,104622,239769,2
1382351,2019-12-22,2020-01-12,,104627,355047,2
1382352,2019-12-22,2020-01-12,,104729,384715,2
1382353,2019-12-22,2020-01-12,,104735,424780,2
1382354,2019-12-22,2020-01-12,,104787,255133,2
1382355,2019-12-22,2020-01-12,,104869,22783,2
1382356,2019-12-22,2020-01-12,,104869,301086,2
1382357,2019-12-22,2020-01-12,,104869,428432,2
1382358,2019-12-22,2020-01-12,,104869,802279,2
1382359,2019-12-22,2020-01-12,,104888,375716,2
1382360,2019-12-22,2020-01-12,,104889,596403,2
1382361,2019-12-22,2020-01-12,,104893,54125,2
1382362,2019-12-22,2020-01-12,,104985,918515,2
1382363,2019-12-22,2020-01-12,,104986,706242,2
1382364,2019-12-22,2020-01-12,,105020,140949,2
1382365,2019-12-22,2020-01-12,,105070,810593,2
1382366,2019-12-22,2020-01-12,,105123,269577,2
1382367,2019-12-22,2020-01-12,,105249,719260,2
1382368,2019-12-22,2020-01-12,,105267,229953,2
1382369,2019-12-22,2020-01-12,,105301,915826,2
1382370,2019-12-22,2020-01-12,,105492,216776,2
1382371,2019-12-22,2020-01-12,,105498,424248,2
1382372,2019-12-22,2020-01-12,,105523,422529,2
1382373,2019-12-22,2020-01-12,,105860,919988,2
1382374,2019-12-22,2020-01-12,,105977,193226,2
1382375,2019-12-22,2020-01-12,,106237,228081,2
1382376,2019-12-22,2020-01-12,,106242,849259,2
1382377,2019-12-22,2020-01-12,,106354,825339,2
1382378,2019-12-22,2020-01-12,,106356,265179,2
1382379,2019-12-22,2020-01-12,,106356,273964,2
1382380,2019-12-22,2020-01-12,,106369,284276,2
1382381,2019-12-22,2020-01-12,,106396,600931,2
1382382,2019-12-22,2020-01-12,,106547,567643,2
1382383,2019-12-22,2020-01-12,,106765,602060,2
1382384,2019-12-22,2020-01-12,,106967,430569,2
1382385,2019-12-22,2020-01-12,,107028,333150,2
1382386,2019-12-22,2020-01-12,,107148,880100,2
1382387,2019-12-22,2020-01-12,,107539,606877,2
1382388,2019-12-22,2020-01-12,,107602,374810,2
1382389,2019-12-22,2020-01-12,,107612,254234,2
1382390,2019-12-22,2020-01-12,,107719,528004,2
1382391,2019-12-22,2020-01-12,,107818,253474,2
1382392,2019-12-22,2020-01-12,,108015,588157,2
1382393,2019-12-22,2020-01-12,,108160,188232,2
1382394,2019-12-22,2020-01-12,,108363,477843,2
1382395,2019-12-22,2020-01-12,,108413,558926,2
1382396,2019-12-22,2020-01-12,,108493,171117,2
1382397,2019-12-22,2020-01-12,,108581,25644,2
1382398,2019-12-22,2020-01-12,,108621,92928,2
1382399,2019-12-22,2020-01-12,,108828,460025,2
1382400,2019-12-22,2020-01-12,,108881,575941,2
1382401,2019-12-22,2020-01-12,,108882,566845,2
1382402,2019-12-22,2020-01-12,,108956,129237,2
1382403,2019-12-22,2020-01-12,,108978,900654,2
1382404,2019-12-22,2020-01-12,,109094,281618,2
1382405,2019-12-22,2020-01-12,,109266,96177,2
1382406,2019-12-22,2020-01-12,,109342,462086,2
1382407,2019-12-22,2020-01-12,,109342,634658,2
1382408,2019-12-22,2020-01-12,,109342,681039,2
1382409,2019-12-22,2020-01-12,,109352,219513,2
1382410,2019-12-22,2020-01-12,,109917,284958,2
1382411,2019-12-22,2020-01-12,,109957,594169,2
1382412,2019-12-22,2020-01-12,,110074,206944,2
1382413,2019-12-22,2020-01-12,,110074,331795,2
1382414,2019-12-22,2020-01-12,,110074,439131,2
1382415,2019-12-22,2020-01-12,,110074,557007,2
1382416,2019-12-22,2020-01-12,,110135,319161,2
1382417,2019-12-22,2020-01-12,,110238,368446,2
1382418,2019-12-22,2020-01-12,,110515,382724,2
1382419,2019-12-22,2020-01-12,,110534,939007,2
1382420,2019-12-22,2020-01-12,,110634,16499,2
1382421,2019-12-22,2020-01-12,,110746,748997,2
1382422,2019-12-22,2020-01-12,,110790,527450,2
1382423,2019-12-22,2020-01-12,,110790,630334,2
1382424,2019-12-22,2020-01-12,,111009,256279,2
1382425,2019-12-22,2020-01-12,,111070,45131,2
1382426,2019-12-22,2020-01-12,,111089,392253,2
1382427,2019-12-22,2020-01-12,,111111,282774,2
1382428,2019-12-22,2020-01-12,,111275,622346,2
1382429,2019-12-22,2020-01-12,,111354,258478,2
1382430,2019-12-22,2020-01-12,,111451,259062,2
1382431,2019-12-22,2020-01-12,,111451,770018,2
1382432,2019-12-22,2020-01-12,,111624,699042,2
1382433,2019-12-22,2020-01-12,,111931,796046,2
1382434,2019-12-22,2020-01-12,,111931,945038,2
1382435,2019-12-22,2020-01-12,,111989,637307,2
1382436,2019-12-22,2020-01-12,,112008,380887,2
1382437,2019-12-22,2020-01-12,,112008,382259,2
1382438,2019-12-22,2020-01-12,,112008,423118,2
1382439,2019-12-22,2020-01-12,,112008,498247,2
1382440,2019-12-22,2020-01-12,,112008,728395,2
1382441,2019-12-22,2020-01-12,,112078,314763,2
1382442,2019-12-22,2020-01-12,,112082,770698,2
1382443,2019-12-22,2020-01-12,,112096,618867,2
1382444,2019-12-22,2020-01-12,,112332,688151,2
1382445,2019-12-22,2020-01-12,,112410,420334,2
1382446,2019-12-22,2020-01-12,,112493,942796,2
1382447,2019-12-22,2020-01-12,,112594,458326,2
1382448,2019-12-22,2020-01-12,,112955,620585,2
1382449,2019-12-22,2020-01-12,,112994,888218,2
1382450,2019-12-22,2020-01-12,,113018,100053,2
1382451,2019-12-22,2020-01-12,,113220,112902,2
1382452,2019-12-22,2020-01-12,,113234,190411,2
1382453,2019-12-22,2020-01-12,,113695,111073,2
1382454,2019-12-22,2020-01-12,,113748,261242,2
1382455,2019-12-22,2020-01-12,,113748,754657,2
1382456,2019-12-22,2020-01-12,,113785,216851,2
1382457,2019-12-22,2020-01-12,,113797,728117,2
1382458,2019-12-22,2020-01-12,,113797,898310,2
1382459,2019-12-22,2020-01-12,,113818,465039,2
1382460,2019-12-22,2020-01-12,,113851,686180,2
1382461,2019-12-22,2020-01-12,,113859,547788,2
1382462,2019-12-22,2020-01-12,,113915,679125,2
1382463,2019-12-22,2020-01-12,,114019,371446,2
1382464,2019-12-22,2020-01-12,,114084,220419,2
1382465,2019-12-22,2020-01-12,,114184,244481,2
1382466,2019-12-22,2020-01-12,,114192,870244,2
1382467,2019-12-22,2020-01-12,,114398,117603,2
1382468,2019-12-22,2020-01-12,,114418,460297,2
1382469,2019-12-22,2020-01-12,,114501,2609,2
1382470,2019-12-22,2020-01-12,,114572,25609,2
1382471,2019-12-22,2020-01-12,,114573,10376,2
1382472,2019-12-22,2020-01-12,,114603,604735,2
1382473,2019-12-22,2020-01-12,,114722,258592,2
1382474,2019-12-22,2020-01-12,,114814,772495,2
1382475,2019-12-22,2020-01-12,,114914,683116,2
1382476,2019-12-22,2020-01-12,,114914,740778,2
1382477,2019-12-22,2020-01-12,,114941,435602,2
1382478,2019-12-22,2020-01-12,,115026,116771,2
1382479,2019-12-22,2020-01-12,,115106,10589,2
1382480,2019-12-22,2020-01-12,,115106,451555,2
1382481,2019-12-22,2020-01-12,,115346,538451,2
1382482,2019-12-22,2020-01-12,,115453,240554,2
1382483,2019-12-22,2020-01-12,,115453,796701,2
1382484,2019-12-22,2020-01-12,,115593,161575,2
1382485,2019-12-22,2020-01-12,,115850,545596,2
1382486,2019-12-22,2020-01-12,,115884,801763,2
1382487,2019-12-22,2020-01-12,,115932,240207,2
1382488,2019-12-22,2020-01-12,,116043,307700,2
1382489,2019-12-22,2020-01-12,,116195,552957,2
1382490,2019-12-22,2020-01-12,,116236,403516,2
1382491,2019-12-22,2020-01-12,,116345,572195,2
1382492,2019-12-22,2020-01-12,,116372,892349,2
1382493,2019-12-22,2020-01-12,,116464,336102,2
1382494,2019-12-22,2020-01-12,,116485,59656,2
1382495,2019-12-22,2020-01-12,,116516,502409,2
1382496,2019-12-22,2020-01-12,,116542,579824,2
1382497,2019-12-22,2020-01-12,,116771,802145,2
1382498,2019-12-22,2020-01-12,,116843,691773,2
1382499,2019-12-22,2020-01-12,,117279,605696,2
1382500,2019-12-22,2020-01-12,,117288,253567,2
1382501,2019-12-22,2020-01-12,,117288,794183,2
1382502,2019-12-22,2020-01-12,,117289,90915,2
1382503,2019-12-22,2020-01-12,,117410,672759,2
1382504,2019-12-22,2020-01-12,,117453,37645,2
1382505,2019-12-22,2020-01-12,,117538,97312,2
1382506,2019-12-22,2020-01-12,,117570,89223,2
1382507,2019-12-22,2020-01-12,,117571,509878,2
1382508,2019-12-22,2020-01-12,,117580,362243,2
1382509,2019-12-22,2020-01-12,,117670,758464,2
1382510,2019-12-22,2020-01-12,,117691,851467,2
1382511,2019-12-22,2020-01-12,,117748,652854,2
1382512,2019-12-22,2020-01-12,,117877,767538,2
1382513,2019-12-22,2020-01-12,,117909,923210,2
1382514,2019-12-22,2020-01-12,,117923,188190,2
1382515,2019-12-22,2020-01-12,,117923,389321,2
1382516,2019-12-22,2020-01-12,,117923,420500,2
1382517,2019-12-22,2020-01-12,,117923,516796,2
1382518,2019-12-22,2020-01-12,,117923,777401,2
1382519,2019-12-22,2020-01-12,,117999,598636,2
1382520,2019-12-22,2020-01-12,,118074,468682,2
1382521,2019-12-22,2020-01-12,,118084,744845,2
1382522,2019-12-22,2020-01-12,,118119,595584,2
1382523,2019-12-22,2020-01-12,,118121,9373,2
1382524,2019-12-22,2020-01-12,,118165,226184,2
1382525,2019-12-22,2020-01-12,,118234,100933,2
1382526,2019-12-22,2020-01-12,,118461,89615,2
1382527,2019-12-22,2020-01-12,,118518,707268,2
1382528,2019-12-22,2020-01-12,,118561,621372,2
1382529,2019-12-22,2020-01-12,,118621,950562,2
1382530,2019-12-22,2020-01-12,,118740,249877,2
1382531,2019-12-22,2020-01-12,,118884,739674,2
1382532,2019-12-22,2020-01-12,,118895,619805,2
1382533,2019-12-22,2020-01-12,,118919,649109,2
1382534,2019-12-22,2020-01-12,,118985,61486,2
1382535,2019-12-22,2020-01-12,,119065,530222,2
1382536,2019-12-22,2020-01-12,,119094,222865,2
1382537,2019-12-22,2020-01-12,,119107,404728,2
1382538,2019-12-22,2020-01-12,,119167,621824,2
1382539,2019-12-22,2020-01-12,,119194,8905,2
1382540,2019-12-22,2020-01-12,,119194,619976,2
1382541,2019-12-22,2020-01-12,,119194,917580,2
1382542,2019-12-22,2020-01-12,,119308,217034,2
1382543,2019-12-22,2020-01-12,,119450,835558,2
1382544,2019-12-22,2020-01-12,,119459,10563,2
1382545,2019-12-22,2020-01-12,,119459,41049,2
1382546,2019-12-22,2020-01-12,,119459,47493,2
1382547,2019-12-22,2020-01-12,,119459,509428,2
1382548,2019-12-22,2020-01-12,,119636,802673,2
1382549,2019-12-22,2020-01-12,,119702,123349,2
1382550,2019-12-22,2020-01-12,,119734,808790,2
1382551,2019-12-22,2020-01-12,,119784,763247,2
1382552,2019-12-22,2020-01-12,,119932,737860,2
1382553,2019-12-22,2020-01-12,,119973,212840,2
1382554,2019-12-22,2020-01-12,,120047,514207,2
1382555,2019-12-22,2020-01-12,,120387,520838,2
1382556,2019-12-22,2020-01-12,,120428,308362,2
1382557,2019-12-22,2020-01-12,,120507,98386,2
1382558,2019-12-22,2020-01-12,,120530,41072,2
1382559,2019-12-22,2020-01-12,,120558,870613,2
1382560,2019-12-22,2020-01-12,,120562,231278,2
1382561,2019-12-22,2020-01-12,,120565,64069,2
1382562,2019-12-22,2020-01-12,,120565,604929,2
1382563,2019-12-22,2020-01-12,,120631,442394,2
1382564,2019-12-22,2020-01-12,,120696,888211,2
1382565,2019-12-22,2020-01-12,,120735,817753,2
1382566,2019-12-22,2020-01-12,,120841,430813,2
1382567,2019-12-22,2020-01-12,,120982,154780,2
1382568,2019-12-22,2020-01-12,,120982,186429,2
1382569,2019-12-22,2020-01-12,,120982,482242,2
1382570,2019-12-22,2020-01-12,,121009,244365,2
1382571,2019-12-22,2020-01-12,,121073,540652,2
1382572,2019-12-22,2020-01-12,,121153,660701,2
1382573,2019-12-22,2020-01-12,,121238,443679,2
1382574,2019-12-22,2020-01-12,,121363,325818,2
1382575,2019-12-22,2020-01-12,,121444,594955,2
1382576,2019-12-22,2020-01-12,,121486,719632,2
1382577,2019-12-22,2020-01-12,,121518,258375,2
1382578,2019-12-22,2020-01-12,,121755,90921,2
1382579,2019-12-22,2020-01-12,,121964,33628,2
1382580,2019-12-22,2020-01-12,,121964,408171,2
1382581,2019-12-22,2020-01-12,,121964,946733,2
1382582,2019-12-22,2020-01-12,,121997,837606,2
1382583,2019-12-22,2020-01-12,,122049,930456,2
1382584,2019-12-22,2020-01-12,,122062,331748,2
1382585,2019-12-22,2020-01-12,,122169,376301,2
1382586,2019-12-22,2020-01-12,,122180,90938,2
1382587,2019-12-22,2020-01-12,,122190,905734,2
1382588,2019-12-22,2020-01-12,,122285,611642,2
1382589,2019-12-22,2020-01-12,,122285,758400,2
1382590,2019-12-22,2020-01-12,,122370,101334,2
1382591,2019-12-22,2020-01-12,,122505,170760,2
1382592,2019-12-22,2020-01-12,,122507,246331,2
1382593,2019-12-22,2020-01-12,,122508,828971,2
1382594,2019-12-22,2020-01-12,,122753,504857,2
1382595,2019-12-22,2020-01-12,,122849,776257,2
1382596,2019-12-22,2020-01-12,,122877,438965,2
1382597,2019-12-22,2020-01-12,,123083,330016,2
1382598,2019-12-22,2020-01-12,,123174,425216,2
1382599,2019-12-22,2020-01-12,,123218,500232,2
1382600,2019-12-22,2020-01-12,,123359,808829,2
1382601,2019-12-22,2020-01-12,,123525,943671,2
1382602,2019-12-22,2020-01-12,,123744,699920,2
1382603,2019-12-22,2020-01-12,,123752,418070,2
1382604,2019-12-22,2020-01-12,,123828,511055,2
1382605,2019-12-22,2020-01-12,,123947,476276,2
1382606,2019-12-22,2020-01-12,,124285,274566,2
1382607,2019-12-22,2020-01-12,,124393,29846,2
1382608,2019-12-22,2020-01-12,,124505,759819,2
1382609,2019-12-22,2020-01-12,,124768,840441,2
1382610,2019-12-22,2020-01-12,,124871,180557,2
1382611,2019-12-22,2020-01-12,,125052,21149,2
1382612,2019-12-22,2020-01-12,,125354,461863,2
1382613,2019-12-22,2020-01-12,,125652,4529,2
1382614,2019-12-22,2020-01-12,,125652,19045,2
1382615,2019-12-22,2020-01-12,,125652,29186,2
1382616,2019-12-22,2020-01-12,,125652,93585,2
1382617,2019-12-22,2020-01-12,,125652,105238,2
1382618,2019-12-22,2020-01-12,,125652,161220,2
1382619,2019-12-22,2020-01-12,,125652,200402,2
1382620,2019-12-22,2020-01-12,,125652,265178,2
1382621,2019-12-22,2020-01-12,,125652,273969,2
1382622,2019-12-22,2020-01-12,,125652,311640,2
1382623,2019-12-22,2020-01-12,,125652,419715,2
1382624,2019-12-22,2020-01-12,,125652,462017,2
1382625,2019-12-22,2020-01-12,,125652,588122,2
1382626,2019-12-22,2020-01-12,,125652,736774,2
1382627,2019-12-22,2020-01-12,,125652,774316,2
1382628,2019-12-22,2020-01-12,,125652,825407,2
1382629,2019-12-22,2020-01-12,,125652,846132,2
1382630,2019-12-22,2020-01-12,,125652,876394,2
1382631,2019-12-22,2020-01-12,,125763,165861,2
1382632,2019-12-22,2020-01-12,,125959,349829,2
1382633,2019-12-22,2020-01-12,,126002,916051,2
1382634,2019-12-22,2020-01-12,,126109,215164,2
1382635,2019-12-22,2020-01-12,,126118,803000,2
1382636,2019-12-22,2020-01-12,,126546,195390,2
1382637,2019-12-22,2020-01-12,,126656,590152,2
1382638,2019-12-22,2020-01-12,,126720,162016,2
1382639,2019-12-22,2020-01-12,,126793,492517,2
1382640,2019-12-22,2020-01-12,,127166,326705,2
1382641,2019-12-22,2020-01-12,,127473,797303,2
1382642,2019-12-22,2020-01-12,,127537,817407,2
1382643,2019-12-22,2020-01-12,,127545,458595,2
1382644,2019-12-22,2020-01-12,,127592,571401,2
1382645,2019-12-22,2020-01-12,,127685,265398,2
1382646,2019-12-22,2020-01-12,,127749,815289,2
1382647,2019-12-22,2020-01-12,,127992,938563,2
1382648,2019-12-22,2020-01-12,,128002,53257,2
1382649,2019-12-22,2020-01-12,,128582,604945,2
1382650,2019-12-22,2020-01-12,,128582,762874,2
1382651,2019-12-22,2020-01-12,,128685,24903,2
1382652,2019-12-22,2020-01-12,,128685,104193,2
1382653,2019-12-22,2020-01-12,,128685,465836,2
1382654,2019-12-22,2020-01-12,,128685,802674,2
1382655,2019-12-22,2020-01-12,,128709,456501,2
1382656,2019-12-22,2020-01-12,,128800,844984,2
1382657,2019-12-22,2020-01-12,,128851,142243,2
1382658,2019-12-22,2020-01-12,,128943,484749,2
1382659,2019-12-22,2020-01-12,,129007,689543,2
1382660,2019-12-22,2020-01-12,,129007,856018,2
1382661,2019-12-22,2020-01-12,,129036,934271,2
1382662,2019-12-22,2020-01-12,,129116,793368,2
1382663,2019-12-22,2020-01-12,,129159,725491,2
1382664,2019-12-22,2020-01-12,,129374,871172,2
1382665,2019-12-22,2020-01-12,,129470,447996,2
1382666,2019-12-22,2020-01-12,,129483,302144,2
1382667,2019-12-22,2020-01-12,,129483,335793,2
1382668,2019-12-22,2020-01-12,,129483,567766,2
1382669,2019-12-22,2020-01-12,,129483,642229,2
1382670,2019-12-22,2020-01-12,,129483,709681,2
1382671,2019-12-22,2020-01-12,,129483,772948,2
1382672,2019-12-22,2020-01-12,,129499,127720,2
1382673,2019-12-22,2020-01-12,,129499,135018,2
1382674,2019-12-22,2020-01-12,,129534,427773,2
1382675,2019-12-22,2020-01-12,,129663,486387,2
1382676,2019-12-22,2020-01-12,,129896,35409,2
1382677,2019-12-22,2020-01-12,,130213,183302,2
1382678,2019-12-22,2020-01-12,,130242,689071,2
1382679,2019-12-22,2020-01-12,,130430,115631,2
1382680,2019-12-22,2020-01-12,,130430,321332,2
1382681,2019-12-22,2020-01-12,,130430,410314,2
1382682,2019-12-22,2020-01-12,,130799,95021,2
1382683,2019-12-22,2020-01-12,,130822,659953,2
1382684,2019-12-22,2020-01-12,,130981,547360,2
1382685,2019-12-22,2020-01-12,,131033,562015,2
1382686,2019-12-22,2020-01-12,,131279,141943,2
1382687,2019-12-22,2020-01-12,,131347,282099,2
1382688,2019-12-22,2020-01-12,,131412,479324,2
1382689,2019-12-22,2020-01-12,,131622,289165,2
1382690,2019-12-22,2020-01-12,,131658,169005,2
1382691,2019-12-22,2020-01-12,,131665,320711,2
1382692,2019-12-22,2020-01-12,,131685,48282,2
1382693,2019-12-22,2020-01-12,,131689,603412,2
1382694,2019-12-22,2020-01-12,,132016,554044,2
1382695,2019-12-22,2020-01-12,,132374,934868,2
1382696,2019-12-22,2020-01-12,,132583,831279,2
1382697,2019-12-22,2020-01-12,,132618,249578,2
1382698,2019-12-22,2020-01-12,,132627,180585,2
1382699,2019-12-22,2020-01-12,,132661,576860,2
1382700,2019-12-22,2020-01-12,,132664,415189,2
1382701,2019-12-22,2020-01-12,,132707,918223,2
1382702,2019-12-22,2020-01-12,,132723,740833,2
1382703,2019-12-22,2020-01-12,,132792,59184,2
1382704,2019-12-22,2020-01-12,,132960,163415,2
1382705,2019-12-22,2020-01-12,,133273,184769,2
1382706,2019-12-22,2020-01-12,,133273,382931,2
1382707,2019-12-22,2020-01-12,,133275,593640,2
1382708,2019-12-22,2020-01-12,,133294,667735,2
1382709,2019-12-22,2020-01-12,,133419,319946,2
1382710,2019-12-22,2020-01-12,,133427,751701,2
1382711,2019-12-22,2020-01-12,,133525,363906,2
1382712,2019-12-22,2020-01-12,,133696,545897,2
1382713,2019-12-22,2020-01-12,,133933,83475,2
1382714,2019-12-22,2020-01-12,,133994,475391,2
1382715,2019-12-22,2020-01-12,,133994,647813,2
1382716,2019-12-22,2020-01-12,,133994,683117,2
1382717,2019-12-22,2020-01-12,,134058,179691,2
1382718,2019-12-22,2020-01-12,,134377,145345,2
1382719,2019-12-22,2020-01-12,,134377,629209,2
1382720,2019-12-22,2020-01-12,,134523,523052,2
1382721,2019-12-22,2020-01-12,,134549,895757,2
1382722,2019-12-22,2020-01-12,,134589,307550,2
1382723,2019-12-22,2020-01-12,,134742,465301,2
1382724,2019-12-22,2020-01-12,,134742,941911,2
1382725,2019-12-22,2020-01-12,,134789,2161,2
1382726,2019-12-22,2020-01-12,,134867,583103,2
1382727,2019-12-22,2020-01-12,,134960,412726,2
1382728,2019-12-22,2020-01-12,,135007,515116,2
1382729,2019-12-22,2020-01-12,,135085,286550,2
1382730,2019-12-22,2020-01-12,,135369,481790,2
1382731,2019-12-22,2020-01-12,,135465,783318,2
1382732,2019-12-22,2020-01-12,,135488,433421,2
1382733,2019-12-22,2020-01-12,,135624,67584,2
1382734,2019-12-22,2020-01-12,,135624,183550,2
1382735,2019-12-22,2020-01-12,,135624,632738,2
1382736,2019-12-22,2020-01-12,,135624,748923,2
1382737,2019-12-22,2020-01-12,,135703,132101,2
1382738,2019-12-22,2020-01-12,,135748,484093,2
1382739,2019-12-22,2020-01-12,,135748,946734,2
1382740,2019-12-22,2020-01-12,,135930,279043,2
1382741,2019-12-22,2020-01-12,,136051,110532,2
1382742,2019-12-22,2020-01-12,,136087,621588,2
1382743,2019-12-22,2020-01-12,,136279,366699,2
1382744,2019-12-22,2020-01-12,,136353,440846,2
1382745,2019-12-22,2020-01-12,,136397,45178,2
1382746,2019-12-22,2020-01-12,,136530,246993,2
1382747,2019-12-22,2020-01-12,,136551,71378,2
1382748,2019-12-22,2020-01-12,,136551,179475,2
1382749,2019-12-22,2020-01-12,,136988,253543,2
1382750,2019-12-22,2020-01-12,,137171,177122,2
1382751,2019-12-22,2020-01-12,,137233,700876,2
1382752,2019-12-22,2020-01-12,,137352,659120,2
1382753,2019-12-22,2020-01-12,,137356,591474,2
1382754,2019-12-22,2020-01-12,,137609,397793,2
1382755,2019-12-22,2020-01-12,,137619,9735,2
1382756,2019-12-22,2020-01-12,,137635,850914,2
1382757,2019-12-22,2020-01-12,,137712,8951,2
1382758,2019-12-22,2020-01-12,,137712,115539,2
1382759,2019-12-22,2020-01-12,,137712,225420,2
1382760,2019-12-22,2020-01-12,,137712,285789,2
1382761,2019-12-22,2020-01-12,,137712,487615,2
1382762,2019-12-22,2020-01-12,,137712,519239,2
1382763,2019-12-22,2020-01-12,,137712,696642,2
1382764,2019-12-22,2020-01-12,,137712,711005,2
1382765,2019-12-22,2020-01-12,,137712,768592,2
1382766,2019-12-22,2020-01-12,,137743,52705,2
1382767,2019-12-22,2020-01-12,,137985,446737,2
1382768,2019-12-22,2020-01-12,,138022,784581,2
1382769,2019-12-22,2020-01-12,,138057,729613,2
1382770,2019-12-22,2020-01-12,,138223,496909,2
1382771,2019-12-22,2020-01-12,,138340,213974,2
1382772,2019-12-22,2020-01-12,,138450,282097,2
1382773,2019-12-22,2020-01-12,,138460,683368,2
1382774,2019-12-22,2020-01-12,,138616,50953,2
1382775,2019-12-22,2020-01-12,,138673,905188,2
1382776,2019-12-22,2020-01-12,,138817,377554,2
1382777,2019-12-22,2020-01-12,,138899,297586,2
1382778,2019-12-22,2020-01-12,,138899,886345,2
1382779,2019-12-22,2020-01-12,,138956,808310,2
1382780,2019-12-22,2020-01-12,,138988,24108,2
1382781,2019-12-22,2020-01-12,,139131,927349,2
1382782,2019-12-22,2020-01-12,,139173,311876,2
1382783,2019-12-22,2020-01-12,,139217,554316,2
1382784,2019-12-22,2020-01-12,,139283,419546,2
1382785,2019-12-22,2020-01-12,,139509,613889,2
1382786,2019-12-22,2020-01-12,,139609,539664,2
1382787,2019-12-22,2020-01-12,,139622,717453,2
1382788,2019-12-22,2020-01-12,,139644,583625,2
1382789,2019-12-22,2020-01-12,,139645,379989,2
1382790,2019-12-22,2020-01-12,,139647,403649,2
1382791,2019-12-22,2020-01-12,,139647,583199,2
1382792,2019-12-22,2020-01-12,,139647,775025,2
1382793,2019-12-22,2020-01-12,,139675,75275,2
1382794,2019-12-22,2020-01-12,,139675,312022,2
1382795,2019-12-22,2020-01-12,,139955,129366,2
1382796,2019-12-22,2020-01-12,,140018,836132,2
1382797,2019-12-22,2020-01-12,,140194,872808,2
1382798,2019-12-22,2020-01-12,,140387,732255,2
1382799,2019-12-22,2020-01-12,,140397,537426,2
1382800,2019-12-22,2020-01-12,,140402,110300,2
1382801,2019-12-22,2020-01-12,,140505,47010,2
1382802,2019-12-22,2020-01-12,,140505,723055,2
1382803,2019-12-22,2020-01-12,,140505,928616,2
1382804,2019-12-22,2020-01-12,,140649,537440,2
1382805,2019-12-22,2020-01-12,,140816,700982,2
1382806,2019-12-22,2020-01-12,,140849,514425,2
1382807,2019-12-22,2020-01-12,,140897,236124,2
1382808,2019-12-22,2020-01-12,,140903,698957,2
1382809,2019-12-22,2020-01-12,,140959,255952,2
1382810,2019-12-22,2020-01-12,,141098,611760,2
1382811,2019-12-22,2020-01-12,,141114,545741,2
1382812,2019-12-22,2020-01-12,,141437,577548,2
1382813,2019-12-22,2020-01-12,,141504,827844,2
1382814,2019-12-22,2020-01-12,,141556,5483,2
1382815,2019-12-22,2020-01-12,,141901,142973,2
1382816,2019-12-22,2020-01-12,,141901,309211,2
1382817,2019-12-22,2020-01-12,,141901,890529,2
1382818,2019-12-22,2020-01-12,,141904,703698,2
1382819,2019-12-22,2020-01-12,,141915,64879,2
1382820,2019-12-22,2020-01-12,,142117,283214,2
1382821,2019-12-22,2020-01-12,,142130,889467,2
1382822,2019-12-22,2020-01-12,,142186,107699,2
1382823,2019-12-22,2020-01-12,,142186,288225,2
1382824,2019-12-22,2020-01-12,,142197,878774,2
1382825,2019-12-22,2020-01-12,,142280,154314,2
1382826,2019-12-22,2020-01-12,,142325,199464,2
1382827,2019-12-22,2020-01-12,,142330,107551,2
1382828,2019-12-22,2020-01-12,,142389,612335,2
1382829,2019-12-22,2020-01-12,,142481,420549,2
1382830,2019-12-22,2020-01-12,,142571,111830,2
1382831,2019-12-22,2020-01-12,,142574,410583,2
1382832,2019-12-22,2020-01-12,,142574,794189,2
1382833,2019-12-22,2020-01-12,,142580,923464,2
1382834,2019-12-22,2020-01-12,,142702,517939,2
1382835,2019-12-22,2020-01-12,,142735,192753,2
1382836,2019-12-22,2020-01-12,,142814,603014,2
1382837,2019-12-22,2020-01-12,,143016,238118,2
1382838,2019-12-22,2020-01-12,,143111,641263,2
1382839,2019-12-22,2020-01-12,,143255,628911,2
1382840,2019-12-22,2020-01-12,,143715,406592,2
1382841,2019-12-22,2020-01-12,,143715,856917,2
1382842,2019-12-22,2020-01-12,,143724,611377,2
1382843,2019-12-22,2020-01-12,,143795,707701,2
1382844,2019-12-22,2020-01-12,,143963,784674,2
1382845,2019-12-22,2020-01-12,,144382,34389,2
1382846,2019-12-22,2020-01-12,,144395,639567,2
1382847,2019-12-22,2020-01-12,,144427,139252,2
1382848,2019-12-22,2020-01-12,,144479,754658,2
1382849,2019-12-22,2020-01-12,,144594,315216,2
1382850,2019-12-22,2020-01-12,,144599,453917,2
1382851,2019-12-22,2020-01-12,,144614,492531,2
1382852,2019-12-22,2020-01-12,,144684,337614,2
1382853,2019-12-22,2020-01-12,,144717,665341,2
1382854,2019-12-22,2020-01-12,,144755,470459,2
1382855,2019-12-22,2020-01-12,,144785,542040,2
1382856,2019-12-22,2020-01-12,,144831,3060,2
1382857,2019-12-22,2020-01-12,,145028,74088,2
1382858,2019-12-22,2020-01-12,,145028,118197,2
1382859,2019-12-22,2020-01-12,,145028,819369,2
1382860,2019-12-22,2020-01-12,,145028,918680,2
1382861,2019-12-22,2020-01-12,,145046,355987,2
1382862,2019-12-22,2020-01-12,,145358,799281,2
1382863,2019-12-22,2020-01-12,,145531,705755,2
1382864,2019-12-22,2020-01-12,,145531,782112,2
1382865,2019-12-22,2020-01-12,,145580,897941,2
1382866,2019-12-22,2020-01-12,,145767,504858,2
1382867,2019-12-22,2020-01-12,,145788,767479,2
1382868,2019-12-22,2020-01-12,,145880,572635,2
1382869,2019-12-22,2020-01-12,,145926,503491,2
1382870,2019-12-22,2020-01-12,,146177,131008,2
1382871,2019-12-22,2020-01-12,,146219,164189,2
1382872,2019-12-22,2020-01-12,,146318,541170,2
1382873,2019-12-22,2020-01-12,,146354,371524,2
1382874,2019-12-22,2020-01-12,,146385,75422,2
1382875,2019-12-22,2020-01-12,,146457,800969,2
1382876,2019-12-22,2020-01-12,,146466,212553,2
1382877,2019-12-22,2020-01-12,,146519,329608,2
1382878,2019-12-22,2020-01-12,,146617,90518,2
1382879,2019-12-22,2020-01-12,,146637,442393,2
1382880,2019-12-22,2020-01-12,,146730,124103,2
1382881,2019-12-22,2020-01-12,,146733,541793,2
1382882,2019-12-22,2020-01-12,,146921,47480,2
1382883,2019-12-22,2020-01-12,,147164,314120,2
1382884,2019-12-22,2020-01-12,,147173,588212,2
1382885,2019-12-22,2020-01-12,,147230,587819,2
1382886,2019-12-22,2020-01-12,,147378,656938,2
1382887,2019-12-22,2020-01-12,,147378,699014,2
1382888,2019-12-22,2020-01-12,,147446,327017,2
1382889,2019-12-22,2020-01-12,,147478,341523,2
1382890,2019-12-22,2020-01-12,,147634,123854,2
1382891,2019-12-22,2020-01-12,,147698,93091,2
1382892,2019-12-22,2020-01-12,,147766,502203,2
1382893,2019-12-22,2020-01-12,,147832,954444,2
1382894,2019-12-22,2020-01-12,,147937,285774,2
1382895,2019-12-22,2020-01-12,,148049,11338,2
1382896,2019-12-22,2020-01-12,,148458,769096,2
1382897,2019-12-22,2020-01-12,,148498,845938,2
1382898,2019-12-22,2020-01-12,,148503,543561,2
1382899,2019-12-22,2020-01-12,,148952,247897,2
1382900,2019-12-22,2020-01-12,,148952,942187,2
1382901,2019-12-22,2020-01-12,,148998,112627,2
1382902,2019-12-22,2020-01-12,,149129,775884,2
1382903,2019-12-22,2020-01-12,,149160,772818,2
1382904,2019-12-22,2020-01-12,,149164,867335,2
1382905,2019-12-22,2020-01-12,,149228,89007,2
1382906,2019-12-22,2020-01-12,,149450,589066,2
1382907,2019-12-22,2020-01-12,,149487,262524,2
1382908,2019-12-22,2020-01-12,,149518,516154,2
1382909,2019-12-22,2020-01-12,,149519,658424,2
1382910,2019-12-22,2020-01-12,,149602,480866,2
1382911,2019-12-22,2020-01-12,,149605,496832,2
1382912,2019-12-22,2020-01-12,,149647,725849,2
1382913,2019-12-22,2020-01-12,,149726,831331,2
1382914,2019-12-22,2020-01-12,,149983,556850,2
1382915,2019-12-22,2020-01-12,,150017,721672,2
1382916,2019-12-22,2020-01-12,,150245,68681,2
1382917,2019-12-22,2020-01-12,,150245,221648,2
1382918,2019-12-22,2020-01-12,,150711,240761,2
1382919,2019-12-22,2020-01-12,,150767,586121,2
1382920,2019-12-22,2020-01-12,,150874,157315,2
1382921,2019-12-22,2020-01-12,,150939,197576,2
1382922,2019-12-22,2020-01-12,,150942,832621,2
1382923,2019-12-22,2020-01-12,,151132,135367,2
1382924,2019-12-22,2020-01-12,,151157,524408,2
1382925,2019-12-22,2020-01-12,,151518,413784,2
1382926,2019-12-22,2020-01-12,,151662,740952,2
1382927,2019-12-22,2020-01-12,,151879,187924,2
1382928,2019-12-22,2020-01-12,,152030,450504,2
1382929,2019-12-22,2020-01-12,,152048,418149,2
1382930,2019-12-22,2020-01-12,,152055,583606,2
1382931,2019-12-22,2020-01-12,,152226,464493,2
1382932,2019-12-22,2020-01-12,,152312,754009,2
1382933,2019-12-22,2020-01-12,,152322,599661,2
1382934,2019-12-22,2020-01-12,,152425,344248,2
1382935,2019-12-22,2020-01-12,,152522,691307,2
1382936,2019-12-22,2020-01-12,,152524,189295,2
1382937,2019-12-22,2020-01-12,,152524,366521,2
1382938,2019-12-22,2020-01-12,,152535,88206,2
1382939,2019-12-22,2020-01-12,,152535,179985,2
1382940,2019-12-22,2020-01-12,,152650,650590,2
1382941,2019-12-22,2020-01-12,,152661,585504,2
1382942,2019-12-22,2020-01-12,,152980,813341,2
1382943,2019-12-22,2020-01-12,,153144,939154,2
1382944,2019-12-22,2020-01-12,,153162,619,2
1382945,2019-12-22,2020-01-12,,153212,96536,2
1382946,2019-12-22,2020-01-12,,153232,59049,2
1382947,2019-12-22,2020-01-12,,153232,525909,2
1382948,2019-12-22,2020-01-12,,153232,526392,2
1382949,2019-12-22,2020-01-12,,153232,815172,2
1382950,2019-12-22,2020-01-12,,153232,837610,2
1382951,2019-12-22,2020-01-12,,153455,686285,2
1382952,2019-12-22,2020-01-12,,153537,357633,2
1382953,2019-12-22,2020-01-12,,153636,178070,2
1382954,2019-12-22,2020-01-12,,153636,526910,2
1382955,2019-12-22,2020-01-12,,153656,210722,2
1382956,2019-12-22,2020-01-12,,153884,705799,2
1382957,2019-12-22,2020-01-12,,153884,737839,2
1382958,2019-12-22,2020-01-12,,154014,190463,2
1382959,2019-12-22,2020-01-12,,154028,530591,2
1382960,2019-12-22,2020-01-12,,154037,916953,2
1382961,2019-12-22,2020-01-12,,154144,671443,2
1382962,2019-12-22,2020-01-12,,154269,778585,2
1382963,2019-12-22,2020-01-12,,154352,863095,2
1382964,2019-12-22,2020-01-12,,154389,594170,2
1382965,2019-12-22,2020-01-12,,154563,48910,2
1382966,2019-12-22,2020-01-12,,154573,478733,2
1382967,2019-12-22,2020-01-12,,154775,558582,2
1382968,2019-12-22,2020-01-12,,154831,446517,2
1382969,2019-12-22,2020-01-12,,154902,397783,2
1382970,2019-12-22,2020-01-12,,154932,929527,2
1382971,2019-12-22,2020-01-12,,154963,197059,2
1382972,2019-12-22,2020-01-12,,154973,667590,2
1382973,2019-12-22,2020-01-12,,155077,348456,2
1382974,2019-12-22,2020-01-12,,155139,610821,2
1382975,2019-12-22,2020-01-12,,155139,918332,2
1382976,2019-12-22,2020-01-12,,155178,96070,2
1382977,2019-12-22,2020-01-12,,155178,914521,2
1382978,2019-12-22,2020-01-12,,155286,1603,2
1382979,2019-12-22,2020-01-12,,155339,261604,2
1382980,2019-12-22,2020-01-12,,155398,561638,2
1382981,2019-12-22,2020-01-12,,155398,609827,2
1382982,2019-12-22,2020-01-12,,155398,818878,2
1382983,2019-12-22,2020-01-12,,155431,201934,2
1382984,2019-12-22,2020-01-12,,155459,509982,2
1382985,2019-12-22,2020-01-12,,155677,718610,2
1382986,2019-12-22,2020-01-12,,155713,361007,2
1382987,2019-12-22,2020-01-12,,155713,370980,2
1382988,2019-12-22,2020-01-12,,155770,181300,2
1382989,2019-12-22,2020-01-12,,156019,434803,2
1382990,2019-12-22,2020-01-12,,156170,541638,2
1382991,2019-12-22,2020-01-12,,156276,366439,2
1382992,2019-12-22,2020-01-12,,156276,630951,2
1382993,2019-12-22,2020-01-12,,156278,675467,2
1382994,2019-12-22,2020-01-12,,156413,155283,2
1382995,2019-12-22,2020-01-12,,156685,115780,2
1382996,2019-12-22,2020-01-12,,156738,403165,2
1382997,2019-12-22,2020-01-12,,156757,282105,2
1382998,2019-12-22,2020-01-12,,156757,923158,2
1382999,2019-12-22,2020-01-12,,156851,187619,2
1383000,2019-12-22,2020-01-12,,156912,65425,2
1383001,2019-12-22,2020-01-12,,156912,100606,2
1383002,2019-12-22,2020-01-12,,156912,285815,2
1383003,2019-12-22,2020-01-12,,156912,360404,2
1383004,2019-12-22,2020-01-12,,156912,478027,2
1383005,2019-12-22,2020-01-12,,156912,661272,2
1383006,2019-12-22,2020-01-12,,156944,864995,2
1383007,2019-12-22,2020-01-12,,157030,124267,2
1383008,2019-12-22,2020-01-12,,157137,728780,2
1383009,2019-12-22,2020-01-12,,157181,213067,2
1383010,2019-12-22,2020-01-12,,157238,698688,2
1383011,2019-12-22,2020-01-12,,157336,815316,2
1383012,2019-12-22,2020-01-12,,157379,26499,2
1383013,2019-12-22,2020-01-12,,157379,341969,2
1383014,2019-12-22,2020-01-12,,157967,841204,2
1383015,2019-12-22,2020-01-12,,157974,118428,2
1383016,2019-12-22,2020-01-12,,158077,830125,2
1383017,2019-12-22,2020-01-12,,158287,740254,2
1383018,2019-12-22,2020-01-12,,158367,171687,2
1383019,2019-12-22,2020-01-12,,158666,325316,2
1383020,2019-12-22,2020-01-12,,158666,604946,2
1383021,2019-12-22,2020-01-12,,158954,105119,2
1383022,2019-12-22,2020-01-12,,158954,171403,2
1383023,2019-12-22,2020-01-12,,159069,198594,2
1383024,2019-12-22,2020-01-12,,159069,367013,2
1383025,2019-12-22,2020-01-12,,159112,306864,2
1383026,2019-12-22,2020-01-12,,159199,522491,2
1383027,2019-12-22,2020-01-12,,159223,175792,2
1383028,2019-12-22,2020-01-12,,159306,439976,2
1383029,2019-12-22,2020-01-12,,159344,106367,2
1383030,2019-12-22,2020-01-12,,159406,877052,2
1383031,2019-12-22,2020-01-12,,159463,269549,2
1383032,2019-12-22,2020-01-12,,159538,627955,2
1383033,2019-12-22,2020-01-12,,159605,863943,2
1383034,2019-12-23,2020-01-13,,3,378773,2
1383035,2019-12-23,2020-01-13,,104,350796,2
1383036,2019-12-23,2020-01-13,,109,150297,2
1383037,2019-12-23,2020-01-13,,116,383591,2
1383038,2019-12-23,2020-01-13,,340,516694,2
1383039,2019-12-23,2020-01-13,,340,683236,2
1383040,2019-12-23,2020-01-13,,436,350046,2
1383041,2019-12-23,2020-01-13,,474,842902,2
1383042,2019-12-23,2020-01-13,,506,433207,2
1383043,2019-12-23,2020-01-13,,523,166090,2
1383044,2019-12-23,2020-01-13,,523,671893,2
1383045,2019-12-23,2020-01-13,,524,432208,2
1383046,2019-12-23,2020-01-13,,524,664049,2
1383047,2019-12-23,2020-01-13,,656,478507,2
1383048,2019-12-23,2020-01-13,,704,838736,2
1383049,2019-12-23,2020-01-13,,712,879179,2
1383050,2019-12-23,2020-01-13,,754,211225,2
1383051,2019-12-23,2020-01-13,,795,297128,2
1383052,2019-12-23,2020-01-13,,795,690382,2
1383053,2019-12-23,2020-01-13,,799,804521,2
1383054,2019-12-23,2020-01-13,,986,475301,2
1383055,2019-12-23,2020-01-13,,1002,516533,2
1383056,2019-12-23,2020-01-13,,1081,21920,2
1383057,2019-12-23,2020-01-13,,1338,283330,2
1383058,2019-12-23,2020-01-13,,1470,886727,2
1383059,2019-12-23,2020-01-13,,1881,263449,2
1383060,2019-12-23,2020-01-13,,1972,395509,2
1383061,2019-12-23,2020-01-13,,2318,411490,2
1383062,2019-12-23,2020-01-13,,2324,568191,2
1383063,2019-12-23,2020-01-13,,2395,278621,2
1383064,2019-12-23,2020-01-13,,2540,834063,2
1383065,2019-12-23,2020-01-13,,2694,230955,2
1383066,2019-12-23,2020-01-13,,2708,110571,2
1383067,2019-12-23,2020-01-13,,2849,15883,2
1383068,2019-12-23,2020-01-13,,2849,429862,2
1383069,2019-12-23,2020-01-13,,2880,268456,2
1383070,2019-12-23,2020-01-13,,2880,379974,2
1383071,2019-12-23,2020-01-13,,3001,737840,2
1383072,2019-12-23,2020-01-13,,3194,662492,2
1383073,2019-12-23,2020-01-13,,3194,768274,2
1383074,2019-12-23,2020-01-13,,3231,156728,2
1383075,2019-12-23,2020-01-13,,3358,41050,2
1383076,2019-12-23,2020-01-13,,3358,120586,2
1383077,2019-12-23,2020-01-13,,3358,331749,2
1383078,2019-12-23,2020-01-13,,3358,360424,2
1383079,2019-12-23,2020-01-13,,3424,330232,2
1383080,2019-12-23,2020-01-13,,3458,813024,2
1383081,2019-12-23,2020-01-13,,3534,46818,2
1383082,2019-12-23,2020-01-13,,3565,483798,2
1383083,2019-12-23,2020-01-13,,3596,145384,2
1383084,2019-12-23,2020-01-13,,3618,188209,2
1383085,2019-12-23,2020-01-13,,3618,604947,2
1383086,2019-12-23,2020-01-13,,3618,670941,2
1383087,2019-12-23,2020-01-13,,3618,766445,2
1383088,2019-12-23,2020-01-13,,3654,336153,2
1383089,2019-12-23,2020-01-13,,3790,439675,2
1383090,2019-12-23,2020-01-13,,3828,188394,2
1383091,2019-12-23,2020-01-13,,3836,431285,2
1383092,2019-12-23,2020-01-13,,3836,496441,2
1383093,2019-12-23,2020-01-13,,3836,554046,2
1383094,2019-12-23,2020-01-13,,3885,273795,2
1383095,2019-12-23,2020-01-13,,4056,275176,2
1383096,2019-12-23,2020-01-13,,4059,424899,2
1383097,2019-12-23,2020-01-13,,4242,475943,2
1383098,2019-12-23,2020-01-13,,4530,494292,2
1383099,2019-12-23,2020-01-13,,4561,175376,2
1383100,2019-12-23,2020-01-13,,4664,793964,2
1383101,2019-12-23,2020-01-13,,4838,451556,2
1383102,2019-12-23,2020-01-13,,4858,164026,2
1383103,2019-12-23,2020-01-13,,4858,206858,2
1383104,2019-12-23,2020-01-13,,4858,234307,2
1383105,2019-12-23,2020-01-13,,4858,486680,2
1383106,2019-12-23,2020-01-13,,4858,726540,2
1383107,2019-12-23,2020-01-13,,4963,845050,2
1383108,2019-12-23,2020-01-13,,4978,57984,2
1383109,2019-12-23,2020-01-13,,5039,711695,2
1383110,2019-12-23,2020-01-13,,5138,867871,2
1383111,2019-12-23,2020-01-13,,5221,638080,2
1383112,2019-12-23,2020-01-13,,5287,251122,2
1383113,2019-12-23,2020-01-13,,5287,416099,2
1383114,2019-12-23,2020-01-13,,5287,421188,2
1383115,2019-12-23,2020-01-13,,5287,799118,2
1383116,2019-12-23,2020-01-13,,5332,312152,2
1383117,2019-12-23,2020-01-13,,5492,213068,2
1383118,2019-12-23,2020-01-13,,5544,533143,2
1383119,2019-12-23,2020-01-13,,5546,124371,2
1383120,2019-12-23,2020-01-13,,5622,719527,2
1383121,2019-12-23,2020-01-13,,5637,910562,2
1383122,2019-12-23,2020-01-13,,5678,506835,2
1383123,2019-12-23,2020-01-13,,5733,34038,2
1383124,2019-12-23,2020-01-13,,5751,280159,2
1383125,2019-12-23,2020-01-13,,5862,73648,2
1383126,2019-12-23,2020-01-13,,5889,907212,2
1383127,2019-12-23,2020-01-13,,6006,143503,2
1383128,2019-12-23,2020-01-13,,6006,850810,2
1383129,2019-12-23,2020-01-13,,6121,807348,2
1383130,2019-12-23,2020-01-13,,6177,203380,2
1383131,2019-12-23,2020-01-13,,6211,459451,2
1383132,2019-12-23,2020-01-13,,6360,488882,2
1383133,2019-12-23,2020-01-13,,6517,691425,2
1383134,2019-12-23,2020-01-13,,6524,470282,2
1383135,2019-12-23,2020-01-13,,6619,661888,2
1383136,2019-12-23,2020-01-13,,6725,66466,2
1383137,2019-12-23,2020-01-13,,6725,561898,2
1383138,2019-12-23,2020-01-13,,6777,638866,2
1383139,2019-12-23,2020-01-13,,7081,918500,2
1383140,2019-12-23,2020-01-13,,7107,915038,2
1383141,2019-12-23,2020-01-13,,7196,139597,2
1383142,2019-12-23,2020-01-13,,7274,553507,2
1383143,2019-12-23,2020-01-13,,7466,218816,2
1383144,2019-12-23,2020-01-13,,7587,304571,2
1383145,2019-12-23,2020-01-13,,8069,271895,2
1383146,2019-12-23,2020-01-13,,8332,312910,2
1383147,2019-12-23,2020-01-13,,8530,44432,2
1383148,2019-12-23,2020-01-13,,8675,68767,2
1383149,2019-12-23,2020-01-13,,8675,152177,2
1383150,2019-12-23,2020-01-13,,8675,306211,2
1383151,2019-12-23,2020-01-13,,8675,546821,2
1383152,2019-12-23,2020-01-13,,8743,812500,2
1383153,2019-12-23,2020-01-13,,8769,677363,2
1383154,2019-12-23,2020-01-13,,8841,36967,2
1383155,2019-12-23,2020-01-13,,9123,175377,2
1383156,2019-12-23,2020-01-13,,9149,272161,2
1383157,2019-12-23,2020-01-13,,9224,253552,2
1383158,2019-12-23,2020-01-13,,9226,54254,2
1383159,2019-12-23,2020-01-13,,9279,197916,2
1383160,2019-12-23,2020-01-13,,9298,5659,2
1383161,2019-12-23,2020-01-13,,9310,285654,2
1383162,2019-12-23,2020-01-13,,9440,745823,2
1383163,2019-12-23,2020-01-13,,9772,8031,2
1383164,2019-12-23,2020-01-13,,9930,546961,2
1383165,2019-12-23,2020-01-13,,10017,668798,2
1383166,2019-12-23,2020-01-13,,10028,901682,2
1383167,2019-12-23,2020-01-13,,10220,188238,2
1383168,2019-12-23,2020-01-13,,10220,553151,2
1383169,2019-12-23,2020-01-13,,10220,725898,2
1383170,2019-12-23,2020-01-13,,10220,931500,2
1383171,2019-12-23,2020-01-13,,10236,188554,2
1383172,2019-12-23,2020-01-13,,10432,929839,2
1383173,2019-12-23,2020-01-13,,10575,134951,2
1383174,2019-12-23,2020-01-13,,10686,360177,2
1383175,2019-12-23,2020-01-13,,10924,300912,2
1383176,2019-12-23,2020-01-13,,11134,651583,2
1383177,2019-12-23,2020-01-13,,11138,201551,2
1383178,2019-12-23,2020-01-13,,11211,127435,2
1383179,2019-12-23,2020-01-13,,11297,392195,2
1383180,2019-12-23,2020-01-13,,11309,59050,2
1383181,2019-12-23,2020-01-13,,11387,510117,2
1383182,2019-12-23,2020-01-13,,11458,135133,2
1383183,2019-12-23,2020-01-13,,11458,144822,2
1383184,2019-12-23,2020-01-13,,11551,459508,2
1383185,2019-12-23,2020-01-13,,11755,844930,2
1383186,2019-12-23,2020-01-13,,11805,687246,2
1383187,2019-12-23,2020-01-13,,11854,197508,2
1383188,2019-12-23,2020-01-13,,11854,638530,2
1383189,2019-12-23,2020-01-13,,11932,844906,2
1383190,2019-12-23,2020-01-13,,12003,379724,2
1383191,2019-12-23,2020-01-13,,12012,290963,2
1383192,2019-12-23,2020-01-13,,12286,840896,2
1383193,2019-12-23,2020-01-13,,12336,201731,2
1383194,2019-12-23,2020-01-13,,12516,126506,2
1383195,2019-12-23,2020-01-13,,12615,884465,2
1383196,2019-12-23,2020-01-13,,12688,370572,2
1383197,2019-12-23,2020-01-13,,12739,575188,2
1383198,2019-12-23,2020-01-13,,12739,740452,2
1383199,2019-12-23,2020-01-13,,12785,721063,2
1383200,2019-12-23,2020-01-13,,12846,183963,2
1383201,2019-12-23,2020-01-13,,12846,553418,2
1383202,2019-12-23,2020-01-13,,12846,713471,2
1383203,2019-12-23,2020-01-13,,12846,808920,2
1383204,2019-12-23,2020-01-13,,12846,871415,2
1383205,2019-12-23,2020-01-13,,12952,366479,2
1383206,2019-12-23,2020-01-13,,13069,823979,2
1383207,2019-12-23,2020-01-13,,13253,171966,2
1383208,2019-12-23,2020-01-13,,13269,153247,2
1383209,2019-12-23,2020-01-13,,13340,691727,2
1383210,2019-12-23,2020-01-13,,13438,545706,2
1383211,2019-12-23,2020-01-13,,13627,740996,2
1383212,2019-12-23,2020-01-13,,13839,41069,2
1383213,2019-12-23,2020-01-13,,13839,226586,2
1383214,2019-12-23,2020-01-13,,13839,645763,2
1383215,2019-12-23,2020-01-13,,13892,309838,2
1383216,2019-12-23,2020-01-13,,13946,14847,2
1383217,2019-12-23,2020-01-13,,13946,72593,2
1383218,2019-12-23,2020-01-13,,13946,179747,2
1383219,2019-12-23,2020-01-13,,14252,900881,2
1383220,2019-12-23,2020-01-13,,14403,784684,2
1383221,2019-12-23,2020-01-13,,14427,659200,2
1383222,2019-12-23,2020-01-13,,14480,523173,2
1383223,2019-12-23,2020-01-13,,14546,866709,2
1383224,2019-12-23,2020-01-13,,14585,778315,2
1383225,2019-12-23,2020-01-13,,14660,471946,2
1383226,2019-12-23,2020-01-13,,14841,309511,2
1383227,2019-12-23,2020-01-13,,14864,158234,2
1383228,2019-12-23,2020-01-13,,14864,445799,2
1383229,2019-12-23,2020-01-13,,14901,935797,2
1383230,2019-12-23,2020-01-13,,15007,123844,2
1383231,2019-12-23,2020-01-13,,15066,802511,2
1383232,2019-12-23,2020-01-13,,15290,153255,2
1383233,2019-12-23,2020-01-13,,15316,429623,2
1383234,2019-12-23,2020-01-13,,15379,797225,2
1383235,2019-12-23,2020-01-13,,15670,445264,2
1383236,2019-12-23,2020-01-13,,15835,140418,2
1383237,2019-12-23,2020-01-13,,15835,205072,2
1383238,2019-12-23,2020-01-13,,15977,34971,2
1383239,2019-12-23,2020-01-13,,16069,560117,2
1383240,2019-12-23,2020-01-13,,16371,745523,2
1383241,2019-12-23,2020-01-13,,16407,213505,2
1383242,2019-12-23,2020-01-13,,16417,344004,2
1383243,2019-12-23,2020-01-13,,16630,593421,2
1383244,2019-12-23,2020-01-13,,16663,432604,2
1383245,2019-12-23,2020-01-13,,16733,466020,2
1383246,2019-12-23,2020-01-13,,16845,680457,2
1383247,2019-12-23,2020-01-13,,16917,460298,2
1383248,2019-12-23,2020-01-13,,17076,541869,2
1383249,2019-12-23,2020-01-13,,17125,864911,2
1383250,2019-12-23,2020-01-13,,17158,259377,2
1383251,2019-12-23,2020-01-13,,17189,37264,2
1383252,2019-12-23,2020-01-13,,17277,147931,2
1383253,2019-12-23,2020-01-13,,17277,686638,2
1383254,2019-12-23,2020-01-13,,17277,792062,2
1383255,2019-12-23,2020-01-13,,17277,851566,2
1383256,2019-12-23,2020-01-13,,17501,684882,2
1383257,2019-12-23,2020-01-13,,17701,677368,2
1383258,2019-12-23,2020-01-13,,17788,558927,2
1383259,2019-12-23,2020-01-13,,17831,611899,2
1383260,2019-12-23,2020-01-13,,17842,601430,2
1383261,2019-12-23,2020-01-13,,17967,9990,2
1383262,2019-12-23,2020-01-13,,18031,95407,2
1383263,2019-12-23,2020-01-13,,18041,205134,2
1383264,2019-12-23,2020-01-13,,18085,737841,2
1383265,2019-12-23,2020-01-13,,18144,442762,2
1383266,2019-12-23,2020-01-13,,18187,232106,2
1383267,2019-12-23,2020-01-13,,18187,622003,2
1383268,2019-12-23,2020-01-13,,18221,166012,2
1383269,2019-12-23,2020-01-13,,18257,666591,2
1383270,2019-12-23,2020-01-13,,18269,342937,2
1383271,2019-12-23,2020-01-13,,18269,944955,2
1383272,2019-12-23,2020-01-13,,18296,378798,2
1383273,2019-12-23,2020-01-13,,18341,612074,2
1383274,2019-12-23,2020-01-13,,18557,909969,2
1383275,2019-12-23,2020-01-13,,18562,236986,2
1383276,2019-12-23,2020-01-13,,18632,596320,2
1383277,2019-12-23,2020-01-13,,18724,698181,2
1383278,2019-12-23,2020-01-13,,18804,321314,2
1383279,2019-12-23,2020-01-13,,18817,733683,2
1383280,2019-12-23,2020-01-13,,18851,621829,2
1383281,2019-12-23,2020-01-13,,18918,877760,2
1383282,2019-12-23,2020-01-13,,18983,485435,2
1383283,2019-12-23,2020-01-13,,19008,118117,2
1383284,2019-12-23,2020-01-13,,19199,898136,2
1383285,2019-12-23,2020-01-13,,19414,858749,2
1383286,2019-12-23,2020-01-13,,19420,269585,2
1383287,2019-12-23,2020-01-13,,19493,700173,2
1383288,2019-12-23,2020-01-13,,19609,366480,2
1383289,2019-12-23,2020-01-13,,19609,698790,2
1383290,2019-12-23,2020-01-13,,19609,832389,2
1383291,2019-12-23,2020-01-13,,19904,728162,2
1383292,2019-12-23,2020-01-13,,19905,181304,2
1383293,2019-12-23,2020-01-13,,19951,90502,2
1383294,2019-12-23,2020-01-13,,20112,674367,2
1383295,2019-12-23,2020-01-13,,20258,382892,2
1383296,2019-12-23,2020-01-13,,20327,234075,2
1383297,2019-12-23,2020-01-13,,20630,442545,2
1383298,2019-12-23,2020-01-13,,20697,119590,2
1383299,2019-12-23,2020-01-13,,20782,335393,2
1383300,2019-12-23,2020-01-13,,20876,822685,2
1383301,2019-12-23,2020-01-13,,20926,315579,2
1383302,2019-12-23,2020-01-13,,20963,80168,2
1383303,2019-12-23,2020-01-13,,20985,57985,2
1383304,2019-12-23,2020-01-13,,20993,354665,2
1383305,2019-12-23,2020-01-13,,21202,281994,2
1383306,2019-12-23,2020-01-13,,21207,539013,2
1383307,2019-12-23,2020-01-13,,21208,803112,2
1383308,2019-12-23,2020-01-13,,21224,423630,2
1383309,2019-12-23,2020-01-13,,21225,950518,2
1383310,2019-12-23,2020-01-13,,21278,610714,2
1383311,2019-12-23,2020-01-13,,21364,222193,2
1383312,2019-12-23,2020-01-13,,21364,700607,2
1383313,2019-12-23,2020-01-13,,21435,263758,2
1383314,2019-12-23,2020-01-13,,21467,337849,2
1383315,2019-12-23,2020-01-13,,21496,262828,2
1383316,2019-12-23,2020-01-13,,21496,824384,2
1383317,2019-12-23,2020-01-13,,21496,846406,2
1383318,2019-12-23,2020-01-13,,21502,366535,2
1383319,2019-12-23,2020-01-13,,21547,689337,2
1383320,2019-12-23,2020-01-13,,21666,810763,2
1383321,2019-12-23,2020-01-13,,21668,852965,2
1383322,2019-12-23,2020-01-13,,21888,225048,2
1383323,2019-12-23,2020-01-13,,22017,124700,2
1383324,2019-12-23,2020-01-13,,22073,836818,2
1383325,2019-12-23,2020-01-13,,22127,104324,2
1383326,2019-12-23,2020-01-13,,22318,96878,2
1383327,2019-12-23,2020-01-13,,22346,644233,2
1383328,2019-12-23,2020-01-13,,22415,583873,2
1383329,2019-12-23,2020-01-13,,22429,486466,2
1383330,2019-12-23,2020-01-13,,22596,439682,2
1383331,2019-12-23,2020-01-13,,22630,755607,2
1383332,2019-12-23,2020-01-13,,23044,652151,2
1383333,2019-12-23,2020-01-13,,23152,323506,2
1383334,2019-12-23,2020-01-13,,23152,754603,2
1383335,2019-12-23,2020-01-13,,23169,650272,2
1383336,2019-12-23,2020-01-13,,23528,94819,2
1383337,2019-12-23,2020-01-13,,23687,705198,2
1383338,2019-12-23,2020-01-13,,23815,273117,2
1383339,2019-12-23,2020-01-13,,23860,155012,2
1383340,2019-12-23,2020-01-13,,23885,228686,2
1383341,2019-12-23,2020-01-13,,24004,545784,2
1383342,2019-12-23,2020-01-13,,24243,416315,2
1383343,2019-12-23,2020-01-13,,24465,755786,2
1383344,2019-12-23,2020-01-13,,24647,528941,2
1383345,2019-12-23,2020-01-13,,24769,617881,2
1383346,2019-12-23,2020-01-13,,24971,252475,2
1383347,2019-12-23,2020-01-13,,25046,169283,2
1383348,2019-12-23,2020-01-13,,25046,265044,2
1383349,2019-12-23,2020-01-13,,25264,270833,2
1383350,2019-12-23,2020-01-13,,25451,71226,2
1383351,2019-12-23,2020-01-13,,25517,754820,2
1383352,2019-12-23,2020-01-13,,25553,836427,2
1383353,2019-12-23,2020-01-13,,25571,76489,2
1383354,2019-12-23,2020-01-13,,25988,142682,2
1383355,2019-12-23,2020-01-13,,25988,607130,2
1383356,2019-12-23,2020-01-13,,26064,55854,2
1383357,2019-12-23,2020-01-13,,26083,864886,2
1383358,2019-12-23,2020-01-13,,26224,233776,2
1383359,2019-12-23,2020-01-13,,26280,390485,2
1383360,2019-12-23,2020-01-13,,26359,809905,2
1383361,2019-12-23,2020-01-13,,26362,860497,2
1383362,2019-12-23,2020-01-13,,26420,698723,2
1383363,2019-12-23,2020-01-13,,26425,611204,2
1383364,2019-12-23,2020-01-13,,26431,170366,2
1383365,2019-12-23,2020-01-13,,26483,929141,2
1383366,2019-12-23,2020-01-13,,26522,35646,2
1383367,2019-12-23,2020-01-13,,26522,36920,2
1383368,2019-12-23,2020-01-13,,26522,585571,2
1383369,2019-12-23,2020-01-13,,26522,681909,2
1383370,2019-12-23,2020-01-13,,26522,783547,2
1383371,2019-12-23,2020-01-13,,26553,117409,2
1383372,2019-12-23,2020-01-13,,26630,701687,2
1383373,2019-12-23,2020-01-13,,26690,54076,2
1383374,2019-12-23,2020-01-13,,26690,928709,2
1383375,2019-12-23,2020-01-13,,26741,727128,2
1383376,2019-12-23,2020-01-13,,26862,180586,2
1383377,2019-12-23,2020-01-13,,26966,33053,2
1383378,2019-12-23,2020-01-13,,26966,476184,2
1383379,2019-12-23,2020-01-13,,26989,337958,2
1383380,2019-12-23,2020-01-13,,27048,602570,2
1383381,2019-12-23,2020-01-13,,27086,216529,2
1383382,2019-12-23,2020-01-13,,27319,215670,2
1383383,2019-12-23,2020-01-13,,27328,552553,2
1383384,2019-12-23,2020-01-13,,27550,194376,2
1383385,2019-12-23,2020-01-13,,27596,425519,2
1383386,2019-12-23,2020-01-13,,27704,324767,2
1383387,2019-12-23,2020-01-13,,27791,513309,2
1383388,2019-12-23,2020-01-13,,27884,903749,2
1383389,2019-12-23,2020-01-13,,28016,867287,2
1383390,2019-12-23,2020-01-13,,28029,655818,2
1383391,2019-12-23,2020-01-13,,28114,591992,2
1383392,2019-12-23,2020-01-13,,28114,760431,2
1383393,2019-12-23,2020-01-13,,28114,792126,2
1383394,2019-12-23,2020-01-13,,28280,351607,2
1383395,2019-12-23,2020-01-13,,28372,498267,2
1383396,2019-12-23,2020-01-13,,28463,142618,2
1383397,2019-12-23,2020-01-13,,28463,417114,2
1383398,2019-12-23,2020-01-13,,28463,775739,2
1383399,2019-12-23,2020-01-13,,28579,33548,2
1383400,2019-12-23,2020-01-13,,28617,416186,2
1383401,2019-12-23,2020-01-13,,28617,775441,2
1383402,2019-12-23,2020-01-13,,28847,42673,2
1383403,2019-12-23,2020-01-13,,28847,297453,2
1383404,2019-12-23,2020-01-13,,28847,838549,2
1383405,2019-12-23,2020-01-13,,28930,758950,2
1383406,2019-12-23,2020-01-13,,29089,422381,2
1383407,2019-12-23,2020-01-13,,29174,87357,2
1383408,2019-12-23,2020-01-13,,29204,229985,2
1383409,2019-12-23,2020-01-13,,29250,519225,2
1383410,2019-12-23,2020-01-13,,29323,671214,2
1383411,2019-12-23,2020-01-13,,29349,366522,2
1383412,2019-12-23,2020-01-13,,29420,280184,2
1383413,2019-12-23,2020-01-13,,29518,662626,2
1383414,2019-12-23,2020-01-13,,29552,641171,2
1383415,2019-12-23,2020-01-13,,29609,511697,2
1383416,2019-12-23,2020-01-13,,29693,195137,2
1383417,2019-12-23,2020-01-13,,29749,851081,2
1383418,2019-12-23,2020-01-13,,29864,668765,2
1383419,2019-12-23,2020-01-13,,29920,525635,2
1383420,2019-12-23,2020-01-13,,29926,587416,2
1383421,2019-12-23,2020-01-13,,29949,879729,2
1383422,2019-12-23,2020-01-13,,30019,611021,2
1383423,2019-12-23,2020-01-13,,30032,690902,2
1383424,2019-12-23,2020-01-13,,30174,717021,2
1383425,2019-12-23,2020-01-13,,30236,462010,2
1383426,2019-12-23,2020-01-13,,30374,319524,2
1383427,2019-12-23,2020-01-13,,30416,457463,2
1383428,2019-12-23,2020-01-13,,30524,749931,2
1383429,2019-12-23,2020-01-13,,30906,894164,2
1383430,2019-12-23,2020-01-13,,31079,562445,2
1383431,2019-12-23,2020-01-13,,31169,757500,2
1383432,2019-12-23,2020-01-13,,31353,954778,2
1383433,2019-12-23,2020-01-13,,31573,901675,2
1383434,2019-12-23,2020-01-13,,31657,40620,2
1383435,2019-12-23,2020-01-13,,31821,723101,2
1383436,2019-12-23,2020-01-13,,31821,733930,2
1383437,2019-12-23,2020-01-13,,31821,775885,2
1383438,2019-12-23,2020-01-13,,31821,808799,2
1383439,2019-12-23,2020-01-13,,31825,757961,2
1383440,2019-12-23,2020-01-13,,31825,764489,2
1383441,2019-12-23,2020-01-13,,31882,226578,2
1383442,2019-12-23,2020-01-13,,31914,511280,2
1383443,2019-12-23,2020-01-13,,31945,414406,2
1383444,2019-12-23,2020-01-13,,32013,818777,2
1383445,2019-12-23,2020-01-13,,32060,817307,2
1383446,2019-12-23,2020-01-13,,32090,188210,2
1383447,2019-12-23,2020-01-13,,32090,762875,2
1383448,2019-12-23,2020-01-13,,32090,880878,2
1383449,2019-12-23,2020-01-13,,32317,421449,2
1383450,2019-12-23,2020-01-13,,32391,69244,2
1383451,2019-12-23,2020-01-13,,32516,450971,2
1383452,2019-12-23,2020-01-13,,32590,651573,2
1383453,2019-12-23,2020-01-13,,32607,886514,2
1383454,2019-12-23,2020-01-13,,32896,12393,2
1383455,2019-12-23,2020-01-13,,32941,113065,2
1383456,2019-12-23,2020-01-13,,33161,644289,2
1383457,2019-12-23,2020-01-13,,33307,260098,2
1383458,2019-12-23,2020-01-13,,33326,232881,2
1383459,2019-12-23,2020-01-13,,33672,588344,2
1383460,2019-12-23,2020-01-13,,33715,764524,2
1383461,2019-12-23,2020-01-13,,33721,608420,2
1383462,2019-12-23,2020-01-13,,33756,892639,2
1383463,2019-12-23,2020-01-13,,34074,102158,2
1383464,2019-12-23,2020-01-13,,34074,207405,2
1383465,2019-12-23,2020-01-13,,34095,2034,2
1383466,2019-12-23,2020-01-13,,34116,880879,2
1383467,2019-12-23,2020-01-13,,34139,47318,2
1383468,2019-12-23,2020-01-13,,34492,237240,2
1383469,2019-12-23,2020-01-13,,34504,586177,2
1383470,2019-12-23,2020-01-13,,34667,433532,2
1383471,2019-12-23,2020-01-13,,34804,772109,2
1383472,2019-12-23,2020-01-13,,35048,382725,2
1383473,2019-12-23,2020-01-13,,35061,192754,2
1383474,2019-12-23,2020-01-13,,35080,780282,2
1383475,2019-12-23,2020-01-13,,35080,858233,2
1383476,2019-12-23,2020-01-13,,35110,567834,2
1383477,2019-12-23,2020-01-13,,35132,519091,2
1383478,2019-12-23,2020-01-13,,35202,342738,2
1383479,2019-12-23,2020-01-13,,35248,845070,2
1383480,2019-12-23,2020-01-13,,35636,5503,2
1383481,2019-12-23,2020-01-13,,35636,310488,2
1383482,2019-12-23,2020-01-13,,35636,343916,2
1383483,2019-12-23,2020-01-13,,35636,798987,2
1383484,2019-12-23,2020-01-13,,35781,201395,2
1383485,2019-12-23,2020-01-13,,35853,217317,2
1383486,2019-12-23,2020-01-13,,35917,362245,2
1383487,2019-12-23,2020-01-13,,36123,603105,2
1383488,2019-12-23,2020-01-13,,36191,607761,2
1383489,2019-12-23,2020-01-13,,36215,540313,2
1383490,2019-12-23,2020-01-13,,36243,164537,2
1383491,2019-12-23,2020-01-13,,36424,622532,2
1383492,2019-12-23,2020-01-13,,36435,876324,2
1383493,2019-12-23,2020-01-13,,36491,572613,2
1383494,2019-12-23,2020-01-13,,36898,464651,2
1383495,2019-12-23,2020-01-13,,36928,188191,2
1383496,2019-12-23,2020-01-13,,36928,410205,2
1383497,2019-12-23,2020-01-13,,36928,846289,2
1383498,2019-12-23,2020-01-13,,36928,937280,2
1383499,2019-12-23,2020-01-13,,37191,85969,2
1383500,2019-12-23,2020-01-13,,37516,663761,2
1383501,2019-12-23,2020-01-13,,37761,881614,2
1383502,2019-12-23,2020-01-13,,37892,348508,2
1383503,2019-12-23,2020-01-13,,37892,443709,2
1383504,2019-12-23,2020-01-13,,37892,652200,2
1383505,2019-12-23,2020-01-13,,37911,652178,2
1383506,2019-12-23,2020-01-13,,38045,185465,2
1383507,2019-12-23,2020-01-13,,38218,844529,2
1383508,2019-12-23,2020-01-13,,38431,903878,2
1383509,2019-12-23,2020-01-13,,38740,756212,2
1383510,2019-12-23,2020-01-13,,38795,57676,2
1383511,2019-12-23,2020-01-13,,38803,677572,2
1383512,2019-12-23,2020-01-13,,38954,812510,2
1383513,2019-12-23,2020-01-13,,39099,892032,2
1383514,2019-12-23,2020-01-13,,39218,363907,2
1383515,2019-12-23,2020-01-13,,39292,878081,2
1383516,2019-12-23,2020-01-13,,39422,270641,2
1383517,2019-12-23,2020-01-13,,39714,349640,2
1383518,2019-12-23,2020-01-13,,39959,493785,2
1383519,2019-12-23,2020-01-13,,40080,699043,2
1383520,2019-12-23,2020-01-13,,40107,236614,2
1383521,2019-12-23,2020-01-13,,40146,471249,2
1383522,2019-12-23,2020-01-13,,40168,191011,2
1383523,2019-12-23,2020-01-13,,40217,529852,2
1383524,2019-12-23,2020-01-13,,40557,625111,2
1383525,2019-12-23,2020-01-13,,40856,587588,2
1383526,2019-12-23,2020-01-13,,40897,309068,2
1383527,2019-12-23,2020-01-13,,40908,881438,2
1383528,2019-12-23,2020-01-13,,40975,159417,2
1383529,2019-12-23,2020-01-13,,40975,423292,2
1383530,2019-12-23,2020-01-13,,41003,312545,2
1383531,2019-12-23,2020-01-13,,41038,930183,2
1383532,2019-12-23,2020-01-13,,41168,300171,2
1383533,2019-12-23,2020-01-13,,41530,353160,2
1383534,2019-12-23,2020-01-13,,41571,757071,2
1383535,2019-12-23,2020-01-13,,41595,162336,2
1383536,2019-12-23,2020-01-13,,41689,443642,2
1383537,2019-12-23,2020-01-13,,41712,217748,2
1383538,2019-12-23,2020-01-13,,41712,430122,2
1383539,2019-12-23,2020-01-13,,41803,705833,2
1383540,2019-12-23,2020-01-13,,42026,831881,2
1383541,2019-12-23,2020-01-13,,42154,627956,2
1383542,2019-12-23,2020-01-13,,42246,761623,2
1383543,2019-12-23,2020-01-13,,42258,609483,2
1383544,2019-12-23,2020-01-13,,42438,610526,2
1383545,2019-12-23,2020-01-13,,42480,155097,2
1383546,2019-12-23,2020-01-13,,42528,59762,2
1383547,2019-12-23,2020-01-13,,42719,757898,2
1383548,2019-12-23,2020-01-13,,42826,31019,2
1383549,2019-12-23,2020-01-13,,42841,933262,2
1383550,2019-12-23,2020-01-13,,43068,678785,2
1383551,2019-12-23,2020-01-13,,43102,533082,2
1383552,2019-12-23,2020-01-13,,43209,90180,2
1383553,2019-12-23,2020-01-13,,43209,111683,2
1383554,2019-12-23,2020-01-13,,43209,147882,2
1383555,2019-12-23,2020-01-13,,43209,193846,2
1383556,2019-12-23,2020-01-13,,43209,316909,2
1383557,2019-12-23,2020-01-13,,43209,331258,2
1383558,2019-12-23,2020-01-13,,43209,342262,2
1383559,2019-12-23,2020-01-13,,43209,438983,2
1383560,2019-12-23,2020-01-13,,43209,463503,2
1383561,2019-12-23,2020-01-13,,43209,519086,2
1383562,2019-12-23,2020-01-13,,43209,644994,2
1383563,2019-12-23,2020-01-13,,43209,682569,2
1383564,2019-12-23,2020-01-13,,43209,772342,2
1383565,2019-12-23,2020-01-13,,43209,869906,2
1383566,2019-12-23,2020-01-13,,43273,737876,2
1383567,2019-12-23,2020-01-13,,43322,376094,2
1383568,2019-12-23,2020-01-13,,43470,538255,2
1383569,2019-12-23,2020-01-13,,43573,101281,2
1383570,2019-12-23,2020-01-13,,43573,395235,2
1383571,2019-12-23,2020-01-13,,43573,508595,2
1383572,2019-12-23,2020-01-13,,43573,569575,2
1383573,2019-12-23,2020-01-13,,43587,823999,2
1383574,2019-12-23,2020-01-13,,43663,559124,2
1383575,2019-12-23,2020-01-13,,43809,858397,2
1383576,2019-12-23,2020-01-13,,43930,188233,2
1383577,2019-12-23,2020-01-13,,44148,944561,2
1383578,2019-12-23,2020-01-13,,44216,519367,2
1383579,2019-12-23,2020-01-13,,44234,826654,2
1383580,2019-12-23,2020-01-13,,44494,112116,2
1383581,2019-12-23,2020-01-13,,44618,25645,2
1383582,2019-12-23,2020-01-13,,44696,883698,2
1383583,2019-12-23,2020-01-13,,44904,525942,2
1383584,2019-12-23,2020-01-13,,45160,590770,2
1383585,2019-12-23,2020-01-13,,45177,59071,2
1383586,2019-12-23,2020-01-13,,45420,497090,2
1383587,2019-12-23,2020-01-13,,45676,149553,2
1383588,2019-12-23,2020-01-13,,45781,417596,2
1383589,2019-12-23,2020-01-13,,46225,192828,2
1383590,2019-12-23,2020-01-13,,46265,393757,2
1383591,2019-12-23,2020-01-13,,46434,29319,2
1383592,2019-12-23,2020-01-13,,46434,533878,2
1383593,2019-12-23,2020-01-13,,46434,561760,2
1383594,2019-12-23,2020-01-13,,46434,635830,2
1383595,2019-12-23,2020-01-13,,46434,699146,2
1383596,2019-12-23,2020-01-13,,46434,851723,2
1383597,2019-12-23,2020-01-13,,46444,698182,2
1383598,2019-12-23,2020-01-13,,46455,752257,2
1383599,2019-12-23,2020-01-13,,46455,799088,2
1383600,2019-12-23,2020-01-13,,46455,886281,2
1383601,2019-12-23,2020-01-13,,46498,399364,2
1383602,2019-12-23,2020-01-13,,46516,539430,2
1383603,2019-12-23,2020-01-13,,46565,419224,2
1383604,2019-12-23,2020-01-13,,46611,211892,2
1383605,2019-12-23,2020-01-13,,46639,489630,2
1383606,2019-12-23,2020-01-13,,46744,273806,2
1383607,2019-12-23,2020-01-13,,46744,744218,2
1383608,2019-12-23,2020-01-13,,46964,773848,2
1383609,2019-12-23,2020-01-13,,46964,935012,2
1383610,2019-12-23,2020-01-13,,47156,554008,2
1383611,2019-12-23,2020-01-13,,47331,414524,2
1383612,2019-12-23,2020-01-13,,47513,308696,2
1383613,2019-12-23,2020-01-13,,47524,275189,2
1383614,2019-12-23,2020-01-13,,47627,442971,2
1383615,2019-12-23,2020-01-13,,47652,31871,2
1383616,2019-12-23,2020-01-13,,47660,267010,2
1383617,2019-12-23,2020-01-13,,47697,704286,2
1383618,2019-12-23,2020-01-13,,47747,563602,2
1383619,2019-12-23,2020-01-13,,47747,871416,2
1383620,2019-12-23,2020-01-13,,47747,913223,2
1383621,2019-12-23,2020-01-13,,47758,641283,2
1383622,2019-12-23,2020-01-13,,48110,408119,2
1383623,2019-12-23,2020-01-13,,48159,534082,2
1383624,2019-12-23,2020-01-13,,48840,151606,2
1383625,2019-12-23,2020-01-13,,48907,119048,2
1383626,2019-12-23,2020-01-13,,49183,427747,2
1383627,2019-12-23,2020-01-13,,49309,58001,2
1383628,2019-12-23,2020-01-13,,49555,739791,2
1383629,2019-12-23,2020-01-13,,49599,569878,2
1383630,2019-12-23,2020-01-13,,49618,440224,2
1383631,2019-12-23,2020-01-13,,49717,842129,2
1383632,2019-12-23,2020-01-13,,49785,737292,2
1383633,2019-12-23,2020-01-13,,49790,106165,2
1383634,2019-12-23,2020-01-13,,49851,487036,2
1383635,2019-12-23,2020-01-13,,49870,2373,2
1383636,2019-12-23,2020-01-13,,49901,52716,2
1383637,2019-12-23,2020-01-13,,49901,620004,2
1383638,2019-12-23,2020-01-13,,49934,147422,2
1383639,2019-12-23,2020-01-13,,49962,56044,2
1383640,2019-12-23,2020-01-13,,49962,66751,2
1383641,2019-12-23,2020-01-13,,49962,504039,2
1383642,2019-12-23,2020-01-13,,49962,891957,2
1383643,2019-12-23,2020-01-13,,49962,903821,2
1383644,2019-12-23,2020-01-13,,49984,238703,2
1383645,2019-12-23,2020-01-13,,50179,598995,2
1383646,2019-12-23,2020-01-13,,50211,719116,2
1383647,2019-12-23,2020-01-13,,50392,168675,2
1383648,2019-12-23,2020-01-13,,50407,551490,2
1383649,2019-12-23,2020-01-13,,50416,245416,2
1383650,2019-12-23,2020-01-13,,50446,308981,2
1383651,2019-12-23,2020-01-13,,50446,764481,2
1383652,2019-12-23,2020-01-13,,50446,840466,2
1383653,2019-12-23,2020-01-13,,50795,404672,2
1383654,2019-12-23,2020-01-13,,50819,365930,2
1383655,2019-12-23,2020-01-13,,50939,723524,2
1383656,2019-12-23,2020-01-13,,51161,488757,2
1383657,2019-12-23,2020-01-13,,51280,308641,2
1383658,2019-12-23,2020-01-13,,51377,801150,2
1383659,2019-12-23,2020-01-13,,51487,50816,2
1383660,2019-12-23,2020-01-13,,51588,951139,2
1383661,2019-12-23,2020-01-13,,51656,736410,2
1383662,2019-12-23,2020-01-13,,51766,859129,2
1383663,2019-12-23,2020-01-13,,51812,830933,2
1383664,2019-12-23,2020-01-13,,51858,283585,2
1383665,2019-12-23,2020-01-13,,51922,352430,2
1383666,2019-12-23,2020-01-13,,52021,147779,2
1383667,2019-12-23,2020-01-13,,52243,149402,2
1383668,2019-12-23,2020-01-13,,52276,238408,2
1383669,2019-12-23,2020-01-13,,52303,125996,2
1383670,2019-12-23,2020-01-13,,52457,408183,2
1383671,2019-12-23,2020-01-13,,52482,699044,2
1383672,2019-12-23,2020-01-13,,52503,460485,2
1383673,2019-12-23,2020-01-13,,52537,704501,2
1383674,2019-12-23,2020-01-13,,52680,149192,2
1383675,2019-12-23,2020-01-13,,52821,35385,2
1383676,2019-12-23,2020-01-13,,52821,723006,2
1383677,2019-12-23,2020-01-13,,52829,242302,2
1383678,2019-12-23,2020-01-13,,53163,41729,2
1383679,2019-12-23,2020-01-13,,53184,687682,2
1383680,2019-12-23,2020-01-13,,53305,124372,2
1383681,2019-12-23,2020-01-13,,53540,916597,2
1383682,2019-12-23,2020-01-13,,53695,104348,2
1383683,2019-12-23,2020-01-13,,53833,513453,2
1383684,2019-12-23,2020-01-13,,53855,729138,2
1383685,2019-12-23,2020-01-13,,54022,49474,2
1383686,2019-12-23,2020-01-13,,54022,650122,2
1383687,2019-12-23,2020-01-13,,54070,811384,2
1383688,2019-12-23,2020-01-13,,54070,896318,2
1383689,2019-12-23,2020-01-13,,54395,885883,2
1383690,2019-12-23,2020-01-13,,54578,654373,2
1383691,2019-12-23,2020-01-13,,54609,55365,2
1383692,2019-12-23,2020-01-13,,54700,720507,2
1383693,2019-12-23,2020-01-13,,54919,254963,2
1383694,2019-12-23,2020-01-13,,54926,686440,2
1383695,2019-12-23,2020-01-13,,55025,458641,2
1383696,2019-12-23,2020-01-13,,55090,363810,2
1383697,2019-12-23,2020-01-13,,55092,146785,2
1383698,2019-12-23,2020-01-13,,55140,852775,2
1383699,2019-12-23,2020-01-13,,55241,520461,2
1383700,2019-12-23,2020-01-13,,55241,869270,2
1383701,2019-12-23,2020-01-13,,55247,698724,2
1383702,2019-12-23,2020-01-13,,55371,869191,2
1383703,2019-12-23,2020-01-13,,55461,698494,2
1383704,2019-12-23,2020-01-13,,55674,345366,2
1383705,2019-12-23,2020-01-13,,55674,813190,2
1383706,2019-12-23,2020-01-13,,55807,460991,2
1383707,2019-12-23,2020-01-13,,55833,752664,2
1383708,2019-12-23,2020-01-13,,56040,187432,2
1383709,2019-12-23,2020-01-13,,56155,584057,2
1383710,2019-12-23,2020-01-13,,56187,542666,2
1383711,2019-12-23,2020-01-13,,56324,176735,2
1383712,2019-12-23,2020-01-13,,56577,262788,2
1383713,2019-12-23,2020-01-13,,56655,213971,2
1383714,2019-12-23,2020-01-13,,56916,20542,2
1383715,2019-12-23,2020-01-13,,56917,758953,2
1383716,2019-12-23,2020-01-13,,56919,846881,2
1383717,2019-12-23,2020-01-13,,56919,870896,2
1383718,2019-12-23,2020-01-13,,56965,693271,2
1383719,2019-12-23,2020-01-13,,56965,765884,2
1383720,2019-12-23,2020-01-13,,56965,878891,2
1383721,2019-12-23,2020-01-13,,56998,381248,2
1383722,2019-12-23,2020-01-13,,57021,194585,2
1383723,2019-12-23,2020-01-13,,57142,242799,2
1383724,2019-12-23,2020-01-13,,57178,195845,2
1383725,2019-12-23,2020-01-13,,57395,22539,2
1383726,2019-12-23,2020-01-13,,57455,622560,2
1383727,2019-12-23,2020-01-13,,57471,624257,2
1383728,2019-12-23,2020-01-13,,57517,274799,2
1383729,2019-12-23,2020-01-13,,57517,689745,2
1383730,2019-12-23,2020-01-13,,57517,794991,2
1383731,2019-12-23,2020-01-13,,57582,273118,2
1383732,2019-12-23,2020-01-13,,57656,729623,2
1383733,2019-12-23,2020-01-13,,57657,379036,2
1383734,2019-12-23,2020-01-13,,57686,445653,2
1383735,2019-12-23,2020-01-13,,57686,471279,2
1383736,2019-12-23,2020-01-13,,57709,515879,2
1383737,2019-12-23,2020-01-13,,57972,345825,2
1383738,2019-12-23,2020-01-13,,57984,332735,2
1383739,2019-12-23,2020-01-13,,58415,890272,2
1383740,2019-12-23,2020-01-13,,58430,634385,2
1383741,2019-12-23,2020-01-13,,58446,365770,2
1383742,2019-12-23,2020-01-13,,58515,698869,2
1383743,2019-12-23,2020-01-13,,58689,350376,2
1383744,2019-12-23,2020-01-13,,58764,419609,2
1383745,2019-12-23,2020-01-13,,58764,450606,2
1383746,2019-12-23,2020-01-13,,58799,187456,2
1383747,2019-12-23,2020-01-13,,58869,108784,2
1383748,2019-12-23,2020-01-13,,58970,180824,2
1383749,2019-12-23,2020-01-13,,58970,489518,2
1383750,2019-12-23,2020-01-13,,59067,579562,2
1383751,2019-12-23,2020-01-13,,59161,445349,2
1383752,2019-12-23,2020-01-13,,59294,936432,2
1383753,2019-12-23,2020-01-13,,59378,366879,2
1383754,2019-12-23,2020-01-13,,59455,567948,2
1383755,2019-12-23,2020-01-13,,59497,436892,2
1383756,2019-12-23,2020-01-13,,59560,811373,2
1383757,2019-12-23,2020-01-13,,59677,280264,2
1383758,2019-12-23,2020-01-13,,59743,330205,2
1383759,2019-12-23,2020-01-13,,59887,679611,2
1383760,2019-12-23,2020-01-13,,60084,215024,2
1383761,2019-12-23,2020-01-13,,60084,623566,2
1383762,2019-12-23,2020-01-13,,60096,333082,2
1383763,2019-12-23,2020-01-13,,60096,923234,2
1383764,2019-12-23,2020-01-13,,60106,349677,2
1383765,2019-12-23,2020-01-13,,60106,459455,2
1383766,2019-12-23,2020-01-13,,60234,99768,2
1383767,2019-12-23,2020-01-13,,60518,694599,2
1383768,2019-12-23,2020-01-13,,60645,411078,2
1383769,2019-12-23,2020-01-13,,60651,287056,2
1383770,2019-12-23,2020-01-13,,60677,302985,2
1383771,2019-12-23,2020-01-13,,60782,351169,2
1383772,2019-12-23,2020-01-13,,60868,344133,2
1383773,2019-12-23,2020-01-13,,60935,338621,2
1383774,2019-12-23,2020-01-13,,61045,875358,2
1383775,2019-12-23,2020-01-13,,61246,575769,2
1383776,2019-12-23,2020-01-13,,61270,183854,2
1383777,2019-12-23,2020-01-13,,61444,355742,2
1383778,2019-12-23,2020-01-13,,61461,517096,2
1383779,2019-12-23,2020-01-13,,61677,816102,2
1383780,2019-12-23,2020-01-13,,62174,824510,2
1383781,2019-12-23,2020-01-13,,62296,460304,2
1383782,2019-12-23,2020-01-13,,62296,486930,2
1383783,2019-12-23,2020-01-13,,62335,447633,2
1383784,2019-12-23,2020-01-13,,62335,696288,2
1383785,2019-12-23,2020-01-13,,62365,57508,2
1383786,2019-12-23,2020-01-13,,62601,88804,2
1383787,2019-12-23,2020-01-13,,62683,79199,2
1383788,2019-12-23,2020-01-13,,62842,563819,2
1383789,2019-12-23,2020-01-13,,63018,537341,2
1383790,2019-12-23,2020-01-13,,63290,357730,2
1383791,2019-12-23,2020-01-13,,63355,649978,2
1383792,2019-12-23,2020-01-13,,63390,334458,2
1383793,2019-12-23,2020-01-13,,63662,410186,2
1383794,2019-12-23,2020-01-13,,63681,881134,2
1383795,2019-12-23,2020-01-13,,63692,326771,2
1383796,2019-12-23,2020-01-13,,63831,546603,2
1383797,2019-12-23,2020-01-13,,64049,686658,2
1383798,2019-12-23,2020-01-13,,64127,682933,2
1383799,2019-12-23,2020-01-13,,64285,439306,2
1383800,2019-12-23,2020-01-13,,64286,425092,2
1383801,2019-12-23,2020-01-13,,64383,485664,2
1383802,2019-12-23,2020-01-13,,64452,577307,2
1383803,2019-12-23,2020-01-13,,64503,617504,2
1383804,2019-12-23,2020-01-13,,64828,346707,2
1383805,2019-12-23,2020-01-13,,64902,933403,2
1383806,2019-12-23,2020-01-13,,64907,726664,2
1383807,2019-12-23,2020-01-13,,65160,361789,2
1383808,2019-12-23,2020-01-13,,65317,596081,2
1383809,2019-12-23,2020-01-13,,65458,938573,2
1383810,2019-12-23,2020-01-13,,65550,1990,2
1383811,2019-12-23,2020-01-13,,65573,104417,2
1383812,2019-12-23,2020-01-13,,65769,633359,2
1383813,2019-12-23,2020-01-13,,65775,593513,2
1383814,2019-12-23,2020-01-13,,65886,900118,2
1383815,2019-12-23,2020-01-13,,66058,10553,2
1383816,2019-12-23,2020-01-13,,66061,421345,2
1383817,2019-12-23,2020-01-13,,66373,802532,2
1383818,2019-12-23,2020-01-13,,66474,338729,2
1383819,2019-12-23,2020-01-13,,66512,248662,2
1383820,2019-12-23,2020-01-13,,66691,816309,2
1383821,2019-12-23,2020-01-13,,66906,34600,2
1383822,2019-12-23,2020-01-13,,67392,540437,2
1383823,2019-12-23,2020-01-13,,67569,74602,2
1383824,2019-12-23,2020-01-13,,67569,234926,2
1383825,2019-12-23,2020-01-13,,67569,322391,2
1383826,2019-12-23,2020-01-13,,67569,905654,2
1383827,2019-12-23,2020-01-13,,67666,875507,2
1383828,2019-12-23,2020-01-13,,67697,681753,2
1383829,2019-12-23,2020-01-13,,67732,832168,2
1383830,2019-12-23,2020-01-13,,67831,251199,2
1383831,2019-12-23,2020-01-13,,67950,344715,2
1383832,2019-12-23,2020-01-13,,68307,161119,2
1383833,2019-12-23,2020-01-13,,68307,526664,2
1383834,2019-12-23,2020-01-13,,68330,3590,2
1383835,2019-12-23,2020-01-13,,68330,642310,2
1383836,2019-12-23,2020-01-13,,68406,27532,2
1383837,2019-12-23,2020-01-13,,68551,287537,2
1383838,2019-12-23,2020-01-13,,68558,92891,2
1383839,2019-12-23,2020-01-13,,68597,942352,2
1383840,2019-12-23,2020-01-13,,68731,277441,2
1383841,2019-12-23,2020-01-13,,68991,17886,2
1383842,2019-12-23,2020-01-13,,69027,462492,2
1383843,2019-12-23,2020-01-13,,69240,615815,2
1383844,2019-12-23,2020-01-13,,69267,335189,2
1383845,2019-12-23,2020-01-13,,69365,56,2
1383846,2019-12-23,2020-01-13,,69571,237505,2
1383847,2019-12-23,2020-01-13,,70080,25619,2
1383848,2019-12-23,2020-01-13,,70080,68849,2
1383849,2019-12-23,2020-01-13,,70135,681099,2
1383850,2019-12-23,2020-01-13,,70220,138537,2
1383851,2019-12-23,2020-01-13,,70274,385267,2
1383852,2019-12-23,2020-01-13,,70353,640009,2
1383853,2019-12-23,2020-01-13,,70393,121757,2
1383854,2019-12-23,2020-01-13,,70445,733591,2
1383855,2019-12-23,2020-01-13,,70926,598390,2
1383856,2019-12-23,2020-01-13,,70968,374977,2
1383857,2019-12-23,2020-01-13,,71163,639169,2
1383858,2019-12-23,2020-01-13,,71283,571395,2
1383859,2019-12-23,2020-01-13,,71441,196728,2
1383860,2019-12-23,2020-01-13,,71441,240203,2
1383861,2019-12-23,2020-01-13,,71441,310563,2
1383862,2019-12-23,2020-01-13,,71441,659051,2
1383863,2019-12-23,2020-01-13,,71461,687131,2
1383864,2019-12-23,2020-01-13,,71576,369751,2
1383865,2019-12-23,2020-01-13,,71622,734478,2
1383866,2019-12-23,2020-01-13,,71662,281061,2
1383867,2019-12-23,2020-01-13,,71884,320594,2
1383868,2019-12-23,2020-01-13,,71918,316895,2
1383869,2019-12-23,2020-01-13,,71918,604930,2
1383870,2019-12-23,2020-01-13,,71926,48203,2
1383871,2019-12-23,2020-01-13,,71949,481885,2
1383872,2019-12-23,2020-01-13,,72123,426394,2
1383873,2019-12-23,2020-01-13,,72205,184997,2
1383874,2019-12-23,2020-01-13,,72257,998,2
1383875,2019-12-23,2020-01-13,,72511,168595,2
1383876,2019-12-23,2020-01-13,,72559,233746,2
1383877,2019-12-23,2020-01-13,,72777,812402,2
1383878,2019-12-23,2020-01-13,,72842,90550,2
1383879,2019-12-23,2020-01-13,,72842,205171,2
1383880,2019-12-23,2020-01-13,,72931,458814,2
1383881,2019-12-23,2020-01-13,,72974,829134,2
1383882,2019-12-23,2020-01-13,,72995,554009,2
1383883,2019-12-23,2020-01-13,,73173,454839,2
1383884,2019-12-23,2020-01-13,,73205,607458,2
1383885,2019-12-23,2020-01-13,,73510,816360,2
1383886,2019-12-23,2020-01-13,,73512,784713,2
1383887,2019-12-23,2020-01-13,,73558,2276,2
1383888,2019-12-23,2020-01-13,,73740,858509,2
1383889,2019-12-23,2020-01-13,,73754,918857,2
1383890,2019-12-23,2020-01-13,,73805,651313,2
1383891,2019-12-23,2020-01-13,,73856,652516,2
1383892,2019-12-23,2020-01-13,,73866,837452,2
1383893,2019-12-23,2020-01-13,,73896,331621,2
1383894,2019-12-23,2020-01-13,,73959,407291,2
1383895,2019-12-23,2020-01-13,,73969,640818,2
1383896,2019-12-23,2020-01-13,,74065,534233,2
1383897,2019-12-23,2020-01-13,,74090,79452,2
1383898,2019-12-23,2020-01-13,,74240,776637,2
1383899,2019-12-23,2020-01-13,,74304,60255,2
1383900,2019-12-23,2020-01-13,,74357,469580,2
1383901,2019-12-23,2020-01-13,,74453,72239,2
1383902,2019-12-23,2020-01-13,,74453,885804,2
1383903,2019-12-23,2020-01-13,,74476,278812,2
1383904,2019-12-23,2020-01-13,,74620,844925,2
1383905,2019-12-23,2020-01-13,,74716,221757,2
1383906,2019-12-23,2020-01-13,,74788,424147,2
1383907,2019-12-23,2020-01-13,,74811,908733,2
1383908,2019-12-23,2020-01-13,,74983,197071,2
1383909,2019-12-23,2020-01-13,,74983,260941,2
1383910,2019-12-23,2020-01-13,,74983,870481,2
1383911,2019-12-23,2020-01-13,,75080,283571,2
1383912,2019-12-23,2020-01-13,,75419,136435,2
1383913,2019-12-23,2020-01-13,,75419,163704,2
1383914,2019-12-23,2020-01-13,,75419,188656,2
1383915,2019-12-23,2020-01-13,,75419,401529,2
1383916,2019-12-23,2020-01-13,,75419,401960,2
1383917,2019-12-23,2020-01-13,,75419,462383,2
1383918,2019-12-23,2020-01-13,,75419,526616,2
1383919,2019-12-23,2020-01-13,,75419,650321,2
1383920,2019-12-23,2020-01-13,,75419,824623,2
1383921,2019-12-23,2020-01-13,,75419,886757,2
1383922,2019-12-23,2020-01-13,,75432,775581,2
1383923,2019-12-23,2020-01-13,,75474,65186,2
1383924,2019-12-23,2020-01-13,,75488,309217,2
1383925,2019-12-23,2020-01-13,,75503,288958,2
1383926,2019-12-23,2020-01-13,,75541,841369,2
1383927,2019-12-23,2020-01-13,,75584,681157,2
1383928,2019-12-23,2020-01-13,,75824,405377,2
1383929,2019-12-23,2020-01-13,,75874,664551,2
1383930,2019-12-23,2020-01-13,,75881,836797,2
1383931,2019-12-23,2020-01-13,,75924,891335,2
1383932,2019-12-23,2020-01-13,,75948,892036,2
1383933,2019-12-23,2020-01-13,,76399,158554,2
1383934,2019-12-23,2020-01-13,,76536,662744,2
1383935,2019-12-23,2020-01-13,,76597,797051,2
1383936,2019-12-23,2020-01-13,,76749,81464,2
1383937,2019-12-23,2020-01-13,,76749,159090,2
1383938,2019-12-23,2020-01-13,,76749,192522,2
1383939,2019-12-23,2020-01-13,,76749,195289,2
1383940,2019-12-23,2020-01-13,,76749,213574,2
1383941,2019-12-23,2020-01-13,,76749,321016,2
1383942,2019-12-23,2020-01-13,,76749,394647,2
1383943,2019-12-23,2020-01-13,,76749,429934,2
1383944,2019-12-23,2020-01-13,,76749,479482,2
1383945,2019-12-23,2020-01-13,,76749,538760,2
1383946,2019-12-23,2020-01-13,,76749,588107,2
1383947,2019-12-23,2020-01-13,,76749,677975,2
1383948,2019-12-23,2020-01-13,,76749,699364,2
1383949,2019-12-23,2020-01-13,,76749,744977,2
1383950,2019-12-23,2020-01-13,,76749,825900,2
1383951,2019-12-23,2020-01-13,,76749,876798,2
1383952,2019-12-23,2020-01-13,,76749,943401,2
1383953,2019-12-23,2020-01-13,,76819,875739,2
1383954,2019-12-23,2020-01-13,,77138,70596,2
1383955,2019-12-23,2020-01-13,,77232,936155,2
1383956,2019-12-23,2020-01-13,,77248,305702,2
1383957,2019-12-23,2020-01-13,,77397,226926,2
1383958,2019-12-23,2020-01-13,,77595,698958,2
1383959,2019-12-23,2020-01-13,,77610,794428,2
1383960,2019-12-23,2020-01-13,,77711,207704,2
1383961,2019-12-23,2020-01-13,,77735,142669,2
1383962,2019-12-23,2020-01-13,,77735,494181,2
1383963,2019-12-23,2020-01-13,,77735,606472,2
1383964,2019-12-23,2020-01-13,,78034,187462,2
1383965,2019-12-23,2020-01-13,,78089,898158,2
1383966,2019-12-23,2020-01-13,,78092,887723,2
1383967,2019-12-23,2020-01-13,,78225,526163,2
1383968,2019-12-23,2020-01-13,,78304,485802,2
1383969,2019-12-23,2020-01-13,,78334,39058,2
1383970,2019-12-23,2020-01-13,,78620,639767,2
1383971,2019-12-23,2020-01-13,,78654,227968,2
1383972,2019-12-23,2020-01-13,,78658,372391,2
1383973,2019-12-23,2020-01-13,,78690,104002,2
1383974,2019-12-23,2020-01-13,,78724,92934,2
1383975,2019-12-23,2020-01-13,,78848,71961,2
1383976,2019-12-23,2020-01-13,,78934,850449,2
1383977,2019-12-23,2020-01-13,,79054,720981,2
1383978,2019-12-23,2020-01-13,,79112,366481,2
1383979,2019-12-23,2020-01-13,,79147,953240,2
1383980,2019-12-23,2020-01-13,,79300,621249,2
1383981,2019-12-23,2020-01-13,,79475,677982,2
1383982,2019-12-23,2020-01-13,,79475,769720,2
1383983,2019-12-23,2020-01-13,,79589,425266,2
1383984,2019-12-23,2020-01-13,,79600,261767,2
1383985,2019-12-23,2020-01-13,,79759,448749,2
1383986,2019-12-23,2020-01-13,,79759,514288,2
1383987,2019-12-23,2020-01-13,,79760,623908,2
1383988,2019-12-23,2020-01-13,,79760,927015,2
1383989,2019-12-23,2020-01-13,,79851,64171,2
1383990,2019-12-23,2020-01-13,,79951,188192,2
1383991,2019-12-23,2020-01-13,,79951,384586,2
1383992,2019-12-23,2020-01-13,,79953,573445,2
1383993,2019-12-23,2020-01-13,,79956,262204,2
1383994,2019-12-23,2020-01-13,,80094,161120,2
1383995,2019-12-23,2020-01-13,,80094,882347,2
1383996,2019-12-23,2020-01-13,,80573,844926,2
1383997,2019-12-23,2020-01-13,,80625,702935,2
1383998,2019-12-23,2020-01-13,,80734,443795,2
1383999,2019-12-23,2020-01-13,,81211,661123,2
1384000,2019-12-23,2020-01-13,,81227,272246,2
1384001,2019-12-23,2020-01-13,,81332,913661,2
1384002,2019-12-23,2020-01-13,,81349,754806,2
1384003,2019-12-23,2020-01-13,,81514,431372,2
1384004,2019-12-23,2020-01-13,,81559,244080,2
1384005,2019-12-23,2020-01-13,,81704,424274,2
1384006,2019-12-23,2020-01-13,,81784,742312,2
1384007,2019-12-23,2020-01-13,,81875,118255,2
1384008,2019-12-23,2020-01-13,,81895,164209,2
1384009,2019-12-23,2020-01-13,,81940,282144,2
1384010,2019-12-23,2020-01-13,,82211,542516,2
1384011,2019-12-23,2020-01-13,,82314,653044,2
1384012,2019-12-23,2020-01-13,,82332,698959,2
1384013,2019-12-23,2020-01-13,,82522,180005,2
1384014,2019-12-23,2020-01-13,,82632,566968,2
1384015,2019-12-23,2020-01-13,,82633,465108,2
1384016,2019-12-23,2020-01-13,,82904,246481,2
1384017,2019-12-23,2020-01-13,,82991,560250,2
1384018,2019-12-23,2020-01-13,,83083,259304,2
1384019,2019-12-23,2020-01-13,,83215,564750,2
1384020,2019-12-23,2020-01-13,,83242,434717,2
1384021,2019-12-23,2020-01-13,,83306,926868,2
1384022,2019-12-23,2020-01-13,,83324,719262,2
1384023,2019-12-23,2020-01-13,,83403,516362,2
1384024,2019-12-23,2020-01-13,,83449,268448,2
1384025,2019-12-23,2020-01-13,,83449,379963,2
1384026,2019-12-23,2020-01-13,,83528,935906,2
1384027,2019-12-23,2020-01-13,,83554,364316,2
1384028,2019-12-23,2020-01-13,,83684,447791,2
1384029,2019-12-23,2020-01-13,,83998,648772,2
1384030,2019-12-23,2020-01-13,,84103,188281,2
1384031,2019-12-23,2020-01-13,,84103,486423,2
1384032,2019-12-23,2020-01-13,,84150,202514,2
1384033,2019-12-23,2020-01-13,,84371,169,2
1384034,2019-12-23,2020-01-13,,84665,648139,2
1384035,2019-12-23,2020-01-13,,84677,395245,2
1384036,2019-12-23,2020-01-13,,84712,183690,2
1384037,2019-12-23,2020-01-13,,84792,54109,2
1384038,2019-12-23,2020-01-13,,84914,752640,2
1384039,2019-12-23,2020-01-13,,84997,407615,2
1384040,2019-12-23,2020-01-13,,85030,139558,2
1384041,2019-12-23,2020-01-13,,85058,361229,2
1384042,2019-12-23,2020-01-13,,85080,359977,2
1384043,2019-12-23,2020-01-13,,85283,664754,2
1384044,2019-12-23,2020-01-13,,85283,761742,2
1384045,2019-12-23,2020-01-13,,85318,198859,2
1384046,2019-12-23,2020-01-13,,85357,204643,2
1384047,2019-12-23,2020-01-13,,85574,103783,2
1384048,2019-12-23,2020-01-13,,85574,852570,2
1384049,2019-12-23,2020-01-13,,85643,912001,2
1384050,2019-12-23,2020-01-13,,85885,22163,2
1384051,2019-12-23,2020-01-13,,85910,120532,2
1384052,2019-12-23,2020-01-13,,85958,398164,2
1384053,2019-12-23,2020-01-13,,85958,549680,2
1384054,2019-12-23,2020-01-13,,86026,448830,2
1384055,2019-12-23,2020-01-13,,86047,549430,2
1384056,2019-12-23,2020-01-13,,86087,706224,2
1384057,2019-12-23,2020-01-13,,86156,371046,2
1384058,2019-12-23,2020-01-13,,86170,405319,2
1384059,2019-12-23,2020-01-13,,86301,188211,2
1384060,2019-12-23,2020-01-13,,86301,880880,2
1384061,2019-12-23,2020-01-13,,86339,171147,2
1384062,2019-12-23,2020-01-13,,86352,869679,2
1384063,2019-12-23,2020-01-13,,86510,875045,2
1384064,2019-12-23,2020-01-13,,86827,805471,2
1384065,2019-12-23,2020-01-13,,86852,452137,2
1384066,2019-12-23,2020-01-13,,86881,676286,2
1384067,2019-12-23,2020-01-13,,86990,353492,2
1384068,2019-12-23,2020-01-13,,86990,836548,2
1384069,2019-12-23,2020-01-13,,86990,923235,2
1384070,2019-12-23,2020-01-13,,87006,175698,2
1384071,2019-12-23,2020-01-13,,87237,316631,2
1384072,2019-12-23,2020-01-13,,87290,693088,2
1384073,2019-12-23,2020-01-13,,87316,827168,2
1384074,2019-12-23,2020-01-13,,87482,630952,2
1384075,2019-12-23,2020-01-13,,87609,698870,2
1384076,2019-12-23,2020-01-13,,87654,777664,2
1384077,2019-12-23,2020-01-13,,87704,613597,2
1384078,2019-12-23,2020-01-13,,87704,649288,2
1384079,2019-12-23,2020-01-13,,87704,801967,2
1384080,2019-12-23,2020-01-13,,88296,496827,2
1384081,2019-12-23,2020-01-13,,88330,511927,2
1384082,2019-12-23,2020-01-13,,88725,220245,2
1384083,2019-12-23,2020-01-13,,88846,815587,2
1384084,2019-12-23,2020-01-13,,88950,743409,2
1384085,2019-12-23,2020-01-13,,89163,139121,2
1384086,2019-12-23,2020-01-13,,89163,692607,2
1384087,2019-12-23,2020-01-13,,89235,210574,2
1384088,2019-12-23,2020-01-13,,89256,408882,2
1384089,2019-12-23,2020-01-13,,89381,429225,2
1384090,2019-12-23,2020-01-13,,89534,366527,2
1384091,2019-12-23,2020-01-13,,89705,280298,2
1384092,2019-12-23,2020-01-13,,89779,438826,2
1384093,2019-12-23,2020-01-13,,89856,483062,2
1384094,2019-12-23,2020-01-13,,90116,597406,2
1384095,2019-12-23,2020-01-13,,90257,358785,2
1384096,2019-12-23,2020-01-13,,90264,918662,2
1384097,2019-12-23,2020-01-13,,90523,610195,2
1384098,2019-12-23,2020-01-13,,90578,315645,2
1384099,2019-12-23,2020-01-13,,90578,577571,2
1384100,2019-12-23,2020-01-13,,90578,944966,2
1384101,2019-12-23,2020-01-13,,91116,779818,2
1384102,2019-12-23,2020-01-13,,91127,147296,2
1384103,2019-12-23,2020-01-13,,91246,194496,2
1384104,2019-12-23,2020-01-13,,91264,430101,2
1384105,2019-12-23,2020-01-13,,91264,503281,2
1384106,2019-12-23,2020-01-13,,91264,700987,2
1384107,2019-12-23,2020-01-13,,91264,762613,2
1384108,2019-12-23,2020-01-13,,91264,866672,2
1384109,2019-12-23,2020-01-13,,91426,704632,2
1384110,2019-12-23,2020-01-13,,91525,951569,2
1384111,2019-12-23,2020-01-13,,91538,191352,2
1384112,2019-12-23,2020-01-13,,91538,550863,2
1384113,2019-12-23,2020-01-13,,91538,837066,2
1384114,2019-12-23,2020-01-13,,91538,859481,2
1384115,2019-12-23,2020-01-13,,91647,323875,2
1384116,2019-12-23,2020-01-13,,91649,103164,2
1384117,2019-12-23,2020-01-13,,91742,623909,2
1384118,2019-12-23,2020-01-13,,91969,327283,2
1384119,2019-12-23,2020-01-13,,92050,584306,2
1384120,2019-12-23,2020-01-13,,92461,115597,2
1384121,2019-12-23,2020-01-13,,92597,413805,2
1384122,2019-12-23,2020-01-13,,92630,168556,2
1384123,2019-12-23,2020-01-13,,92792,770790,2
1384124,2019-12-23,2020-01-13,,92914,159439,2
1384125,2019-12-23,2020-01-13,,93040,503751,2
1384126,2019-12-23,2020-01-13,,93111,140847,2
1384127,2019-12-23,2020-01-13,,93131,383031,2
1384128,2019-12-23,2020-01-13,,93558,656903,2
1384129,2019-12-23,2020-01-13,,93558,837149,2
1384130,2019-12-23,2020-01-13,,93558,923159,2
1384131,2019-12-23,2020-01-13,,93654,678364,2
1384132,2019-12-23,2020-01-13,,93689,291101,2
1384133,2019-12-23,2020-01-13,,93696,116790,2
1384134,2019-12-23,2020-01-13,,93760,917508,2
1384135,2019-12-23,2020-01-13,,94317,478143,2
1384136,2019-12-23,2020-01-13,,94366,689333,2
1384137,2019-12-23,2020-01-13,,94784,360926,2
1384138,2019-12-23,2020-01-13,,94805,932926,2
1384139,2019-12-23,2020-01-13,,94944,202105,2
1384140,2019-12-23,2020-01-13,,94949,214091,2
1384141,2019-12-23,2020-01-13,,94960,288372,2
1384142,2019-12-23,2020-01-13,,94967,99870,2
1384143,2019-12-23,2020-01-13,,94988,549743,2
1384144,2019-12-23,2020-01-13,,95254,277979,2
1384145,2019-12-23,2020-01-13,,95254,519152,2
1384146,2019-12-23,2020-01-13,,95287,611964,2
1384147,2019-12-23,2020-01-13,,95512,609664,2
1384148,2019-12-23,2020-01-13,,95590,51564,2
1384149,2019-12-23,2020-01-13,,95775,220537,2
1384150,2019-12-23,2020-01-13,,96049,499443,2
1384151,2019-12-23,2020-01-13,,96143,635804,2
1384152,2019-12-23,2020-01-13,,96202,312863,2
1384153,2019-12-23,2020-01-13,,96288,9736,2
1384154,2019-12-23,2020-01-13,,96364,792436,2
1384155,2019-12-23,2020-01-13,,96398,441525,2
1384156,2019-12-23,2020-01-13,,96610,625190,2
1384157,2019-12-23,2020-01-13,,96883,950162,2
1384158,2019-12-23,2020-01-13,,97065,744962,2
1384159,2019-12-23,2020-01-13,,97073,350452,2
1384160,2019-12-23,2020-01-13,,97234,348767,2
1384161,2019-12-23,2020-01-13,,97238,575715,2
1384162,2019-12-23,2020-01-13,,97280,472010,2
1384163,2019-12-23,2020-01-13,,97380,682976,2
1384164,2019-12-23,2020-01-13,,97488,472494,2
1384165,2019-12-23,2020-01-13,,97547,518884,2
1384166,2019-12-23,2020-01-13,,97615,642287,2
1384167,2019-12-23,2020-01-13,,97619,326217,2
1384168,2019-12-23,2020-01-13,,97751,777468,2
1384169,2019-12-23,2020-01-13,,97753,732459,2
1384170,2019-12-23,2020-01-13,,97760,285650,2
1384171,2019-12-23,2020-01-13,,97844,601026,2
1384172,2019-12-23,2020-01-13,,97889,767595,2
1384173,2019-12-23,2020-01-13,,98143,55347,2
1384174,2019-12-23,2020-01-13,,98182,872994,2
1384175,2019-12-23,2020-01-13,,98237,530225,2
1384176,2019-12-23,2020-01-13,,98364,433408,2
1384177,2019-12-23,2020-01-13,,98430,891974,2
1384178,2019-12-23,2020-01-13,,98483,29820,2
1384179,2019-12-23,2020-01-13,,98554,256339,2
1384180,2019-12-23,2020-01-13,,98635,639715,2
1384181,2019-12-23,2020-01-13,,98849,57721,2
1384182,2019-12-23,2020-01-13,,98884,184708,2
1384183,2019-12-23,2020-01-13,,98969,678978,2
1384184,2019-12-23,2020-01-13,,99005,529992,2
1384185,2019-12-23,2020-01-13,,99133,900895,2
1384186,2019-12-23,2020-01-13,,99355,225681,2
1384187,2019-12-23,2020-01-13,,99355,580078,2
1384188,2019-12-23,2020-01-13,,99393,178161,2
1384189,2019-12-23,2020-01-13,,99465,906461,2
1384190,2019-12-23,2020-01-13,,99475,396954,2
1384191,2019-12-23,2020-01-13,,99484,934950,2
1384192,2019-12-23,2020-01-13,,99485,439100,2
1384193,2019-12-23,2020-01-13,,99566,55234,2
1384194,2019-12-23,2020-01-13,,99623,865379,2
1384195,2019-12-23,2020-01-13,,99654,654349,2
1384196,2019-12-23,2020-01-13,,99815,274419,2
1384197,2019-12-23,2020-01-13,,100056,903154,2
1384198,2019-12-23,2020-01-13,,100083,479118,2
1384199,2019-12-23,2020-01-13,,100090,200436,2
1384200,2019-12-23,2020-01-13,,100148,164390,2
1384201,2019-12-23,2020-01-13,,100172,70714,2
1384202,2019-12-23,2020-01-13,,100213,647404,2
1384203,2019-12-23,2020-01-13,,100252,557139,2
1384204,2019-12-23,2020-01-13,,100252,686781,2
1384205,2019-12-23,2020-01-13,,100360,49524,2
1384206,2019-12-23,2020-01-13,,100605,283225,2
1384207,2019-12-23,2020-01-13,,100608,150694,2
1384208,2019-12-23,2020-01-13,,100866,87569,2
1384209,2019-12-23,2020-01-13,,100866,738094,2
1384210,2019-12-23,2020-01-13,,100900,167873,2
1384211,2019-12-23,2020-01-13,,100900,176773,2
1384212,2019-12-23,2020-01-13,,100900,219704,2
1384213,2019-12-23,2020-01-13,,100900,709526,2
1384214,2019-12-23,2020-01-13,,100922,948393,2
1384215,2019-12-23,2020-01-13,,101061,42628,2
1384216,2019-12-23,2020-01-13,,101072,856252,2
1384217,2019-12-23,2020-01-13,,101143,5223,2
1384218,2019-12-23,2020-01-13,,101143,241318,2
1384219,2019-12-23,2020-01-13,,101217,254789,2
1384220,2019-12-23,2020-01-13,,101217,698369,2
1384221,2019-12-23,2020-01-13,,101320,232775,2
1384222,2019-12-23,2020-01-13,,101320,903033,2
1384223,2019-12-23,2020-01-13,,101349,382315,2
1384224,2019-12-23,2020-01-13,,101420,630002,2
1384225,2019-12-23,2020-01-13,,101468,566002,2
1384226,2019-12-23,2020-01-13,,101642,783538,2
1384227,2019-12-23,2020-01-13,,101679,124430,2
1384228,2019-12-23,2020-01-13,,101688,172945,2
1384229,2019-12-23,2020-01-13,,101989,400252,2
1384230,2019-12-23,2020-01-13,,102055,318948,2
1384231,2019-12-23,2020-01-13,,102152,594090,2
1384232,2019-12-23,2020-01-13,,102230,305779,2
1384233,2019-12-23,2020-01-13,,102519,445018,2
1384234,2019-12-23,2020-01-13,,102542,352375,2
1384235,2019-12-23,2020-01-13,,102621,385103,2
1384236,2019-12-23,2020-01-13,,102622,798868,2
1384237,2019-12-23,2020-01-13,,102645,511664,2
1384238,2019-12-23,2020-01-13,,102906,25842,2
1384239,2019-12-23,2020-01-13,,102951,255173,2
1384240,2019-12-23,2020-01-13,,103178,503826,2
1384241,2019-12-23,2020-01-13,,103178,772938,2
1384242,2019-12-23,2020-01-13,,103179,549920,2
1384243,2019-12-23,2020-01-13,,103235,362012,2
1384244,2019-12-23,2020-01-13,,103435,305364,2
1384245,2019-12-23,2020-01-13,,103651,815227,2
1384246,2019-12-23,2020-01-13,,103653,628584,2
1384247,2019-12-23,2020-01-13,,103955,100312,2
1384248,2019-12-23,2020-01-13,,103955,864637,2
1384249,2019-12-23,2020-01-13,,104205,930530,2
1384250,2019-12-23,2020-01-13,,104496,296691,2
1384251,2019-12-23,2020-01-13,,104622,684678,2
1384252,2019-12-23,2020-01-13,,104638,477764,2
1384253,2019-12-23,2020-01-13,,104699,166091,2
1384254,2019-12-23,2020-01-13,,104869,707380,2
1384255,2019-12-23,2020-01-13,,105074,311043,2
1384256,2019-12-23,2020-01-13,,105162,852837,2
1384257,2019-12-23,2020-01-13,,105278,242625,2
1384258,2019-12-23,2020-01-13,,105278,615523,2
1384259,2019-12-23,2020-01-13,,105278,725989,2
1384260,2019-12-23,2020-01-13,,105337,845017,2
1384261,2019-12-23,2020-01-13,,105492,56052,2
1384262,2019-12-23,2020-01-13,,105492,95153,2
1384263,2019-12-23,2020-01-13,,105492,116617,2
1384264,2019-12-23,2020-01-13,,105492,160899,2
1384265,2019-12-23,2020-01-13,,105492,245250,2
1384266,2019-12-23,2020-01-13,,105492,524620,2
1384267,2019-12-23,2020-01-13,,105492,599165,2
1384268,2019-12-23,2020-01-13,,105492,671110,2
1384269,2019-12-23,2020-01-13,,105492,714997,2
1384270,2019-12-23,2020-01-13,,105492,773849,2
1384271,2019-12-23,2020-01-13,,105492,882124,2
1384272,2019-12-23,2020-01-13,,105537,360434,2
1384273,2019-12-23,2020-01-13,,105669,383757,2
1384274,2019-12-23,2020-01-13,,105691,488085,2
1384275,2019-12-23,2020-01-13,,105738,115544,2
1384276,2019-12-23,2020-01-13,,105846,300336,2
1384277,2019-12-23,2020-01-13,,105902,309535,2
1384278,2019-12-23,2020-01-13,,106162,229069,2
1384279,2019-12-23,2020-01-13,,106237,463419,2
1384280,2019-12-23,2020-01-13,,106242,155077,2
1384281,2019-12-23,2020-01-13,,106356,311641,2
1384282,2019-12-23,2020-01-13,,106433,262471,2
1384283,2019-12-23,2020-01-13,,106433,822391,2
1384284,2019-12-23,2020-01-13,,106448,952634,2
1384285,2019-12-23,2020-01-13,,106665,636612,2
1384286,2019-12-23,2020-01-13,,106671,484184,2
1384287,2019-12-23,2020-01-13,,106811,379767,2
1384288,2019-12-23,2020-01-13,,106831,34190,2
1384289,2019-12-23,2020-01-13,,106851,321705,2
1384290,2019-12-23,2020-01-13,,106851,647988,2
1384291,2019-12-23,2020-01-13,,107082,803815,2
1384292,2019-12-23,2020-01-13,,107381,754693,2
1384293,2019-12-23,2020-01-13,,107423,895634,2
1384294,2019-12-23,2020-01-13,,107476,166092,2
1384295,2019-12-23,2020-01-13,,107578,900522,2
1384296,2019-12-23,2020-01-13,,107605,349297,2
1384297,2019-12-23,2020-01-13,,107631,83444,2
1384298,2019-12-23,2020-01-13,,107692,708564,2
1384299,2019-12-23,2020-01-13,,107738,155078,2
1384300,2019-12-23,2020-01-13,,107874,509623,2
1384301,2019-12-23,2020-01-13,,107976,457345,2
1384302,2019-12-23,2020-01-13,,107976,886259,2
1384303,2019-12-23,2020-01-13,,108042,847308,2
1384304,2019-12-23,2020-01-13,,108160,430633,2
1384305,2019-12-23,2020-01-13,,108223,26911,2
1384306,2019-12-23,2020-01-13,,108509,699015,2
1384307,2019-12-23,2020-01-13,,108520,809696,2
1384308,2019-12-23,2020-01-13,,108574,753503,2
1384309,2019-12-23,2020-01-13,,108621,563270,2
1384310,2019-12-23,2020-01-13,,108621,670935,2
1384311,2019-12-23,2020-01-13,,108951,758506,2
1384312,2019-12-23,2020-01-13,,108998,75126,2
1384313,2019-12-23,2020-01-13,,109015,840334,2
1384314,2019-12-23,2020-01-13,,109054,20854,2
1384315,2019-12-23,2020-01-13,,109057,41426,2
1384316,2019-12-23,2020-01-13,,109132,490936,2
1384317,2019-12-23,2020-01-13,,109144,37557,2
1384318,2019-12-23,2020-01-13,,109172,704900,2
1384319,2019-12-23,2020-01-13,,109264,361060,2
1384320,2019-12-23,2020-01-13,,109384,464163,2
1384321,2019-12-23,2020-01-13,,109384,629210,2
1384322,2019-12-23,2020-01-13,,109518,356975,2
1384323,2019-12-23,2020-01-13,,109637,17839,2
1384324,2019-12-23,2020-01-13,,109723,238631,2
1384325,2019-12-23,2020-01-13,,109723,486379,2
1384326,2019-12-23,2020-01-13,,109723,634991,2
1384327,2019-12-23,2020-01-13,,109723,894593,2
1384328,2019-12-23,2020-01-13,,109723,942601,2
1384329,2019-12-23,2020-01-13,,109792,209543,2
1384330,2019-12-23,2020-01-13,,109819,598163,2
1384331,2019-12-23,2020-01-13,,109917,415619,2
1384332,2019-12-23,2020-01-13,,109917,484239,2
1384333,2019-12-23,2020-01-13,,109917,495636,2
1384334,2019-12-23,2020-01-13,,110196,250105,2
1384335,2019-12-23,2020-01-13,,110244,526829,2
1384336,2019-12-23,2020-01-13,,110430,529414,2
1384337,2019-12-23,2020-01-13,,110449,955725,2
1384338,2019-12-23,2020-01-13,,110798,234399,2
1384339,2019-12-23,2020-01-13,,110993,105271,2
1384340,2019-12-23,2020-01-13,,110993,124813,2
1384341,2019-12-23,2020-01-13,,110993,180031,2
1384342,2019-12-23,2020-01-13,,110993,362607,2
1384343,2019-12-23,2020-01-13,,110993,408192,2
1384344,2019-12-23,2020-01-13,,110993,469405,2
1384345,2019-12-23,2020-01-13,,110993,603440,2
1384346,2019-12-23,2020-01-13,,110993,664423,2
1384347,2019-12-23,2020-01-13,,110993,789792,2
1384348,2019-12-23,2020-01-13,,110993,942104,2
1384349,2019-12-23,2020-01-13,,111040,290976,2
1384350,2019-12-23,2020-01-13,,111070,127556,2
1384351,2019-12-23,2020-01-13,,111224,562314,2
1384352,2019-12-23,2020-01-13,,111451,861840,2
1384353,2019-12-23,2020-01-13,,111567,722909,2
1384354,2019-12-23,2020-01-13,,111712,612658,2
1384355,2019-12-23,2020-01-13,,111908,176412,2
1384356,2019-12-23,2020-01-13,,112160,22443,2
1384357,2019-12-23,2020-01-13,,112493,200264,2
1384358,2019-12-23,2020-01-13,,112493,852012,2
1384359,2019-12-23,2020-01-13,,112559,122506,2
1384360,2019-12-23,2020-01-13,,112874,631229,2
1384361,2019-12-23,2020-01-13,,113443,223010,2
1384362,2019-12-23,2020-01-13,,113482,935963,2
1384363,2019-12-23,2020-01-13,,113658,835083,2
1384364,2019-12-23,2020-01-13,,113768,211076,2
1384365,2019-12-23,2020-01-13,,113797,440748,2
1384366,2019-12-23,2020-01-13,,114053,654577,2
1384367,2019-12-23,2020-01-13,,114057,804833,2
1384368,2019-12-23,2020-01-13,,114107,777842,2
1384369,2019-12-23,2020-01-13,,114325,773192,2
1384370,2019-12-23,2020-01-13,,114398,951424,2
1384371,2019-12-23,2020-01-13,,114418,322649,2
1384372,2019-12-23,2020-01-13,,114446,310178,2
1384373,2019-12-23,2020-01-13,,114497,269651,2
1384374,2019-12-23,2020-01-13,,114507,64350,2
1384375,2019-12-23,2020-01-13,,114603,106215,2
1384376,2019-12-23,2020-01-13,,114606,201957,2
1384377,2019-12-23,2020-01-13,,114661,352900,2
1384378,2019-12-23,2020-01-13,,114839,558607,2
1384379,2019-12-23,2020-01-13,,115106,80747,2
1384380,2019-12-23,2020-01-13,,115109,627930,2
1384381,2019-12-23,2020-01-13,,115165,765290,2
1384382,2019-12-23,2020-01-13,,115290,692087,2
1384383,2019-12-23,2020-01-13,,115294,624208,2
1384384,2019-12-23,2020-01-13,,115442,7733,2
1384385,2019-12-23,2020-01-13,,115482,506782,2
1384386,2019-12-23,2020-01-13,,115482,830203,2
1384387,2019-12-23,2020-01-13,,115529,101546,2
1384388,2019-12-23,2020-01-13,,115546,757314,2
1384389,2019-12-23,2020-01-13,,115655,780468,2
1384390,2019-12-23,2020-01-13,,115695,58808,2
1384391,2019-12-23,2020-01-13,,115714,315265,2
1384392,2019-12-23,2020-01-13,,115864,350955,2
1384393,2019-12-23,2020-01-13,,115867,63767,2
1384394,2019-12-23,2020-01-13,,115875,587527,2
1384395,2019-12-23,2020-01-13,,115903,234490,2
1384396,2019-12-23,2020-01-13,,116077,558027,2
1384397,2019-12-23,2020-01-13,,116115,598581,2
1384398,2019-12-23,2020-01-13,,116242,221023,2
1384399,2019-12-23,2020-01-13,,116242,405959,2
1384400,2019-12-23,2020-01-13,,116251,447143,2
1384401,2019-12-23,2020-01-13,,116364,26214,2
1384402,2019-12-23,2020-01-13,,116391,102387,2
1384403,2019-12-23,2020-01-13,,116391,728954,2
1384404,2019-12-23,2020-01-13,,116391,755367,2
1384405,2019-12-23,2020-01-13,,116469,114697,2
1384406,2019-12-23,2020-01-13,,116471,768714,2
1384407,2019-12-23,2020-01-13,,116743,35885,2
1384408,2019-12-23,2020-01-13,,116773,133582,2
1384409,2019-12-23,2020-01-13,,116888,222968,2
1384410,2019-12-23,2020-01-13,,117147,282145,2
1384411,2019-12-23,2020-01-13,,117288,132218,2
1384412,2019-12-23,2020-01-13,,117288,500099,2
1384413,2019-12-23,2020-01-13,,117297,735416,2
1384414,2019-12-23,2020-01-13,,117573,155119,2
1384415,2019-12-23,2020-01-13,,117585,770859,2
1384416,2019-12-23,2020-01-13,,117664,44850,2
1384417,2019-12-23,2020-01-13,,117664,818832,2
1384418,2019-12-23,2020-01-13,,117714,146355,2
1384419,2019-12-23,2020-01-13,,117864,680222,2
1384420,2019-12-23,2020-01-13,,117865,155085,2
1384421,2019-12-23,2020-01-13,,117923,128556,2
1384422,2019-12-23,2020-01-13,,117923,322889,2
1384423,2019-12-23,2020-01-13,,117923,509873,2
1384424,2019-12-23,2020-01-13,,117923,524451,2
1384425,2019-12-23,2020-01-13,,117923,563269,2
1384426,2019-12-23,2020-01-13,,117988,234747,2
1384427,2019-12-23,2020-01-13,,118234,762607,2
1384428,2019-12-23,2020-01-13,,118279,18335,2
1384429,2019-12-23,2020-01-13,,118568,134795,2
1384430,2019-12-23,2020-01-13,,118884,146386,2
1384431,2019-12-23,2020-01-13,,118884,222411,2
1384432,2019-12-23,2020-01-13,,118884,291575,2
1384433,2019-12-23,2020-01-13,,118884,473967,2
1384434,2019-12-23,2020-01-13,,118884,675570,2
1384435,2019-12-23,2020-01-13,,118884,690397,2
1384436,2019-12-23,2020-01-13,,118884,723077,2
1384437,2019-12-23,2020-01-13,,118884,755000,2
1384438,2019-12-23,2020-01-13,,119107,739960,2
1384439,2019-12-23,2020-01-13,,119167,65749,2
1384440,2019-12-23,2020-01-13,,119211,649592,2
1384441,2019-12-23,2020-01-13,,119241,770978,2
1384442,2019-12-23,2020-01-13,,119311,529608,2
1384443,2019-12-23,2020-01-13,,119315,150292,2
1384444,2019-12-23,2020-01-13,,119364,732851,2
1384445,2019-12-23,2020-01-13,,119450,250321,2
1384446,2019-12-23,2020-01-13,,119450,421340,2
1384447,2019-12-23,2020-01-13,,119465,822055,2
1384448,2019-12-23,2020-01-13,,119719,894537,2
1384449,2019-12-23,2020-01-13,,119773,34364,2
1384450,2019-12-23,2020-01-13,,119806,709149,2
1384451,2019-12-23,2020-01-13,,119810,10260,2
1384452,2019-12-23,2020-01-13,,119943,595472,2
1384453,2019-12-23,2020-01-13,,119973,349045,2
1384454,2019-12-23,2020-01-13,,120075,218230,2
1384455,2019-12-23,2020-01-13,,120149,774638,2
1384456,2019-12-23,2020-01-13,,120334,443593,2
1384457,2019-12-23,2020-01-13,,120426,682993,2
1384458,2019-12-23,2020-01-13,,120428,757352,2
1384459,2019-12-23,2020-01-13,,120565,608432,2
1384460,2019-12-23,2020-01-13,,120566,157055,2
1384461,2019-12-23,2020-01-13,,121002,952723,2
1384462,2019-12-23,2020-01-13,,121250,3428,2
1384463,2019-12-23,2020-01-13,,121434,658802,2
1384464,2019-12-23,2020-01-13,,121499,490970,2
1384465,2019-12-23,2020-01-13,,121529,335301,2
1384466,2019-12-23,2020-01-13,,121540,915537,2
1384467,2019-12-23,2020-01-13,,121643,315531,2
1384468,2019-12-23,2020-01-13,,121689,753871,2
1384469,2019-12-23,2020-01-13,,121911,832618,2
1384470,2019-12-23,2020-01-13,,121964,241309,2
1384471,2019-12-23,2020-01-13,,122277,77118,2
1384472,2019-12-23,2020-01-13,,122378,321750,2
1384473,2019-12-23,2020-01-13,,122432,65592,2
1384474,2019-12-23,2020-01-13,,122451,44933,2
1384475,2019-12-23,2020-01-13,,122507,823386,2
1384476,2019-12-23,2020-01-13,,122507,918516,2
1384477,2019-12-23,2020-01-13,,122525,453918,2
1384478,2019-12-23,2020-01-13,,122531,860108,2
1384479,2019-12-23,2020-01-13,,122588,845645,2
1384480,2019-12-23,2020-01-13,,122673,48697,2
1384481,2019-12-23,2020-01-13,,122679,256214,2
1384482,2019-12-23,2020-01-13,,122908,774132,2
1384483,2019-12-23,2020-01-13,,122953,734946,2
1384484,2019-12-23,2020-01-13,,122997,34829,2
1384485,2019-12-23,2020-01-13,,122997,447644,2
1384486,2019-12-23,2020-01-13,,123025,38777,2
1384487,2019-12-23,2020-01-13,,123025,394736,2
1384488,2019-12-23,2020-01-13,,123025,796555,2
1384489,2019-12-23,2020-01-13,,123086,97846,2
1384490,2019-12-23,2020-01-13,,123119,631529,2
1384491,2019-12-23,2020-01-13,,123444,735941,2
1384492,2019-12-23,2020-01-13,,123584,920555,2
1384493,2019-12-23,2020-01-13,,123703,403623,2
1384494,2019-12-23,2020-01-13,,123857,564755,2
1384495,2019-12-23,2020-01-13,,124109,475953,2
1384496,2019-12-23,2020-01-13,,124137,853667,2
1384497,2019-12-23,2020-01-13,,124225,109667,2
1384498,2019-12-23,2020-01-13,,124239,789245,2
1384499,2019-12-23,2020-01-13,,124294,128898,2
1384500,2019-12-23,2020-01-13,,124298,811684,2
1384501,2019-12-23,2020-01-13,,124346,276144,2
1384502,2019-12-23,2020-01-13,,124617,459773,2
1384503,2019-12-23,2020-01-13,,124699,794732,2
1384504,2019-12-23,2020-01-13,,124702,82871,2
1384505,2019-12-23,2020-01-13,,125044,541207,2
1384506,2019-12-23,2020-01-13,,125052,801331,2
1384507,2019-12-23,2020-01-13,,125065,227025,2
1384508,2019-12-23,2020-01-13,,125098,57412,2
1384509,2019-12-23,2020-01-13,,125131,326811,2
1384510,2019-12-23,2020-01-13,,125189,907537,2
1384511,2019-12-23,2020-01-13,,125351,161968,2
1384512,2019-12-23,2020-01-13,,125448,842465,2
1384513,2019-12-23,2020-01-13,,125473,813219,2
1384514,2019-12-23,2020-01-13,,125572,417870,2
1384515,2019-12-23,2020-01-13,,125873,930247,2
1384516,2019-12-23,2020-01-13,,126109,271651,2
1384517,2019-12-23,2020-01-13,,126170,158393,2
1384518,2019-12-23,2020-01-13,,126183,19563,2
1384519,2019-12-23,2020-01-13,,126345,388010,2
1384520,2019-12-23,2020-01-13,,126521,517935,2
1384521,2019-12-23,2020-01-13,,126529,952986,2
1384522,2019-12-23,2020-01-13,,126546,62165,2
1384523,2019-12-23,2020-01-13,,126546,767602,2
1384524,2019-12-23,2020-01-13,,126574,425850,2
1384525,2019-12-23,2020-01-13,,126682,166472,2
1384526,2019-12-23,2020-01-13,,126908,253174,2
1384527,2019-12-23,2020-01-13,,126915,481891,2
1384528,2019-12-23,2020-01-13,,126959,832624,2
1384529,2019-12-23,2020-01-13,,127073,282934,2
1384530,2019-12-23,2020-01-13,,127073,833128,2
1384531,2019-12-23,2020-01-13,,127132,679732,2
1384532,2019-12-23,2020-01-13,,127271,192272,2
1384533,2019-12-23,2020-01-13,,127271,689422,2
1384534,2019-12-23,2020-01-13,,127271,812359,2
1384535,2019-12-23,2020-01-13,,127363,403978,2
1384536,2019-12-23,2020-01-13,,127393,766459,2
1384537,2019-12-23,2020-01-13,,127685,687906,2
1384538,2019-12-23,2020-01-13,,127766,41056,2
1384539,2019-12-23,2020-01-13,,127766,109624,2
1384540,2019-12-23,2020-01-13,,127766,145593,2
1384541,2019-12-23,2020-01-13,,127766,155086,2
1384542,2019-12-23,2020-01-13,,127766,267742,2
1384543,2019-12-23,2020-01-13,,127766,350393,2
1384544,2019-12-23,2020-01-13,,127766,452481,2
1384545,2019-12-23,2020-01-13,,127766,501051,2
1384546,2019-12-23,2020-01-13,,127766,557955,2
1384547,2019-12-23,2020-01-13,,127766,670228,2
1384548,2019-12-23,2020-01-13,,127766,679290,2
1384549,2019-12-23,2020-01-13,,127766,689355,2
1384550,2019-12-23,2020-01-13,,127766,718629,2
1384551,2019-12-23,2020-01-13,,127766,826274,2
1384552,2019-12-23,2020-01-13,,127766,896627,2
1384553,2019-12-23,2020-01-13,,127766,952311,2
1384554,2019-12-23,2020-01-13,,127819,702165,2
1384555,2019-12-23,2020-01-13,,127835,149815,2
1384556,2019-12-23,2020-01-13,,127927,601297,2
1384557,2019-12-23,2020-01-13,,127969,104538,2
1384558,2019-12-23,2020-01-13,,127993,123423,2
1384559,2019-12-23,2020-01-13,,128003,162520,2
1384560,2019-12-23,2020-01-13,,128006,322588,2
1384561,2019-12-23,2020-01-13,,128570,168628,2
1384562,2019-12-23,2020-01-13,,128582,361238,2
1384563,2019-12-23,2020-01-13,,128685,197171,2
1384564,2019-12-23,2020-01-13,,128685,547315,2
1384565,2019-12-23,2020-01-13,,129007,217649,2
1384566,2019-12-23,2020-01-13,,129007,515583,2
1384567,2019-12-23,2020-01-13,,129093,697286,2
1384568,2019-12-23,2020-01-13,,129254,234946,2
1384569,2019-12-23,2020-01-13,,129327,780030,2
1384570,2019-12-23,2020-01-13,,129348,476339,2
1384571,2019-12-23,2020-01-13,,129483,428606,2
1384572,2019-12-23,2020-01-13,,129485,30202,2
1384573,2019-12-23,2020-01-13,,129534,522961,2
1384574,2019-12-23,2020-01-13,,129534,587589,2
1384575,2019-12-23,2020-01-13,,129594,757851,2
1384576,2019-12-23,2020-01-13,,129639,520080,2
1384577,2019-12-23,2020-01-13,,129665,552995,2
1384578,2019-12-23,2020-01-13,,129761,820285,2
1384579,2019-12-23,2020-01-13,,129775,147589,2
1384580,2019-12-23,2020-01-13,,129785,730892,2
1384581,2019-12-23,2020-01-13,,129801,239733,2
1384582,2019-12-23,2020-01-13,,129808,546664,2
1384583,2019-12-23,2020-01-13,,129896,452484,2
1384584,2019-12-23,2020-01-13,,129896,557960,2
1384585,2019-12-23,2020-01-13,,129896,952318,2
1384586,2019-12-23,2020-01-13,,130114,596013,2
1384587,2019-12-23,2020-01-13,,130156,244503,2
1384588,2019-12-23,2020-01-13,,130172,451612,2
1384589,2019-12-23,2020-01-13,,130252,383030,2
1384590,2019-12-23,2020-01-13,,130321,60709,2
1384591,2019-12-23,2020-01-13,,130799,882342,2
1384592,2019-12-23,2020-01-13,,130820,179909,2
1384593,2019-12-23,2020-01-13,,130830,599968,2
1384594,2019-12-23,2020-01-13,,130833,945270,2
1384595,2019-12-23,2020-01-13,,131279,486103,2
1384596,2019-12-23,2020-01-13,,131347,335582,2
1384597,2019-12-23,2020-01-13,,131510,145368,2
1384598,2019-12-23,2020-01-13,,131510,942861,2
1384599,2019-12-23,2020-01-13,,131519,341999,2
1384600,2019-12-23,2020-01-13,,131921,313378,2
1384601,2019-12-23,2020-01-13,,132016,207678,2
1384602,2019-12-23,2020-01-13,,132054,637657,2
1384603,2019-12-23,2020-01-13,,132104,476358,2
1384604,2019-12-23,2020-01-13,,132146,53192,2
1384605,2019-12-23,2020-01-13,,132312,353741,2
1384606,2019-12-23,2020-01-13,,132368,5725,2
1384607,2019-12-23,2020-01-13,,132389,571536,2
1384608,2019-12-23,2020-01-13,,132664,590821,2
1384609,2019-12-23,2020-01-13,,132946,832543,2
1384610,2019-12-23,2020-01-13,,132974,343783,2
1384611,2019-12-23,2020-01-13,,133002,628490,2
1384612,2019-12-23,2020-01-13,,133191,220246,2
1384613,2019-12-23,2020-01-13,,133191,298824,2
1384614,2019-12-23,2020-01-13,,133327,610201,2
1384615,2019-12-23,2020-01-13,,133562,198589,2
1384616,2019-12-23,2020-01-13,,133574,39095,2
1384617,2019-12-23,2020-01-13,,133629,660646,2
1384618,2019-12-23,2020-01-13,,133633,255960,2
1384619,2019-12-23,2020-01-13,,133717,829611,2
1384620,2019-12-23,2020-01-13,,133732,571269,2
1384621,2019-12-23,2020-01-13,,133732,682994,2
1384622,2019-12-23,2020-01-13,,133741,772038,2
1384623,2019-12-23,2020-01-13,,133747,734022,2
1384624,2019-12-23,2020-01-13,,133773,610287,2
1384625,2019-12-23,2020-01-13,,133824,349529,2
1384626,2019-12-23,2020-01-13,,134032,707437,2
1384627,2019-12-23,2020-01-13,,134225,15205,2
1384628,2019-12-23,2020-01-13,,134225,541425,2
1384629,2019-12-23,2020-01-13,,134367,117070,2
1384630,2019-12-23,2020-01-13,,134387,897808,2
1384631,2019-12-23,2020-01-13,,134446,26430,2
1384632,2019-12-23,2020-01-13,,134483,86057,2
1384633,2019-12-23,2020-01-13,,134576,249299,2
1384634,2019-12-23,2020-01-13,,134576,339851,2
1384635,2019-12-23,2020-01-13,,134576,474074,2
1384636,2019-12-23,2020-01-13,,134799,623695,2
1384637,2019-12-23,2020-01-13,,134800,535367,2
1384638,2019-12-23,2020-01-13,,134946,796939,2
1384639,2019-12-23,2020-01-13,,135070,920349,2
1384640,2019-12-23,2020-01-13,,135084,247460,2
1384641,2019-12-23,2020-01-13,,135149,73318,2
1384642,2019-12-23,2020-01-13,,135180,699267,2
1384643,2019-12-23,2020-01-13,,135270,239278,2
1384644,2019-12-23,2020-01-13,,135272,686683,2
1384645,2019-12-23,2020-01-13,,135272,844917,2
1384646,2019-12-23,2020-01-13,,135547,329141,2
1384647,2019-12-23,2020-01-13,,135547,466021,2
1384648,2019-12-23,2020-01-13,,135901,648939,2
1384649,2019-12-23,2020-01-13,,135928,550648,2
1384650,2019-12-23,2020-01-13,,136353,504278,2
1384651,2019-12-23,2020-01-13,,136820,32146,2
1384652,2019-12-23,2020-01-13,,137279,326803,2
1384653,2019-12-23,2020-01-13,,137311,17560,2
1384654,2019-12-23,2020-01-13,,137352,202381,2
1384655,2019-12-23,2020-01-13,,137352,251875,2
1384656,2019-12-23,2020-01-13,,137352,362463,2
1384657,2019-12-23,2020-01-13,,137358,32983,2
1384658,2019-12-23,2020-01-13,,137524,212436,2
1384659,2019-12-23,2020-01-13,,137564,187747,2
1384660,2019-12-23,2020-01-13,,137564,478034,2
1384661,2019-12-23,2020-01-13,,137649,816064,2
1384662,2019-12-23,2020-01-13,,137842,206184,2
1384663,2019-12-23,2020-01-13,,138184,625463,2
1384664,2019-12-23,2020-01-13,,138249,125048,2
1384665,2019-12-23,2020-01-13,,138643,624604,2
1384666,2019-12-23,2020-01-13,,138794,917565,2
1384667,2019-12-23,2020-01-13,,138917,396464,2
1384668,2019-12-23,2020-01-13,,138956,533124,2
1384669,2019-12-23,2020-01-13,,139177,526429,2
1384670,2019-12-23,2020-01-13,,139393,750178,2
1384671,2019-12-23,2020-01-13,,139414,382726,2
1384672,2019-12-23,2020-01-13,,139581,88459,2
1384673,2019-12-23,2020-01-13,,139604,287762,2
1384674,2019-12-23,2020-01-13,,139653,819794,2
1384675,2019-12-23,2020-01-13,,139667,271890,2
1384676,2019-12-23,2020-01-13,,140023,813288,2
1384677,2019-12-23,2020-01-13,,140101,103586,2
1384678,2019-12-23,2020-01-13,,140155,698871,2
1384679,2019-12-23,2020-01-13,,140353,927026,2
1384680,2019-12-23,2020-01-13,,140402,546922,2
1384681,2019-12-23,2020-01-13,,140457,212224,2
1384682,2019-12-23,2020-01-13,,140818,428604,2
1384683,2019-12-23,2020-01-13,,140818,886440,2
1384684,2019-12-23,2020-01-13,,140895,82857,2
1384685,2019-12-23,2020-01-13,,141229,609394,2
1384686,2019-12-23,2020-01-13,,141314,863670,2
1384687,2019-12-23,2020-01-13,,141445,135969,2
1384688,2019-12-23,2020-01-13,,141700,428620,2
1384689,2019-12-23,2020-01-13,,141810,401595,2
1384690,2019-12-23,2020-01-13,,141870,870046,2
1384691,2019-12-23,2020-01-13,,141901,31767,2
1384692,2019-12-23,2020-01-13,,141901,35372,2
1384693,2019-12-23,2020-01-13,,141901,448821,2
1384694,2019-12-23,2020-01-13,,141977,399097,2
1384695,2019-12-23,2020-01-13,,142019,269444,2
1384696,2019-12-23,2020-01-13,,142089,365716,2
1384697,2019-12-23,2020-01-13,,142107,601209,2
1384698,2019-12-23,2020-01-13,,142186,42445,2
1384699,2019-12-23,2020-01-13,,142186,503871,2
1384700,2019-12-23,2020-01-13,,142186,673416,2
1384701,2019-12-23,2020-01-13,,142186,900657,2
1384702,2019-12-23,2020-01-13,,142272,477639,2
1384703,2019-12-23,2020-01-13,,142389,491868,2
1384704,2019-12-23,2020-01-13,,142424,173936,2
1384705,2019-12-23,2020-01-13,,142574,4328,2
1384706,2019-12-23,2020-01-13,,142647,203617,2
1384707,2019-12-23,2020-01-13,,142647,563633,2
1384708,2019-12-23,2020-01-13,,142647,735417,2
1384709,2019-12-23,2020-01-13,,142647,792129,2
1384710,2019-12-23,2020-01-13,,142855,419207,2
1384711,2019-12-23,2020-01-13,,142865,244779,2
1384712,2019-12-23,2020-01-13,,142968,123773,2
1384713,2019-12-23,2020-01-13,,142968,260524,2
1384714,2019-12-23,2020-01-13,,142968,660107,2
1384715,2019-12-23,2020-01-13,,142996,840729,2
1384716,2019-12-23,2020-01-13,,143043,520305,2
1384717,2019-12-23,2020-01-13,,143335,182520,2
1384718,2019-12-23,2020-01-13,,143410,802001,2
1384719,2019-12-23,2020-01-13,,143455,384076,2
1384720,2019-12-23,2020-01-13,,143487,96260,2
1384721,2019-12-23,2020-01-13,,143713,241064,2
1384722,2019-12-23,2020-01-13,,143715,180065,2
1384723,2019-12-23,2020-01-13,,143805,182870,2
1384724,2019-12-23,2020-01-13,,143805,233699,2
1384725,2019-12-23,2020-01-13,,143905,643717,2
1384726,2019-12-23,2020-01-13,,143940,929071,2
1384727,2019-12-23,2020-01-13,,144415,501618,2
1384728,2019-12-23,2020-01-13,,144480,49330,2
1384729,2019-12-23,2020-01-13,,144480,211787,2
1384730,2019-12-23,2020-01-13,,144480,789904,2
1384731,2019-12-23,2020-01-13,,144717,648791,2
1384732,2019-12-23,2020-01-13,,144820,614027,2
1384733,2019-12-23,2020-01-13,,144820,684140,2
1384734,2019-12-23,2020-01-13,,144820,808771,2
1384735,2019-12-23,2020-01-13,,145100,747995,2
1384736,2019-12-23,2020-01-13,,145173,186022,2
1384737,2019-12-23,2020-01-13,,145591,252389,2
1384738,2019-12-23,2020-01-13,,145709,693849,2
1384739,2019-12-23,2020-01-13,,145719,774486,2
1384740,2019-12-23,2020-01-13,,145736,20089,2
1384741,2019-12-23,2020-01-13,,145736,640637,2
1384742,2019-12-23,2020-01-13,,145886,478301,2
1384743,2019-12-23,2020-01-13,,146010,756610,2
1384744,2019-12-23,2020-01-13,,146019,705946,2
1384745,2019-12-23,2020-01-13,,146664,375449,2
1384746,2019-12-23,2020-01-13,,146705,661636,2
1384747,2019-12-23,2020-01-13,,146730,146171,2
1384748,2019-12-23,2020-01-13,,146799,751600,2
1384749,2019-12-23,2020-01-13,,146867,821729,2
1384750,2019-12-23,2020-01-13,,146881,454876,2
1384751,2019-12-23,2020-01-13,,146933,61145,2
1384752,2019-12-23,2020-01-13,,146933,583920,2
1384753,2019-12-23,2020-01-13,,147324,389269,2
1384754,2019-12-23,2020-01-13,,147385,923338,2
1384755,2019-12-23,2020-01-13,,147446,368917,2
1384756,2019-12-23,2020-01-13,,148015,560854,2
1384757,2019-12-23,2020-01-13,,148072,686167,2
1384758,2019-12-23,2020-01-13,,148887,869881,2
1384759,2019-12-23,2020-01-13,,148887,919416,2
1384760,2019-12-23,2020-01-13,,148918,133972,2
1384761,2019-12-23,2020-01-13,,148935,36197,2
1384762,2019-12-23,2020-01-13,,148935,92569,2
1384763,2019-12-23,2020-01-13,,148935,123878,2
1384764,2019-12-23,2020-01-13,,148935,154851,2
1384765,2019-12-23,2020-01-13,,148935,214039,2
1384766,2019-12-23,2020-01-13,,148935,225463,2
1384767,2019-12-23,2020-01-13,,148935,242944,2
1384768,2019-12-23,2020-01-13,,148935,257004,2
1384769,2019-12-23,2020-01-13,,148935,260926,2
1384770,2019-12-23,2020-01-13,,148935,337015,2
1384771,2019-12-23,2020-01-13,,148935,358179,2
1384772,2019-12-23,2020-01-13,,148935,391211,2
1384773,2019-12-23,2020-01-13,,148935,532556,2
1384774,2019-12-23,2020-01-13,,148935,605524,2
1384775,2019-12-23,2020-01-13,,148935,754222,2
1384776,2019-12-23,2020-01-13,,148935,771969,2
1384777,2019-12-23,2020-01-13,,148935,795193,2
1384778,2019-12-23,2020-01-13,,148998,722466,2
1384779,2019-12-23,2020-01-13,,149068,681815,2
1384780,2019-12-23,2020-01-13,,149081,939061,2
1384781,2019-12-23,2020-01-13,,149248,705800,2
1384782,2019-12-23,2020-01-13,,149248,845004,2
1384783,2019-12-23,2020-01-13,,149402,82121,2
1384784,2019-12-23,2020-01-13,,149419,845095,2
1384785,2019-12-23,2020-01-13,,149519,106913,2
1384786,2019-12-23,2020-01-13,,149519,123639,2
1384787,2019-12-23,2020-01-13,,149519,306632,2
1384788,2019-12-23,2020-01-13,,149519,500076,2
1384789,2019-12-23,2020-01-13,,149711,217619,2
1384790,2019-12-23,2020-01-13,,149984,870847,2
1384791,2019-12-23,2020-01-13,,150245,955019,2
1384792,2019-12-23,2020-01-13,,150353,574714,2
1384793,2019-12-23,2020-01-13,,150447,664587,2
1384794,2019-12-23,2020-01-13,,150481,155235,2
1384795,2019-12-23,2020-01-13,,150618,427665,2
1384796,2019-12-23,2020-01-13,,150727,327334,2
1384797,2019-12-23,2020-01-13,,150822,90153,2
1384798,2019-12-23,2020-01-13,,150822,551433,2
1384799,2019-12-23,2020-01-13,,150998,16119,2
1384800,2019-12-23,2020-01-13,,151034,571611,2
1384801,2019-12-23,2020-01-13,,151472,922991,2
1384802,2019-12-23,2020-01-13,,151496,209279,2
1384803,2019-12-23,2020-01-13,,151749,434407,2
1384804,2019-12-23,2020-01-13,,151871,355027,2
1384805,2019-12-23,2020-01-13,,151890,31519,2
1384806,2019-12-23,2020-01-13,,151903,876658,2
1384807,2019-12-23,2020-01-13,,151933,471261,2
1384808,2019-12-23,2020-01-13,,152076,152751,2
1384809,2019-12-23,2020-01-13,,152158,518650,2
1384810,2019-12-23,2020-01-13,,152405,607785,2
1384811,2019-12-23,2020-01-13,,152517,132868,2
1384812,2019-12-23,2020-01-13,,152526,361317,2
1384813,2019-12-23,2020-01-13,,152541,50497,2
1384814,2019-12-23,2020-01-13,,152615,842793,2
1384815,2019-12-23,2020-01-13,,152957,22867,2
1384816,2019-12-23,2020-01-13,,153517,145268,2
1384817,2019-12-23,2020-01-13,,153617,731431,2
1384818,2019-12-23,2020-01-13,,153617,827777,2
1384819,2019-12-23,2020-01-13,,153650,136938,2
1384820,2019-12-23,2020-01-13,,153750,327395,2
1384821,2019-12-23,2020-01-13,,153756,377406,2
1384822,2019-12-23,2020-01-13,,153834,771716,2
1384823,2019-12-23,2020-01-13,,153913,535777,2
1384824,2019-12-23,2020-01-13,,154310,610793,2
1384825,2019-12-23,2020-01-13,,154352,255621,2
1384826,2019-12-23,2020-01-13,,154389,540039,2
1384827,2019-12-23,2020-01-13,,154580,428178,2
1384828,2019-12-23,2020-01-13,,154622,124567,2
1384829,2019-12-23,2020-01-13,,154622,628912,2
1384830,2019-12-23,2020-01-13,,154622,850384,2
1384831,2019-12-23,2020-01-13,,154777,779465,2
1384832,2019-12-23,2020-01-13,,154799,79741,2
1384833,2019-12-23,2020-01-13,,154902,835895,2
1384834,2019-12-23,2020-01-13,,154945,309263,2
1384835,2019-12-23,2020-01-13,,155046,796417,2
1384836,2019-12-23,2020-01-13,,155051,337884,2
1384837,2019-12-23,2020-01-13,,155278,422122,2
1384838,2019-12-23,2020-01-13,,155722,213975,2
1384839,2019-12-23,2020-01-13,,155880,690570,2
1384840,2019-12-23,2020-01-13,,156048,355781,2
1384841,2019-12-23,2020-01-13,,156056,823180,2
1384842,2019-12-23,2020-01-13,,156413,551212,2
1384843,2019-12-23,2020-01-13,,156634,719960,2
1384844,2019-12-23,2020-01-13,,156732,791164,2
1384845,2019-12-23,2020-01-13,,156753,271563,2
1384846,2019-12-23,2020-01-13,,156912,262170,2
1384847,2019-12-23,2020-01-13,,156912,365922,2
1384848,2019-12-23,2020-01-13,,156912,443944,2
1384849,2019-12-23,2020-01-13,,156912,870199,2
1384850,2019-12-23,2020-01-13,,156912,944754,2
1384851,2019-12-23,2020-01-13,,157044,212347,2
1384852,2019-12-23,2020-01-13,,157099,31907,2
1384853,2019-12-23,2020-01-13,,157125,308698,2
1384854,2019-12-23,2020-01-13,,157125,379448,2
1384855,2019-12-23,2020-01-13,,157125,483367,2
1384856,2019-12-23,2020-01-13,,157125,583200,2
1384857,2019-12-23,2020-01-13,,157324,316471,2
1384858,2019-12-23,2020-01-13,,157415,598427,2
1384859,2019-12-23,2020-01-13,,157435,339073,2
1384860,2019-12-23,2020-01-13,,157879,317221,2
1384861,2019-12-23,2020-01-13,,158291,806595,2
1384862,2019-12-23,2020-01-13,,158325,697803,2
1384863,2019-12-23,2020-01-13,,158325,806813,2
1384864,2019-12-23,2020-01-13,,158325,862642,2
1384865,2019-12-23,2020-01-13,,158543,460681,2
1384866,2019-12-23,2020-01-13,,158607,249373,2
1384867,2019-12-23,2020-01-13,,158610,108452,2
1384868,2019-12-23,2020-01-13,,158610,448803,2
1384869,2019-12-23,2020-01-13,,158610,489140,2
1384870,2019-12-23,2020-01-13,,158669,41057,2
1384871,2019-12-23,2020-01-13,,158669,360435,2
1384872,2019-12-23,2020-01-13,,158733,850468,2
1384873,2019-12-23,2020-01-13,,158861,366482,2
1384874,2019-12-23,2020-01-13,,158965,267388,2
1384875,2019-12-23,2020-01-13,,158981,706318,2
1384876,2019-12-23,2020-01-13,,159043,201514,2
1384877,2019-12-23,2020-01-13,,159070,805732,2
1384878,2019-12-23,2020-01-13,,159350,384585,2
1384879,2019-12-23,2020-01-13,,159538,826026,2
1384880,2019-12-24,2020-01-14,,27,619719,2
1384881,2019-12-24,2020-01-14,,45,751460,2
1384882,2019-12-24,2020-01-14,,196,924112,2
1384883,2019-12-24,2020-01-14,,213,827550,2
1384884,2019-12-24,2020-01-14,,215,382727,2
1384885,2019-12-24,2020-01-14,,262,86338,2
1384886,2019-12-24,2020-01-14,,262,708217,2
1384887,2019-12-24,2020-01-14,,474,403429,2
1384888,2019-12-24,2020-01-14,,483,420277,2
1384889,2019-12-24,2020-01-14,,518,875779,2
1384890,2019-12-24,2020-01-14,,523,444711,2
1384891,2019-12-24,2020-01-14,,655,687693,2
1384892,2019-12-24,2020-01-14,,698,411680,2
1384893,2019-12-24,2020-01-14,,698,490509,2
1384894,2019-12-24,2020-01-14,,698,575931,2
1384895,2019-12-24,2020-01-14,,698,800628,2
1384896,2019-12-24,2020-01-14,,754,104716,2
1384897,2019-12-24,2020-01-14,,1594,137420,2
1384898,2019-12-24,2020-01-14,,1693,213356,2
1384899,2019-12-24,2020-01-14,,1739,324728,2
1384900,2019-12-24,2020-01-14,,1739,601311,2
1384901,2019-12-24,2020-01-14,,1770,273630,2
1384902,2019-12-24,2020-01-14,,1853,715138,2
1384903,2019-12-24,2020-01-14,,1973,408306,2
1384904,2019-12-24,2020-01-14,,2216,343932,2
1384905,2019-12-24,2020-01-14,,2268,684085,2
1384906,2019-12-24,2020-01-14,,2597,526659,2
1384907,2019-12-24,2020-01-14,,2597,739982,2
1384908,2019-12-24,2020-01-14,,2708,327614,2
1384909,2019-12-24,2020-01-14,,2750,863820,2
1384910,2019-12-24,2020-01-14,,2780,867526,2
1384911,2019-12-24,2020-01-14,,2972,524711,2
1384912,2019-12-24,2020-01-14,,3014,331082,2
1384913,2019-12-24,2020-01-14,,3057,563511,2
1384914,2019-12-24,2020-01-14,,3112,325650,2
1384915,2019-12-24,2020-01-14,,3112,352236,2
1384916,2019-12-24,2020-01-14,,3112,371956,2
1384917,2019-12-24,2020-01-14,,3112,479812,2
1384918,2019-12-24,2020-01-14,,3112,832801,2
1384919,2019-12-24,2020-01-14,,3151,525265,2
1384920,2019-12-24,2020-01-14,,3151,798447,2
1384921,2019-12-24,2020-01-14,,3151,818578,2
1384922,2019-12-24,2020-01-14,,3203,896813,2
1384923,2019-12-24,2020-01-14,,3222,394674,2
1384924,2019-12-24,2020-01-14,,3294,205087,2
1384925,2019-12-24,2020-01-14,,3411,326610,2
1384926,2019-12-24,2020-01-14,,3596,10839,2
1384927,2019-12-24,2020-01-14,,3596,452436,2
1384928,2019-12-24,2020-01-14,,3819,96865,2
1384929,2019-12-24,2020-01-14,,3840,191956,2
1384930,2019-12-24,2020-01-14,,3873,27965,2
1384931,2019-12-24,2020-01-14,,4052,526496,2
1384932,2019-12-24,2020-01-14,,4055,16188,2
1384933,2019-12-24,2020-01-14,,4068,153462,2
1384934,2019-12-24,2020-01-14,,4068,531876,2
1384935,2019-12-24,2020-01-14,,4091,910766,2
1384936,2019-12-24,2020-01-14,,4403,896771,2
1384937,2019-12-24,2020-01-14,,4523,919578,2
1384938,2019-12-24,2020-01-14,,4550,429176,2
1384939,2019-12-24,2020-01-14,,4579,697679,2
1384940,2019-12-24,2020-01-14,,4679,17279,2
1384941,2019-12-24,2020-01-14,,4786,845021,2
1384942,2019-12-24,2020-01-14,,4858,536602,2
1384943,2019-12-24,2020-01-14,,5151,258224,2
1384944,2019-12-24,2020-01-14,,5153,459974,2
1384945,2019-12-24,2020-01-14,,5253,456949,2
1384946,2019-12-24,2020-01-14,,5421,688703,2
1384947,2019-12-24,2020-01-14,,5678,331782,2
1384948,2019-12-24,2020-01-14,,5678,350441,2
1384949,2019-12-24,2020-01-14,,5678,460309,2
1384950,2019-12-24,2020-01-14,,5678,551436,2
1384951,2019-12-24,2020-01-14,,5678,951436,2
1384952,2019-12-24,2020-01-14,,5861,356257,2
1384953,2019-12-24,2020-01-14,,5954,822395,2
1384954,2019-12-24,2020-01-14,,5959,188925,2
1384955,2019-12-24,2020-01-14,,6006,785761,2
1384956,2019-12-24,2020-01-14,,6164,849579,2
1384957,2019-12-24,2020-01-14,,6432,823831,2
1384958,2019-12-24,2020-01-14,,6459,734017,2
1384959,2019-12-24,2020-01-14,,6517,571902,2
1384960,2019-12-24,2020-01-14,,6539,822452,2
1384961,2019-12-24,2020-01-14,,6619,177206,2
1384962,2019-12-24,2020-01-14,,6619,483740,2
1384963,2019-12-24,2020-01-14,,6619,546913,2
1384964,2019-12-24,2020-01-14,,6629,896500,2
1384965,2019-12-24,2020-01-14,,6656,139256,2
1384966,2019-12-24,2020-01-14,,6699,584434,2
1384967,2019-12-24,2020-01-14,,6725,44484,2
1384968,2019-12-24,2020-01-14,,6845,55048,2
1384969,2019-12-24,2020-01-14,,6845,307277,2
1384970,2019-12-24,2020-01-14,,7232,336240,2
1384971,2019-12-24,2020-01-14,,7244,308298,2
1384972,2019-12-24,2020-01-14,,7249,103932,2
1384973,2019-12-24,2020-01-14,,7491,89408,2
1384974,2019-12-24,2020-01-14,,7640,341393,2
1384975,2019-12-24,2020-01-14,,7738,204995,2
1384976,2019-12-24,2020-01-14,,7774,174271,2
1384977,2019-12-24,2020-01-14,,7844,44538,2
1384978,2019-12-24,2020-01-14,,7862,434901,2
1384979,2019-12-24,2020-01-14,,8102,750158,2
1384980,2019-12-24,2020-01-14,,8330,239156,2
1384981,2019-12-24,2020-01-14,,8440,612505,2
1384982,2019-12-24,2020-01-14,,8495,104177,2
1384983,2019-12-24,2020-01-14,,8823,441107,2
1384984,2019-12-24,2020-01-14,,8823,947941,2
1384985,2019-12-24,2020-01-14,,8989,493426,2
1384986,2019-12-24,2020-01-14,,9067,201089,2
1384987,2019-12-24,2020-01-14,,9144,557750,2
1384988,2019-12-24,2020-01-14,,9158,875697,2
1384989,2019-12-24,2020-01-14,,9267,118557,2
1384990,2019-12-24,2020-01-14,,9644,183410,2
1384991,2019-12-24,2020-01-14,,9761,609387,2
1384992,2019-12-24,2020-01-14,,9798,181618,2
1384993,2019-12-24,2020-01-14,,9908,188647,2
1384994,2019-12-24,2020-01-14,,9908,526612,2
1384995,2019-12-24,2020-01-14,,9943,281226,2
1384996,2019-12-24,2020-01-14,,10081,76140,2
1384997,2019-12-24,2020-01-14,,10091,559005,2
1384998,2019-12-24,2020-01-14,,10183,312396,2
1384999,2019-12-24,2020-01-14,,10367,656394,2
1385000,2019-12-24,2020-01-14,,10470,469451,2
1385001,2019-12-24,2020-01-14,,10515,931214,2
1385002,2019-12-24,2020-01-14,,10594,46369,2
1385003,2019-12-24,2020-01-14,,10602,842571,2
1385004,2019-12-24,2020-01-14,,11217,146181,2
1385005,2019-12-24,2020-01-14,,11405,569576,2
1385006,2019-12-24,2020-01-14,,11408,860210,2
1385007,2019-12-24,2020-01-14,,11428,264716,2
1385008,2019-12-24,2020-01-14,,11621,150088,2
1385009,2019-12-24,2020-01-14,,11762,222930,2
1385010,2019-12-24,2020-01-14,,11836,354082,2
1385011,2019-12-24,2020-01-14,,12210,90519,2
1385012,2019-12-24,2020-01-14,,12210,583196,2
1385013,2019-12-24,2020-01-14,,12351,845078,2
1385014,2019-12-24,2020-01-14,,12425,169498,2
1385015,2019-12-24,2020-01-14,,12599,333590,2
1385016,2019-12-24,2020-01-14,,12707,405019,2
1385017,2019-12-24,2020-01-14,,12739,614015,2
1385018,2019-12-24,2020-01-14,,12811,612907,2
1385019,2019-12-24,2020-01-14,,12900,629649,2
1385020,2019-12-24,2020-01-14,,13055,598106,2
1385021,2019-12-24,2020-01-14,,13132,380385,2
1385022,2019-12-24,2020-01-14,,13244,389839,2
1385023,2019-12-24,2020-01-14,,13244,750966,2
1385024,2019-12-24,2020-01-14,,13244,867901,2
1385025,2019-12-24,2020-01-14,,13299,810713,2
1385026,2019-12-24,2020-01-14,,13340,156615,2
1385027,2019-12-24,2020-01-14,,13427,459441,2
1385028,2019-12-24,2020-01-14,,13468,426996,2
1385029,2019-12-24,2020-01-14,,13530,688889,2
1385030,2019-12-24,2020-01-14,,13788,49116,2
1385031,2019-12-24,2020-01-14,,13788,73595,2
1385032,2019-12-24,2020-01-14,,13788,193101,2
1385033,2019-12-24,2020-01-14,,13788,225202,2
1385034,2019-12-24,2020-01-14,,13788,571534,2
1385035,2019-12-24,2020-01-14,,13788,628500,2
1385036,2019-12-24,2020-01-14,,13788,683883,2
1385037,2019-12-24,2020-01-14,,13801,16987,2
1385038,2019-12-24,2020-01-14,,13801,114056,2
1385039,2019-12-24,2020-01-14,,13801,648770,2
1385040,2019-12-24,2020-01-14,,13801,832169,2
1385041,2019-12-24,2020-01-14,,13818,902665,2
1385042,2019-12-24,2020-01-14,,13839,63,2
1385043,2019-12-24,2020-01-14,,13839,122054,2
1385044,2019-12-24,2020-01-14,,13839,155099,2
1385045,2019-12-24,2020-01-14,,13839,474816,2
1385046,2019-12-24,2020-01-14,,13839,546966,2
1385047,2019-12-24,2020-01-14,,13839,870215,2
1385048,2019-12-24,2020-01-14,,13839,874019,2
1385049,2019-12-24,2020-01-14,,13844,534943,2
1385050,2019-12-24,2020-01-14,,14132,597702,2
1385051,2019-12-24,2020-01-14,,14132,718661,2
1385052,2019-12-24,2020-01-14,,14181,363235,2
1385053,2019-12-24,2020-01-14,,14251,870158,2
1385054,2019-12-24,2020-01-14,,14271,688373,2
1385055,2019-12-24,2020-01-14,,14383,691143,2
1385056,2019-12-24,2020-01-14,,14443,125078,2
1385057,2019-12-24,2020-01-14,,14514,564432,2
1385058,2019-12-24,2020-01-14,,14534,404253,2
1385059,2019-12-24,2020-01-14,,14698,213653,2
1385060,2019-12-24,2020-01-14,,14864,191329,2
1385061,2019-12-24,2020-01-14,,15022,390682,2
1385062,2019-12-24,2020-01-14,,15033,916116,2
1385063,2019-12-24,2020-01-14,,15133,848643,2
1385064,2019-12-24,2020-01-14,,15324,145069,2
1385065,2019-12-24,2020-01-14,,15826,831835,2
1385066,2019-12-24,2020-01-14,,15912,71505,2
1385067,2019-12-24,2020-01-14,,15921,201170,2
1385068,2019-12-24,2020-01-14,,15942,382801,2
1385069,2019-12-24,2020-01-14,,15977,148395,2
1385070,2019-12-24,2020-01-14,,16069,41846,2
1385071,2019-12-24,2020-01-14,,16182,161548,2
1385072,2019-12-24,2020-01-14,,16326,191434,2
1385073,2019-12-24,2020-01-14,,16355,830601,2
1385074,2019-12-24,2020-01-14,,16398,650435,2
1385075,2019-12-24,2020-01-14,,16405,544495,2
1385076,2019-12-24,2020-01-14,,16482,872480,2
1385077,2019-12-24,2020-01-14,,16629,284578,2
1385078,2019-12-24,2020-01-14,,16663,570166,2
1385079,2019-12-24,2020-01-14,,17186,59375,2
1385080,2019-12-24,2020-01-14,,17277,155079,2
1385081,2019-12-24,2020-01-14,,17277,279917,2
1385082,2019-12-24,2020-01-14,,17277,418529,2
1385083,2019-12-24,2020-01-14,,17277,551530,2
1385084,2019-12-24,2020-01-14,,17337,429864,2
1385085,2019-12-24,2020-01-14,,17491,674787,2
1385086,2019-12-24,2020-01-14,,17536,766251,2
1385087,2019-12-24,2020-01-14,,17668,396670,2
1385088,2019-12-24,2020-01-14,,17843,524356,2
1385089,2019-12-24,2020-01-14,,17881,57757,2
1385090,2019-12-24,2020-01-14,,17881,546935,2
1385091,2019-12-24,2020-01-14,,17881,899618,2
1385092,2019-12-24,2020-01-14,,17908,897116,2
1385093,2019-12-24,2020-01-14,,18047,37443,2
1385094,2019-12-24,2020-01-14,,18249,495823,2
1385095,2019-12-24,2020-01-14,,18495,464262,2
1385096,2019-12-24,2020-01-14,,18636,420440,2
1385097,2019-12-24,2020-01-14,,18817,330056,2
1385098,2019-12-24,2020-01-14,,18834,243879,2
1385099,2019-12-24,2020-01-14,,18961,577367,2
1385100,2019-12-24,2020-01-14,,19054,589749,2
1385101,2019-12-24,2020-01-14,,19136,106137,2
1385102,2019-12-24,2020-01-14,,19178,75002,2
1385103,2019-12-24,2020-01-14,,19465,582246,2
1385104,2019-12-24,2020-01-14,,19497,472240,2
1385105,2019-12-24,2020-01-14,,19537,143511,2
1385106,2019-12-24,2020-01-14,,19537,811320,2
1385107,2019-12-24,2020-01-14,,19557,282181,2
1385108,2019-12-24,2020-01-14,,19782,801121,2
1385109,2019-12-24,2020-01-14,,19835,581064,2
1385110,2019-12-24,2020-01-14,,19933,510555,2
1385111,2019-12-24,2020-01-14,,20035,71751,2
1385112,2019-12-24,2020-01-14,,20382,880601,2
1385113,2019-12-24,2020-01-14,,20587,334957,2
1385114,2019-12-24,2020-01-14,,20615,23981,2
1385115,2019-12-24,2020-01-14,,20635,803865,2
1385116,2019-12-24,2020-01-14,,20846,448642,2
1385117,2019-12-24,2020-01-14,,21325,883246,2
1385118,2019-12-24,2020-01-14,,21364,799396,2
1385119,2019-12-24,2020-01-14,,21391,485505,2
1385120,2019-12-24,2020-01-14,,21658,851217,2
1385121,2019-12-24,2020-01-14,,21855,915737,2
1385122,2019-12-24,2020-01-14,,21888,734741,2
1385123,2019-12-24,2020-01-14,,21894,499070,2
1385124,2019-12-24,2020-01-14,,22178,476023,2
1385125,2019-12-24,2020-01-14,,22412,344638,2
1385126,2019-12-24,2020-01-14,,22607,542299,2
1385127,2019-12-24,2020-01-14,,22607,850941,2
1385128,2019-12-24,2020-01-14,,22874,676155,2
1385129,2019-12-24,2020-01-14,,22901,527033,2
1385130,2019-12-24,2020-01-14,,22948,74884,2
1385131,2019-12-24,2020-01-14,,22994,453951,2
1385132,2019-12-24,2020-01-14,,23139,728955,2
1385133,2019-12-24,2020-01-14,,23242,652453,2
1385134,2019-12-24,2020-01-14,,23252,423722,2
1385135,2019-12-24,2020-01-14,,23378,825522,2
1385136,2019-12-24,2020-01-14,,23456,505409,2
1385137,2019-12-24,2020-01-14,,23528,182165,2
1385138,2019-12-24,2020-01-14,,23528,355541,2
1385139,2019-12-24,2020-01-14,,23602,161221,2
1385140,2019-12-24,2020-01-14,,23602,825408,2
1385141,2019-12-24,2020-01-14,,23924,923380,2
1385142,2019-12-24,2020-01-14,,24270,248536,2
1385143,2019-12-24,2020-01-14,,24431,8210,2
1385144,2019-12-24,2020-01-14,,24652,104195,2
1385145,2019-12-24,2020-01-14,,24652,686704,2
1385146,2019-12-24,2020-01-14,,24708,122046,2
1385147,2019-12-24,2020-01-14,,24708,450173,2
1385148,2019-12-24,2020-01-14,,24735,851474,2
1385149,2019-12-24,2020-01-14,,24767,750168,2
1385150,2019-12-24,2020-01-14,,25046,215789,2
1385151,2019-12-24,2020-01-14,,25046,538104,2
1385152,2019-12-24,2020-01-14,,25046,561526,2
1385153,2019-12-24,2020-01-14,,25046,930823,2
1385154,2019-12-24,2020-01-14,,25075,712502,2
1385155,2019-12-24,2020-01-14,,25410,487201,2
1385156,2019-12-24,2020-01-14,,25491,459445,2
1385157,2019-12-24,2020-01-14,,25492,527872,2
1385158,2019-12-24,2020-01-14,,25625,619551,2
1385159,2019-12-24,2020-01-14,,26359,355838,2
1385160,2019-12-24,2020-01-14,,26393,223048,2
1385161,2019-12-24,2020-01-14,,26398,468078,2
1385162,2019-12-24,2020-01-14,,26443,427573,2
1385163,2019-12-24,2020-01-14,,26629,7572,2
1385164,2019-12-24,2020-01-14,,26654,462458,2
1385165,2019-12-24,2020-01-14,,26725,768684,2
1385166,2019-12-24,2020-01-14,,26966,87966,2
1385167,2019-12-24,2020-01-14,,26966,215173,2
1385168,2019-12-24,2020-01-14,,26966,765893,2
1385169,2019-12-24,2020-01-14,,27113,188294,2
1385170,2019-12-24,2020-01-14,,27291,592249,2
1385171,2019-12-24,2020-01-14,,27339,538263,2
1385172,2019-12-24,2020-01-14,,27442,675077,2
1385173,2019-12-24,2020-01-14,,27442,782649,2
1385174,2019-12-24,2020-01-14,,27461,251186,2
1385175,2019-12-24,2020-01-14,,27650,128257,2
1385176,2019-12-24,2020-01-14,,27673,484503,2
1385177,2019-12-24,2020-01-14,,27807,492099,2
1385178,2019-12-24,2020-01-14,,28029,66337,2
1385179,2019-12-24,2020-01-14,,28029,700604,2
1385180,2019-12-24,2020-01-14,,28095,104525,2
1385181,2019-12-24,2020-01-14,,28114,619257,2
1385182,2019-12-24,2020-01-14,,28218,776174,2
1385183,2019-12-24,2020-01-14,,28221,880680,2
1385184,2019-12-24,2020-01-14,,28287,627402,2
1385185,2019-12-24,2020-01-14,,28384,848347,2
1385186,2019-12-24,2020-01-14,,28424,17664,2
1385187,2019-12-24,2020-01-14,,28462,315941,2
1385188,2019-12-24,2020-01-14,,28463,389405,2
1385189,2019-12-24,2020-01-14,,28538,846218,2
1385190,2019-12-24,2020-01-14,,28571,385109,2
1385191,2019-12-24,2020-01-14,,28571,471567,2
1385192,2019-12-24,2020-01-14,,28683,81434,2
1385193,2019-12-24,2020-01-14,,28724,824563,2
1385194,2019-12-24,2020-01-14,,28803,63454,2
1385195,2019-12-24,2020-01-14,,28823,417973,2
1385196,2019-12-24,2020-01-14,,28823,836879,2
1385197,2019-12-24,2020-01-14,,28847,162768,2
1385198,2019-12-24,2020-01-14,,29010,679119,2
1385199,2019-12-24,2020-01-14,,29089,55753,2
1385200,2019-12-24,2020-01-14,,29349,458382,2
1385201,2019-12-24,2020-01-14,,29450,517612,2
1385202,2019-12-24,2020-01-14,,29586,803745,2
1385203,2019-12-24,2020-01-14,,29604,489049,2
1385204,2019-12-24,2020-01-14,,29631,898419,2
1385205,2019-12-24,2020-01-14,,29826,755401,2
1385206,2019-12-24,2020-01-14,,29968,951122,2
1385207,2019-12-24,2020-01-14,,30009,800116,2
1385208,2019-12-24,2020-01-14,,30095,583968,2
1385209,2019-12-24,2020-01-14,,30351,125528,2
1385210,2019-12-24,2020-01-14,,30426,160331,2
1385211,2019-12-24,2020-01-14,,30542,791314,2
1385212,2019-12-24,2020-01-14,,30697,401780,2
1385213,2019-12-24,2020-01-14,,30818,864109,2
1385214,2019-12-24,2020-01-14,,30851,195181,2
1385215,2019-12-24,2020-01-14,,30874,380121,2
1385216,2019-12-24,2020-01-14,,30878,94139,2
1385217,2019-12-24,2020-01-14,,31180,908811,2
1385218,2019-12-24,2020-01-14,,31228,763940,2
1385219,2019-12-24,2020-01-14,,31257,705962,2
1385220,2019-12-24,2020-01-14,,31328,233953,2
1385221,2019-12-24,2020-01-14,,31332,905120,2
1385222,2019-12-24,2020-01-14,,31632,346373,2
1385223,2019-12-24,2020-01-14,,31716,179986,2
1385224,2019-12-24,2020-01-14,,31825,336763,2
1385225,2019-12-24,2020-01-14,,31825,650418,2
1385226,2019-12-24,2020-01-14,,31825,904407,2
1385227,2019-12-24,2020-01-14,,31877,790505,2
1385228,2019-12-24,2020-01-14,,31921,799922,2
1385229,2019-12-24,2020-01-14,,31929,120743,2
1385230,2019-12-24,2020-01-14,,31994,430998,2
1385231,2019-12-24,2020-01-14,,32177,815251,2
1385232,2019-12-24,2020-01-14,,32307,276751,2
1385233,2019-12-24,2020-01-14,,32317,191159,2
1385234,2019-12-24,2020-01-14,,32317,522252,2
1385235,2019-12-24,2020-01-14,,32341,521478,2
1385236,2019-12-24,2020-01-14,,32394,61046,2
1385237,2019-12-24,2020-01-14,,32509,502713,2
1385238,2019-12-24,2020-01-14,,32532,826341,2
1385239,2019-12-24,2020-01-14,,32926,362917,2
1385240,2019-12-24,2020-01-14,,32976,35003,2
1385241,2019-12-24,2020-01-14,,33035,258227,2
1385242,2019-12-24,2020-01-14,,33171,776764,2
1385243,2019-12-24,2020-01-14,,33360,290466,2
1385244,2019-12-24,2020-01-14,,33372,856189,2
1385245,2019-12-24,2020-01-14,,33423,309551,2
1385246,2019-12-24,2020-01-14,,33423,806572,2
1385247,2019-12-24,2020-01-14,,33427,315680,2
1385248,2019-12-24,2020-01-14,,33780,176920,2
1385249,2019-12-24,2020-01-14,,33781,78599,2
1385250,2019-12-24,2020-01-14,,33904,412804,2
1385251,2019-12-24,2020-01-14,,33985,22441,2
1385252,2019-12-24,2020-01-14,,34074,653941,2
1385253,2019-12-24,2020-01-14,,34074,898746,2
1385254,2019-12-24,2020-01-14,,34167,323772,2
1385255,2019-12-24,2020-01-14,,34193,203105,2
1385256,2019-12-24,2020-01-14,,34313,173367,2
1385257,2019-12-24,2020-01-14,,34530,758510,2
1385258,2019-12-24,2020-01-14,,34559,881440,2
1385259,2019-12-24,2020-01-14,,34611,530123,2
1385260,2019-12-24,2020-01-14,,34784,671383,2
1385261,2019-12-24,2020-01-14,,34850,162429,2
1385262,2019-12-24,2020-01-14,,34850,879258,2
1385263,2019-12-24,2020-01-14,,34993,869054,2
1385264,2019-12-24,2020-01-14,,35063,799341,2
1385265,2019-12-24,2020-01-14,,35110,407591,2
1385266,2019-12-24,2020-01-14,,35116,698960,2
1385267,2019-12-24,2020-01-14,,35176,41932,2
1385268,2019-12-24,2020-01-14,,35176,95540,2
1385269,2019-12-24,2020-01-14,,35176,154582,2
1385270,2019-12-24,2020-01-14,,35176,197939,2
1385271,2019-12-24,2020-01-14,,35176,270006,2
1385272,2019-12-24,2020-01-14,,35176,703705,2
1385273,2019-12-24,2020-01-14,,35523,121440,2
1385274,2019-12-24,2020-01-14,,35601,379364,2
1385275,2019-12-24,2020-01-14,,35687,229266,2
1385276,2019-12-24,2020-01-14,,35738,77216,2
1385277,2019-12-24,2020-01-14,,35799,682995,2
1385278,2019-12-24,2020-01-14,,35936,199584,2
1385279,2019-12-24,2020-01-14,,36316,891308,2
1385280,2019-12-24,2020-01-14,,36531,918086,2
1385281,2019-12-24,2020-01-14,,36688,705203,2
1385282,2019-12-24,2020-01-14,,36783,453718,2
1385283,2019-12-24,2020-01-14,,36928,71179,2
1385284,2019-12-24,2020-01-14,,36928,523266,2
1385285,2019-12-24,2020-01-14,,36928,887806,2
1385286,2019-12-24,2020-01-14,,37006,370816,2
1385287,2019-12-24,2020-01-14,,37041,38654,2
1385288,2019-12-24,2020-01-14,,37191,863215,2
1385289,2019-12-24,2020-01-14,,37515,101349,2
1385290,2019-12-24,2020-01-14,,37515,505068,2
1385291,2019-12-24,2020-01-14,,37515,524220,2
1385292,2019-12-24,2020-01-14,,37515,592147,2
1385293,2019-12-24,2020-01-14,,37515,806596,2
1385294,2019-12-24,2020-01-14,,37516,499084,2
1385295,2019-12-24,2020-01-14,,37516,607119,2
1385296,2019-12-24,2020-01-14,,37516,637687,2
1385297,2019-12-24,2020-01-14,,38215,272982,2
1385298,2019-12-24,2020-01-14,,38291,728055,2
1385299,2019-12-24,2020-01-14,,38337,440536,2
1385300,2019-12-24,2020-01-14,,38400,472570,2
1385301,2019-12-24,2020-01-14,,38400,492100,2
1385302,2019-12-24,2020-01-14,,38400,626688,2
1385303,2019-12-24,2020-01-14,,38551,455822,2
1385304,2019-12-24,2020-01-14,,38680,945173,2
1385305,2019-12-24,2020-01-14,,38753,478386,2
1385306,2019-12-24,2020-01-14,,38937,155865,2
1385307,2019-12-24,2020-01-14,,38954,417312,2
1385308,2019-12-24,2020-01-14,,39022,406593,2
1385309,2019-12-24,2020-01-14,,39056,275699,2
1385310,2019-12-24,2020-01-14,,39341,14448,2
1385311,2019-12-24,2020-01-14,,39341,621589,2
1385312,2019-12-24,2020-01-14,,39690,89548,2
1385313,2019-12-24,2020-01-14,,39725,318148,2
1385314,2019-12-24,2020-01-14,,39817,358766,2
1385315,2019-12-24,2020-01-14,,39957,256149,2
1385316,2019-12-24,2020-01-14,,40196,630478,2
1385317,2019-12-24,2020-01-14,,40217,304671,2
1385318,2019-12-24,2020-01-14,,40289,867827,2
1385319,2019-12-24,2020-01-14,,40295,659784,2
1385320,2019-12-24,2020-01-14,,40370,90535,2
1385321,2019-12-24,2020-01-14,,40370,270066,2
1385322,2019-12-24,2020-01-14,,40370,918526,2
1385323,2019-12-24,2020-01-14,,40564,836178,2
1385324,2019-12-24,2020-01-14,,40761,698725,2
1385325,2019-12-24,2020-01-14,,40891,122679,2
1385326,2019-12-24,2020-01-14,,40975,91887,2
1385327,2019-12-24,2020-01-14,,41148,124215,2
1385328,2019-12-24,2020-01-14,,41187,343922,2
1385329,2019-12-24,2020-01-14,,41187,364801,2
1385330,2019-12-24,2020-01-14,,41187,671384,2
1385331,2019-12-24,2020-01-14,,41187,679507,2
1385332,2019-12-24,2020-01-14,,41265,317760,2
1385333,2019-12-24,2020-01-14,,41353,775366,2
1385334,2019-12-24,2020-01-14,,41569,705834,2
1385335,2019-12-24,2020-01-14,,41712,80934,2
1385336,2019-12-24,2020-01-14,,41712,878321,2
1385337,2019-12-24,2020-01-14,,41890,413195,2
1385338,2019-12-24,2020-01-14,,41890,858680,2
1385339,2019-12-24,2020-01-14,,41975,622731,2
1385340,2019-12-24,2020-01-14,,42100,462589,2
1385341,2019-12-24,2020-01-14,,42167,818184,2
1385342,2019-12-24,2020-01-14,,42617,318180,2
1385343,2019-12-24,2020-01-14,,42707,195393,2
1385344,2019-12-24,2020-01-14,,42717,18006,2
1385345,2019-12-24,2020-01-14,,42785,329556,2
1385346,2019-12-24,2020-01-14,,42785,335910,2
1385347,2019-12-24,2020-01-14,,42785,721887,2
1385348,2019-12-24,2020-01-14,,42785,798557,2
1385349,2019-12-24,2020-01-14,,42814,709199,2
1385350,2019-12-24,2020-01-14,,43016,16724,2
1385351,2019-12-24,2020-01-14,,43036,611903,2
1385352,2019-12-24,2020-01-14,,43322,570690,2
1385353,2019-12-24,2020-01-14,,43322,637733,2
1385354,2019-12-24,2020-01-14,,43333,24933,2
1385355,2019-12-24,2020-01-14,,43333,117667,2
1385356,2019-12-24,2020-01-14,,43333,383685,2
1385357,2019-12-24,2020-01-14,,43333,399925,2
1385358,2019-12-24,2020-01-14,,43333,489395,2
1385359,2019-12-24,2020-01-14,,43333,491862,2
1385360,2019-12-24,2020-01-14,,43333,532840,2
1385361,2019-12-24,2020-01-14,,43333,623571,2
1385362,2019-12-24,2020-01-14,,43333,685762,2
1385363,2019-12-24,2020-01-14,,43333,875606,2
1385364,2019-12-24,2020-01-14,,43333,883958,2
1385365,2019-12-24,2020-01-14,,43347,484462,2
1385366,2019-12-24,2020-01-14,,43388,418514,2
1385367,2019-12-24,2020-01-14,,43388,882935,2
1385368,2019-12-24,2020-01-14,,43416,239158,2
1385369,2019-12-24,2020-01-14,,43470,611795,2
1385370,2019-12-24,2020-01-14,,43642,782943,2
1385371,2019-12-24,2020-01-14,,43679,489674,2
1385372,2019-12-24,2020-01-14,,43726,384909,2
1385373,2019-12-24,2020-01-14,,43809,943805,2
1385374,2019-12-24,2020-01-14,,43824,175128,2
1385375,2019-12-24,2020-01-14,,43877,199675,2
1385376,2019-12-24,2020-01-14,,43909,532874,2
1385377,2019-12-24,2020-01-14,,43909,871282,2
1385378,2019-12-24,2020-01-14,,43930,604959,2
1385379,2019-12-24,2020-01-14,,44180,729337,2
1385380,2019-12-24,2020-01-14,,44265,937045,2
1385381,2019-12-24,2020-01-14,,44334,186245,2
1385382,2019-12-24,2020-01-14,,44360,413196,2
1385383,2019-12-24,2020-01-14,,44364,309536,2
1385384,2019-12-24,2020-01-14,,44641,456659,2
1385385,2019-12-24,2020-01-14,,44947,502168,2
1385386,2019-12-24,2020-01-14,,45093,188212,2
1385387,2019-12-24,2020-01-14,,45101,863719,2
1385388,2019-12-24,2020-01-14,,45103,833582,2
1385389,2019-12-24,2020-01-14,,45130,104312,2
1385390,2019-12-24,2020-01-14,,45165,543788,2
1385391,2019-12-24,2020-01-14,,45368,586497,2
1385392,2019-12-24,2020-01-14,,45378,897372,2
1385393,2019-12-24,2020-01-14,,45392,568441,2
1385394,2019-12-24,2020-01-14,,45407,760151,2
1385395,2019-12-24,2020-01-14,,45493,58043,2
1385396,2019-12-24,2020-01-14,,45600,845933,2
1385397,2019-12-24,2020-01-14,,45645,125682,2
1385398,2019-12-24,2020-01-14,,45947,934113,2
1385399,2019-12-24,2020-01-14,,45962,216450,2
1385400,2019-12-24,2020-01-14,,45988,832170,2
1385401,2019-12-24,2020-01-14,,46007,676323,2
1385402,2019-12-24,2020-01-14,,46125,202098,2
1385403,2019-12-24,2020-01-14,,46214,496532,2
1385404,2019-12-24,2020-01-14,,46270,213009,2
1385405,2019-12-24,2020-01-14,,46415,649213,2
1385406,2019-12-24,2020-01-14,,46561,17675,2
1385407,2019-12-24,2020-01-14,,46790,927336,2
1385408,2019-12-24,2020-01-14,,46810,845034,2
1385409,2019-12-24,2020-01-14,,46817,771118,2
1385410,2019-12-24,2020-01-14,,46820,433484,2
1385411,2019-12-24,2020-01-14,,46848,218025,2
1385412,2019-12-24,2020-01-14,,46964,938607,2
1385413,2019-12-24,2020-01-14,,46986,465641,2
1385414,2019-12-24,2020-01-14,,47029,196976,2
1385415,2019-12-24,2020-01-14,,47079,426629,2
1385416,2019-12-24,2020-01-14,,47159,471892,2
1385417,2019-12-24,2020-01-14,,47340,891971,2
1385418,2019-12-24,2020-01-14,,47456,821558,2
1385419,2019-12-24,2020-01-14,,47518,720000,2
1385420,2019-12-24,2020-01-14,,47666,754811,2
1385421,2019-12-24,2020-01-14,,47758,320053,2
1385422,2019-12-24,2020-01-14,,47765,158861,2
1385423,2019-12-24,2020-01-14,,47939,425991,2
1385424,2019-12-24,2020-01-14,,47985,657541,2
1385425,2019-12-24,2020-01-14,,48029,938063,2
1385426,2019-12-24,2020-01-14,,48173,372651,2
1385427,2019-12-24,2020-01-14,,48173,720496,2
1385428,2019-12-24,2020-01-14,,48288,264823,2
1385429,2019-12-24,2020-01-14,,48411,180082,2
1385430,2019-12-24,2020-01-14,,48470,459846,2
1385431,2019-12-24,2020-01-14,,48551,951699,2
1385432,2019-12-24,2020-01-14,,48805,127320,2
1385433,2019-12-24,2020-01-14,,48805,191435,2
1385434,2019-12-24,2020-01-14,,48805,255851,2
1385435,2019-12-24,2020-01-14,,48879,226884,2
1385436,2019-12-24,2020-01-14,,48928,668381,2
1385437,2019-12-24,2020-01-14,,49035,93407,2
1385438,2019-12-24,2020-01-14,,49290,453919,2
1385439,2019-12-24,2020-01-14,,49290,683118,2
1385440,2019-12-24,2020-01-14,,49352,666642,2
1385441,2019-12-24,2020-01-14,,49494,382728,2
1385442,2019-12-24,2020-01-14,,49588,485925,2
1385443,2019-12-24,2020-01-14,,49598,900778,2
1385444,2019-12-24,2020-01-14,,49697,169827,2
1385445,2019-12-24,2020-01-14,,50262,319784,2
1385446,2019-12-24,2020-01-14,,50268,681040,2
1385447,2019-12-24,2020-01-14,,50268,720150,2
1385448,2019-12-24,2020-01-14,,50304,157930,2
1385449,2019-12-24,2020-01-14,,50460,552889,2
1385450,2019-12-24,2020-01-14,,50936,49492,2
1385451,2019-12-24,2020-01-14,,50936,315223,2
1385452,2019-12-24,2020-01-14,,50936,714660,2
1385453,2019-12-24,2020-01-14,,50975,601431,2
1385454,2019-12-24,2020-01-14,,51179,349500,2
1385455,2019-12-24,2020-01-14,,51333,948232,2
1385456,2019-12-24,2020-01-14,,51398,58217,2
1385457,2019-12-24,2020-01-14,,51520,901963,2
1385458,2019-12-24,2020-01-14,,51601,500766,2
1385459,2019-12-24,2020-01-14,,51641,304217,2
1385460,2019-12-24,2020-01-14,,51699,105268,2
1385461,2019-12-24,2020-01-14,,51723,663129,2
1385462,2019-12-24,2020-01-14,,51910,59072,2
1385463,2019-12-24,2020-01-14,,51957,218186,2
1385464,2019-12-24,2020-01-14,,51957,547039,2
1385465,2019-12-24,2020-01-14,,51957,929281,2
1385466,2019-12-24,2020-01-14,,51957,946735,2
1385467,2019-12-24,2020-01-14,,51975,146502,2
1385468,2019-12-24,2020-01-14,,52188,350997,2
1385469,2019-12-24,2020-01-14,,52660,662780,2
1385470,2019-12-24,2020-01-14,,52763,246511,2
1385471,2019-12-24,2020-01-14,,52821,629395,2
1385472,2019-12-24,2020-01-14,,52821,885225,2
1385473,2019-12-24,2020-01-14,,52822,145013,2
1385474,2019-12-24,2020-01-14,,52862,580088,2
1385475,2019-12-24,2020-01-14,,52893,413391,2
1385476,2019-12-24,2020-01-14,,52893,689741,2
1385477,2019-12-24,2020-01-14,,53159,32458,2
1385478,2019-12-24,2020-01-14,,53163,894165,2
1385479,2019-12-24,2020-01-14,,53387,607596,2
1385480,2019-12-24,2020-01-14,,53420,764486,2
1385481,2019-12-24,2020-01-14,,53425,938228,2
1385482,2019-12-24,2020-01-14,,53493,379738,2
1385483,2019-12-24,2020-01-14,,53560,223348,2
1385484,2019-12-24,2020-01-14,,53654,527943,2
1385485,2019-12-24,2020-01-14,,53738,305439,2
1385486,2019-12-24,2020-01-14,,53989,558857,2
1385487,2019-12-24,2020-01-14,,54186,785143,2
1385488,2019-12-24,2020-01-14,,54251,313533,2
1385489,2019-12-24,2020-01-14,,54392,245823,2
1385490,2019-12-24,2020-01-14,,54546,589679,2
1385491,2019-12-24,2020-01-14,,54638,434804,2
1385492,2019-12-24,2020-01-14,,54729,132822,2
1385493,2019-12-24,2020-01-14,,54739,191488,2
1385494,2019-12-24,2020-01-14,,54739,730473,2
1385495,2019-12-24,2020-01-14,,54830,56536,2
1385496,2019-12-24,2020-01-14,,54854,744412,2
1385497,2019-12-24,2020-01-14,,55016,424218,2
1385498,2019-12-24,2020-01-14,,55062,660317,2
1385499,2019-12-24,2020-01-14,,55082,705947,2
1385500,2019-12-24,2020-01-14,,55095,60934,2
1385501,2019-12-24,2020-01-14,,55133,678536,2
1385502,2019-12-24,2020-01-14,,55250,49627,2
1385503,2019-12-24,2020-01-14,,55367,309552,2
1385504,2019-12-24,2020-01-14,,55524,107426,2
1385505,2019-12-24,2020-01-14,,55666,18245,2
1385506,2019-12-24,2020-01-14,,55801,794143,2
1385507,2019-12-24,2020-01-14,,55870,453952,2
1385508,2019-12-24,2020-01-14,,56066,927038,2
1385509,2019-12-24,2020-01-14,,56333,366988,2
1385510,2019-12-24,2020-01-14,,56655,668424,2
1385511,2019-12-24,2020-01-14,,56680,242583,2
1385512,2019-12-24,2020-01-14,,56916,5005,2
1385513,2019-12-24,2020-01-14,,56916,188193,2
1385514,2019-12-24,2020-01-14,,57187,150695,2
1385515,2019-12-24,2020-01-14,,57309,544254,2
1385516,2019-12-24,2020-01-14,,57324,879475,2
1385517,2019-12-24,2020-01-14,,57444,952211,2
1385518,2019-12-24,2020-01-14,,57458,835492,2
1385519,2019-12-24,2020-01-14,,57870,211738,2
1385520,2019-12-24,2020-01-14,,57870,697043,2
1385521,2019-12-24,2020-01-14,,58090,276472,2
1385522,2019-12-24,2020-01-14,,58143,460869,2
1385523,2019-12-24,2020-01-14,,58194,407590,2
1385524,2019-12-24,2020-01-14,,58364,322795,2
1385525,2019-12-24,2020-01-14,,58391,30362,2
1385526,2019-12-24,2020-01-14,,58395,147941,2
1385527,2019-12-24,2020-01-14,,58546,442563,2
1385528,2019-12-24,2020-01-14,,58769,416929,2
1385529,2019-12-24,2020-01-14,,58822,422849,2
1385530,2019-12-24,2020-01-14,,58970,550774,2
1385531,2019-12-24,2020-01-14,,59294,410180,2
1385532,2019-12-24,2020-01-14,,59407,619725,2
1385533,2019-12-24,2020-01-14,,59742,5224,2
1385534,2019-12-24,2020-01-14,,59821,390887,2
1385535,2019-12-24,2020-01-14,,59884,96540,2
1385536,2019-12-24,2020-01-14,,59884,209985,2
1385537,2019-12-24,2020-01-14,,59884,418510,2
1385538,2019-12-24,2020-01-14,,59884,533407,2
1385539,2019-12-24,2020-01-14,,59927,822510,2
1385540,2019-12-24,2020-01-14,,59961,121947,2
1385541,2019-12-24,2020-01-14,,60033,782230,2
1385542,2019-12-24,2020-01-14,,60063,601936,2
1385543,2019-12-24,2020-01-14,,60424,325797,2
1385544,2019-12-24,2020-01-14,,60452,246420,2
1385545,2019-12-24,2020-01-14,,60556,653640,2
1385546,2019-12-24,2020-01-14,,60762,222298,2
1385547,2019-12-24,2020-01-14,,60762,341501,2
1385548,2019-12-24,2020-01-14,,60860,387247,2
1385549,2019-12-24,2020-01-14,,60979,120143,2
1385550,2019-12-24,2020-01-14,,61166,243865,2
1385551,2019-12-24,2020-01-14,,61437,219984,2
1385552,2019-12-24,2020-01-14,,61671,275412,2
1385553,2019-12-24,2020-01-14,,61864,201064,2
1385554,2019-12-24,2020-01-14,,61869,417738,2
1385555,2019-12-24,2020-01-14,,61969,38561,2
1385556,2019-12-24,2020-01-14,,62138,810654,2
1385557,2019-12-24,2020-01-14,,62171,193740,2
1385558,2019-12-24,2020-01-14,,62248,468247,2
1385559,2019-12-24,2020-01-14,,62296,707409,2
1385560,2019-12-24,2020-01-14,,62313,413444,2
1385561,2019-12-24,2020-01-14,,62335,9786,2
1385562,2019-12-24,2020-01-14,,62335,26709,2
1385563,2019-12-24,2020-01-14,,62509,568985,2
1385564,2019-12-24,2020-01-14,,62572,26723,2
1385565,2019-12-24,2020-01-14,,62590,19764,2
1385566,2019-12-24,2020-01-14,,62590,532889,2
1385567,2019-12-24,2020-01-14,,62590,627937,2
1385568,2019-12-24,2020-01-14,,62590,686732,2
1385569,2019-12-24,2020-01-14,,62618,441954,2
1385570,2019-12-24,2020-01-14,,62719,89355,2
1385571,2019-12-24,2020-01-14,,62719,180052,2
1385572,2019-12-24,2020-01-14,,62719,549946,2
1385573,2019-12-24,2020-01-14,,62719,770274,2
1385574,2019-12-24,2020-01-14,,62719,873779,2
1385575,2019-12-24,2020-01-14,,62784,98381,2
1385576,2019-12-24,2020-01-14,,62821,231789,2
1385577,2019-12-24,2020-01-14,,62983,96969,2
1385578,2019-12-24,2020-01-14,,63136,413401,2
1385579,2019-12-24,2020-01-14,,63218,429542,2
1385580,2019-12-24,2020-01-14,,63290,122047,2
1385581,2019-12-24,2020-01-14,,63290,440517,2
1385582,2019-12-24,2020-01-14,,63290,700590,2
1385583,2019-12-24,2020-01-14,,63290,729536,2
1385584,2019-12-24,2020-01-14,,63290,796259,2
1385585,2019-12-24,2020-01-14,,63385,546914,2
1385586,2019-12-24,2020-01-14,,63514,453953,2
1385587,2019-12-24,2020-01-14,,63602,88301,2
1385588,2019-12-24,2020-01-14,,63751,704329,2
1385589,2019-12-24,2020-01-14,,63878,483844,2
1385590,2019-12-24,2020-01-14,,63898,111574,2
1385591,2019-12-24,2020-01-14,,63925,305011,2
1385592,2019-12-24,2020-01-14,,64240,193376,2
1385593,2019-12-24,2020-01-14,,64257,662533,2
1385594,2019-12-24,2020-01-14,,64285,444694,2
1385595,2019-12-24,2020-01-14,,64339,404323,2
1385596,2019-12-24,2020-01-14,,64361,163507,2
1385597,2019-12-24,2020-01-14,,64413,485535,2
1385598,2019-12-24,2020-01-14,,64501,258703,2
1385599,2019-12-24,2020-01-14,,64578,274750,2
1385600,2019-12-24,2020-01-14,,64578,572869,2
1385601,2019-12-24,2020-01-14,,64629,100884,2
1385602,2019-12-24,2020-01-14,,64877,733121,2
1385603,2019-12-24,2020-01-14,,64877,931108,2
1385604,2019-12-24,2020-01-14,,64902,815241,2
1385605,2019-12-24,2020-01-14,,64959,845055,2
1385606,2019-12-24,2020-01-14,,64990,211262,2
1385607,2019-12-24,2020-01-14,,65077,627158,2
1385608,2019-12-24,2020-01-14,,65165,845490,2
1385609,2019-12-24,2020-01-14,,65186,408556,2
1385610,2019-12-24,2020-01-14,,65341,455020,2
1385611,2019-12-24,2020-01-14,,65689,535226,2
1385612,2019-12-24,2020-01-14,,65753,815173,2
1385613,2019-12-24,2020-01-14,,65769,576041,2
1385614,2019-12-24,2020-01-14,,65825,559558,2
1385615,2019-12-24,2020-01-14,,65881,919808,2
1385616,2019-12-24,2020-01-14,,66011,802668,2
1385617,2019-12-24,2020-01-14,,66017,179951,2
1385618,2019-12-24,2020-01-14,,66068,585820,2
1385619,2019-12-24,2020-01-14,,66077,874155,2
1385620,2019-12-24,2020-01-14,,66318,457001,2
1385621,2019-12-24,2020-01-14,,66347,600523,2
1385622,2019-12-24,2020-01-14,,66421,432805,2
1385623,2019-12-24,2020-01-14,,66502,380798,2
1385624,2019-12-24,2020-01-14,,66801,441111,2
1385625,2019-12-24,2020-01-14,,66977,132181,2
1385626,2019-12-24,2020-01-14,,67308,150631,2
1385627,2019-12-24,2020-01-14,,67347,733402,2
1385628,2019-12-24,2020-01-14,,67432,783762,2
1385629,2019-12-24,2020-01-14,,67535,802665,2
1385630,2019-12-24,2020-01-14,,67536,201600,2
1385631,2019-12-24,2020-01-14,,67571,35373,2
1385632,2019-12-24,2020-01-14,,67626,904621,2
1385633,2019-12-24,2020-01-14,,67669,23566,2
1385634,2019-12-24,2020-01-14,,67721,728679,2
1385635,2019-12-24,2020-01-14,,67746,741546,2
1385636,2019-12-24,2020-01-14,,67746,911286,2
1385637,2019-12-24,2020-01-14,,67909,599560,2
1385638,2019-12-24,2020-01-14,,67923,772095,2
1385639,2019-12-24,2020-01-14,,68008,758979,2
1385640,2019-12-24,2020-01-14,,68142,655390,2
1385641,2019-12-24,2020-01-14,,68406,94900,2
1385642,2019-12-24,2020-01-14,,68406,851794,2
1385643,2019-12-24,2020-01-14,,68569,772097,2
1385644,2019-12-24,2020-01-14,,68601,96505,2
1385645,2019-12-24,2020-01-14,,68624,880881,2
1385646,2019-12-24,2020-01-14,,68811,477816,2
1385647,2019-12-24,2020-01-14,,68911,532010,2
1385648,2019-12-24,2020-01-14,,69075,452497,2
1385649,2019-12-24,2020-01-14,,69272,36802,2
1385650,2019-12-24,2020-01-14,,69320,64979,2
1385651,2019-12-24,2020-01-14,,69394,843363,2
1385652,2019-12-24,2020-01-14,,69530,546967,2
1385653,2019-12-24,2020-01-14,,69678,585067,2
1385654,2019-12-24,2020-01-14,,69692,225350,2
1385655,2019-12-24,2020-01-14,,69735,14471,2
1385656,2019-12-24,2020-01-14,,69837,765422,2
1385657,2019-12-24,2020-01-14,,70080,133019,2
1385658,2019-12-24,2020-01-14,,70153,798610,2
1385659,2019-12-24,2020-01-14,,70170,140229,2
1385660,2019-12-24,2020-01-14,,70174,917799,2
1385661,2019-12-24,2020-01-14,,70220,676078,2
1385662,2019-12-24,2020-01-14,,70274,619258,2
1385663,2019-12-24,2020-01-14,,70445,873803,2
1385664,2019-12-24,2020-01-14,,70486,268509,2
1385665,2019-12-24,2020-01-14,,70565,573564,2
1385666,2019-12-24,2020-01-14,,70612,177872,2
1385667,2019-12-24,2020-01-14,,70780,148349,2
1385668,2019-12-24,2020-01-14,,70780,326758,2
1385669,2019-12-24,2020-01-14,,70780,383686,2
1385670,2019-12-24,2020-01-14,,70780,796077,2
1385671,2019-12-24,2020-01-14,,71208,425057,2
1385672,2019-12-24,2020-01-14,,71441,322048,2
1385673,2019-12-24,2020-01-14,,71441,512738,2
1385674,2019-12-24,2020-01-14,,71444,621590,2
1385675,2019-12-24,2020-01-14,,71553,381481,2
1385676,2019-12-24,2020-01-14,,71553,778795,2
1385677,2019-12-24,2020-01-14,,71619,913094,2
1385678,2019-12-24,2020-01-14,,71763,344960,2
1385679,2019-12-24,2020-01-14,,71782,433718,2
1385680,2019-12-24,2020-01-14,,72148,569540,2
1385681,2019-12-24,2020-01-14,,72148,744443,2
1385682,2019-12-24,2020-01-14,,72265,846619,2
1385683,2019-12-24,2020-01-14,,72333,419727,2
1385684,2019-12-24,2020-01-14,,72483,164839,2
1385685,2019-12-24,2020-01-14,,72531,22181,2
1385686,2019-12-24,2020-01-14,,72866,46226,2
1385687,2019-12-24,2020-01-14,,72925,336226,2
1385688,2019-12-24,2020-01-14,,73013,830220,2
1385689,2019-12-24,2020-01-14,,73199,309377,2
1385690,2019-12-24,2020-01-14,,73208,155589,2
1385691,2019-12-24,2020-01-14,,73297,129758,2
1385692,2019-12-24,2020-01-14,,73419,452342,2
1385693,2019-12-24,2020-01-14,,73537,647292,2
1385694,2019-12-24,2020-01-14,,73602,129738,2
1385695,2019-12-24,2020-01-14,,73740,597639,2
1385696,2019-12-24,2020-01-14,,73788,477971,2
1385697,2019-12-24,2020-01-14,,73878,676454,2
1385698,2019-12-24,2020-01-14,,73890,363608,2
1385699,2019-12-24,2020-01-14,,73967,273544,2
1385700,2019-12-24,2020-01-14,,74167,58600,2
1385701,2019-12-24,2020-01-14,,74442,151389,2
1385702,2019-12-24,2020-01-14,,74442,311877,2
1385703,2019-12-24,2020-01-14,,74453,98561,2
1385704,2019-12-24,2020-01-14,,74620,15013,2
1385705,2019-12-24,2020-01-14,,74716,576064,2
1385706,2019-12-24,2020-01-14,,74716,917336,2
1385707,2019-12-24,2020-01-14,,74852,146716,2
1385708,2019-12-24,2020-01-14,,74876,471975,2
1385709,2019-12-24,2020-01-14,,74891,1244,2
1385710,2019-12-24,2020-01-14,,74969,13505,2
1385711,2019-12-24,2020-01-14,,74983,556703,2
1385712,2019-12-24,2020-01-14,,74983,565377,2
1385713,2019-12-24,2020-01-14,,75016,176775,2
1385714,2019-12-24,2020-01-14,,75077,954545,2
1385715,2019-12-24,2020-01-14,,75183,710186,2
1385716,2019-12-24,2020-01-14,,75986,532182,2
1385717,2019-12-24,2020-01-14,,76076,209870,2
1385718,2019-12-24,2020-01-14,,76107,13257,2
1385719,2019-12-24,2020-01-14,,76107,207368,2
1385720,2019-12-24,2020-01-14,,76277,644284,2
1385721,2019-12-24,2020-01-14,,76323,775886,2
1385722,2019-12-24,2020-01-14,,76359,80801,2
1385723,2019-12-24,2020-01-14,,76413,646879,2
1385724,2019-12-24,2020-01-14,,76505,931,2
1385725,2019-12-24,2020-01-14,,76540,322361,2
1385726,2019-12-24,2020-01-14,,76581,736681,2
1385727,2019-12-24,2020-01-14,,76745,458225,2
1385728,2019-12-24,2020-01-14,,76776,185267,2
1385729,2019-12-24,2020-01-14,,76776,575471,2
1385730,2019-12-24,2020-01-14,,77202,606493,2
1385731,2019-12-24,2020-01-14,,77232,427666,2
1385732,2019-12-24,2020-01-14,,77397,10036,2
1385733,2019-12-24,2020-01-14,,77397,892651,2
1385734,2019-12-24,2020-01-14,,77439,799767,2
1385735,2019-12-24,2020-01-14,,77491,652152,2
1385736,2019-12-24,2020-01-14,,77735,460267,2
1385737,2019-12-24,2020-01-14,,77907,361247,2
1385738,2019-12-24,2020-01-14,,77975,929624,2
1385739,2019-12-24,2020-01-14,,78192,33152,2
1385740,2019-12-24,2020-01-14,,78640,166013,2
1385741,2019-12-24,2020-01-14,,78640,558973,2
1385742,2019-12-24,2020-01-14,,78689,688213,2
1385743,2019-12-24,2020-01-14,,78724,272013,2
1385744,2019-12-24,2020-01-14,,78760,190971,2
1385745,2019-12-24,2020-01-14,,78775,614470,2
1385746,2019-12-24,2020-01-14,,78895,837183,2
1385747,2019-12-24,2020-01-14,,78896,500077,2
1385748,2019-12-24,2020-01-14,,79147,221000,2
1385749,2019-12-24,2020-01-14,,79147,768981,2
1385750,2019-12-24,2020-01-14,,79475,574293,2
1385751,2019-12-24,2020-01-14,,79475,686411,2
1385752,2019-12-24,2020-01-14,,79782,545785,2
1385753,2019-12-24,2020-01-14,,79870,374288,2
1385754,2019-12-24,2020-01-14,,79885,863743,2
1385755,2019-12-24,2020-01-14,,79914,648776,2
1385756,2019-12-24,2020-01-14,,79951,387349,2
1385757,2019-12-24,2020-01-14,,79951,880870,2
1385758,2019-12-24,2020-01-14,,79951,891117,2
1385759,2019-12-24,2020-01-14,,80070,580079,2
1385760,2019-12-24,2020-01-14,,80075,204426,2
1385761,2019-12-24,2020-01-14,,80186,684686,2
1385762,2019-12-24,2020-01-14,,80423,792932,2
1385763,2019-12-24,2020-01-14,,80447,905555,2
1385764,2019-12-24,2020-01-14,,80671,93489,2
1385765,2019-12-24,2020-01-14,,80898,908878,2
1385766,2019-12-24,2020-01-14,,80960,634889,2
1385767,2019-12-24,2020-01-14,,81030,792864,2
1385768,2019-12-24,2020-01-14,,81123,323209,2
1385769,2019-12-24,2020-01-14,,81123,432590,2
1385770,2019-12-24,2020-01-14,,81189,659604,2
1385771,2019-12-24,2020-01-14,,81217,130737,2
1385772,2019-12-24,2020-01-14,,81272,908477,2
1385773,2019-12-24,2020-01-14,,81445,553314,2
1385774,2019-12-24,2020-01-14,,81525,99034,2
1385775,2019-12-24,2020-01-14,,81546,206274,2
1385776,2019-12-24,2020-01-14,,81614,32613,2
1385777,2019-12-24,2020-01-14,,81768,873822,2
1385778,2019-12-24,2020-01-14,,81825,691134,2
1385779,2019-12-24,2020-01-14,,82211,116528,2
1385780,2019-12-24,2020-01-14,,82211,480730,2
1385781,2019-12-24,2020-01-14,,82211,491134,2
1385782,2019-12-24,2020-01-14,,82489,104474,2
1385783,2019-12-24,2020-01-14,,82560,905842,2
1385784,2019-12-24,2020-01-14,,82649,244568,2
1385785,2019-12-24,2020-01-14,,82867,76877,2
1385786,2019-12-24,2020-01-14,,82894,144770,2
1385787,2019-12-24,2020-01-14,,82958,452153,2
1385788,2019-12-24,2020-01-14,,83128,331352,2
1385789,2019-12-24,2020-01-14,,83146,331788,2
1385790,2019-12-24,2020-01-14,,83146,838635,2
1385791,2019-12-24,2020-01-14,,83324,577161,2
1385792,2019-12-24,2020-01-14,,83348,621591,2
1385793,2019-12-24,2020-01-14,,83386,755512,2
1385794,2019-12-24,2020-01-14,,83425,93106,2
1385795,2019-12-24,2020-01-14,,83451,621330,2
1385796,2019-12-24,2020-01-14,,83451,951663,2
1385797,2019-12-24,2020-01-14,,83685,767565,2
1385798,2019-12-24,2020-01-14,,83693,931319,2
1385799,2019-12-24,2020-01-14,,83995,312820,2
1385800,2019-12-24,2020-01-14,,83998,949132,2
1385801,2019-12-24,2020-01-14,,84032,649547,2
1385802,2019-12-24,2020-01-14,,84035,417115,2
1385803,2019-12-24,2020-01-14,,84103,212235,2
1385804,2019-12-24,2020-01-14,,84103,882031,2
1385805,2019-12-24,2020-01-14,,84190,738930,2
1385806,2019-12-24,2020-01-14,,84245,647389,2
1385807,2019-12-24,2020-01-14,,84410,905700,2
1385808,2019-12-24,2020-01-14,,84436,404825,2
1385809,2019-12-24,2020-01-14,,84572,455514,2
1385810,2019-12-24,2020-01-14,,84677,18367,2
1385811,2019-12-24,2020-01-14,,84698,243826,2
1385812,2019-12-24,2020-01-14,,84712,261351,2
1385813,2019-12-24,2020-01-14,,84808,884802,2
1385814,2019-12-24,2020-01-14,,84885,642082,2
1385815,2019-12-24,2020-01-14,,84997,517360,2
1385816,2019-12-24,2020-01-14,,84997,668738,2
1385817,2019-12-24,2020-01-14,,85012,819488,2
1385818,2019-12-24,2020-01-14,,85115,184523,2
1385819,2019-12-24,2020-01-14,,85170,3155,2
1385820,2019-12-24,2020-01-14,,85213,424561,2
1385821,2019-12-24,2020-01-14,,85273,277269,2
1385822,2019-12-24,2020-01-14,,85273,823788,2
1385823,2019-12-24,2020-01-14,,85273,871661,2
1385824,2019-12-24,2020-01-14,,85278,245023,2
1385825,2019-12-24,2020-01-14,,85283,463195,2
1385826,2019-12-24,2020-01-14,,85283,520623,2
1385827,2019-12-24,2020-01-14,,85283,639958,2
1385828,2019-12-24,2020-01-14,,85283,829585,2
1385829,2019-12-24,2020-01-14,,85545,587462,2
1385830,2019-12-24,2020-01-14,,85545,689243,2
1385831,2019-12-24,2020-01-14,,85545,735461,2
1385832,2019-12-24,2020-01-14,,85574,80726,2
1385833,2019-12-24,2020-01-14,,85915,608211,2
1385834,2019-12-24,2020-01-14,,85952,457460,2
1385835,2019-12-24,2020-01-14,,85958,430631,2
1385836,2019-12-24,2020-01-14,,85958,497569,2
1385837,2019-12-24,2020-01-14,,85958,671116,2
1385838,2019-12-24,2020-01-14,,86026,774750,2
1385839,2019-12-24,2020-01-14,,86301,312400,2
1385840,2019-12-24,2020-01-14,,86498,4742,2
1385841,2019-12-24,2020-01-14,,86778,506511,2
1385842,2019-12-24,2020-01-14,,86821,299812,2
1385843,2019-12-24,2020-01-14,,86852,32528,2
1385844,2019-12-24,2020-01-14,,86895,242410,2
1385845,2019-12-24,2020-01-14,,86897,126513,2
1385846,2019-12-24,2020-01-14,,87126,864863,2
1385847,2019-12-24,2020-01-14,,87238,325919,2
1385848,2019-12-24,2020-01-14,,87278,937537,2
1385849,2019-12-24,2020-01-14,,87278,949921,2
1385850,2019-12-24,2020-01-14,,87704,241333,2
1385851,2019-12-24,2020-01-14,,87710,42416,2
1385852,2019-12-24,2020-01-14,,87797,452652,2
1385853,2019-12-24,2020-01-14,,87812,212977,2
1385854,2019-12-24,2020-01-14,,87913,416259,2
1385855,2019-12-24,2020-01-14,,88044,338198,2
1385856,2019-12-24,2020-01-14,,88072,702124,2
1385857,2019-12-24,2020-01-14,,88263,792977,2
1385858,2019-12-24,2020-01-14,,88651,487178,2
1385859,2019-12-24,2020-01-14,,88778,514291,2
1385860,2019-12-24,2020-01-14,,88801,622902,2
1385861,2019-12-24,2020-01-14,,88935,819836,2
1385862,2019-12-24,2020-01-14,,89036,279558,2
1385863,2019-12-24,2020-01-14,,89336,627156,2
1385864,2019-12-24,2020-01-14,,89397,334985,2
1385865,2019-12-24,2020-01-14,,89453,130938,2
1385866,2019-12-24,2020-01-14,,89522,88528,2
1385867,2019-12-24,2020-01-14,,89531,220177,2
1385868,2019-12-24,2020-01-14,,89615,360555,2
1385869,2019-12-24,2020-01-14,,89615,440037,2
1385870,2019-12-24,2020-01-14,,89615,723098,2
1385871,2019-12-24,2020-01-14,,89615,749818,2
1385872,2019-12-24,2020-01-14,,89615,838147,2
1385873,2019-12-24,2020-01-14,,89735,160592,2
1385874,2019-12-24,2020-01-14,,89798,953327,2
1385875,2019-12-24,2020-01-14,,89910,464869,2
1385876,2019-12-24,2020-01-14,,90017,419696,2
1385877,2019-12-24,2020-01-14,,90475,568466,2
1385878,2019-12-24,2020-01-14,,90578,86586,2
1385879,2019-12-24,2020-01-14,,90578,674673,2
1385880,2019-12-24,2020-01-14,,90592,728335,2
1385881,2019-12-24,2020-01-14,,90682,814157,2
1385882,2019-12-24,2020-01-14,,90684,20016,2
1385883,2019-12-24,2020-01-14,,90684,58343,2
1385884,2019-12-24,2020-01-14,,90684,907689,2
1385885,2019-12-24,2020-01-14,,90705,502411,2
1385886,2019-12-24,2020-01-14,,90806,64035,2
1385887,2019-12-24,2020-01-14,,90848,735261,2
1385888,2019-12-24,2020-01-14,,90878,330704,2
1385889,2019-12-24,2020-01-14,,91002,823204,2
1385890,2019-12-24,2020-01-14,,91031,710552,2
1385891,2019-12-24,2020-01-14,,91052,773811,2
1385892,2019-12-24,2020-01-14,,91076,790483,2
1385893,2019-12-24,2020-01-14,,91255,557725,2
1385894,2019-12-24,2020-01-14,,91264,24986,2
1385895,2019-12-24,2020-01-14,,91264,942365,2
1385896,2019-12-24,2020-01-14,,91439,406473,2
1385897,2019-12-24,2020-01-14,,91439,460784,2
1385898,2019-12-24,2020-01-14,,91439,805157,2
1385899,2019-12-24,2020-01-14,,91599,754974,2
1385900,2019-12-24,2020-01-14,,91656,75857,2
1385901,2019-12-24,2020-01-14,,91956,638405,2
1385902,2019-12-24,2020-01-14,,92297,269063,2
1385903,2019-12-24,2020-01-14,,92367,816107,2
1385904,2019-12-24,2020-01-14,,92414,943694,2
1385905,2019-12-24,2020-01-14,,92421,758529,2
1385906,2019-12-24,2020-01-14,,92447,838386,2
1385907,2019-12-24,2020-01-14,,92449,654908,2
1385908,2019-12-24,2020-01-14,,92556,280445,2
1385909,2019-12-24,2020-01-14,,92560,683185,2
1385910,2019-12-24,2020-01-14,,92563,340515,2
1385911,2019-12-24,2020-01-14,,92756,927241,2
1385912,2019-12-24,2020-01-14,,92823,826587,2
1385913,2019-12-24,2020-01-14,,92846,104424,2
1385914,2019-12-24,2020-01-14,,93015,891892,2
1385915,2019-12-24,2020-01-14,,93037,918063,2
1385916,2019-12-24,2020-01-14,,93111,574758,2
1385917,2019-12-24,2020-01-14,,93148,782287,2
1385918,2019-12-24,2020-01-14,,93671,183521,2
1385919,2019-12-24,2020-01-14,,93689,468440,2
1385920,2019-12-24,2020-01-14,,93706,369919,2
1385921,2019-12-24,2020-01-14,,93741,420803,2
1385922,2019-12-24,2020-01-14,,93760,318776,2
1385923,2019-12-24,2020-01-14,,93780,875740,2
1385924,2019-12-24,2020-01-14,,94151,564418,2
1385925,2019-12-24,2020-01-14,,94151,698828,2
1385926,2019-12-24,2020-01-14,,94373,66388,2
1385927,2019-12-24,2020-01-14,,94706,813128,2
1385928,2019-12-24,2020-01-14,,94753,773217,2
1385929,2019-12-24,2020-01-14,,94924,453111,2
1385930,2019-12-24,2020-01-14,,95093,503465,2
1385931,2019-12-24,2020-01-14,,95142,285081,2
1385932,2019-12-24,2020-01-14,,95456,502058,2
1385933,2019-12-24,2020-01-14,,95456,589118,2
1385934,2019-12-24,2020-01-14,,95529,172259,2
1385935,2019-12-24,2020-01-14,,95599,817453,2
1385936,2019-12-24,2020-01-14,,95812,888163,2
1385937,2019-12-24,2020-01-14,,95979,548195,2
1385938,2019-12-24,2020-01-14,,96046,913612,2
1385939,2019-12-24,2020-01-14,,96070,195284,2
1385940,2019-12-24,2020-01-14,,96135,686705,2
1385941,2019-12-24,2020-01-14,,96164,934776,2
1385942,2019-12-24,2020-01-14,,96513,114652,2
1385943,2019-12-24,2020-01-14,,96534,347562,2
1385944,2019-12-24,2020-01-14,,96541,857986,2
1385945,2019-12-24,2020-01-14,,96588,111225,2
1385946,2019-12-24,2020-01-14,,96653,466390,2
1385947,2019-12-24,2020-01-14,,96655,264708,2
1385948,2019-12-24,2020-01-14,,96667,19378,2
1385949,2019-12-24,2020-01-14,,96676,52078,2
1385950,2019-12-24,2020-01-14,,96676,207679,2
1385951,2019-12-24,2020-01-14,,96676,330290,2
1385952,2019-12-24,2020-01-14,,96676,383295,2
1385953,2019-12-24,2020-01-14,,96676,600759,2
1385954,2019-12-24,2020-01-14,,96676,626361,2
1385955,2019-12-24,2020-01-14,,96676,755243,2
1385956,2019-12-24,2020-01-14,,96901,629982,2
1385957,2019-12-24,2020-01-14,,96959,35278,2
1385958,2019-12-24,2020-01-14,,97042,183380,2
1385959,2019-12-24,2020-01-14,,97237,427063,2
1385960,2019-12-24,2020-01-14,,97402,198279,2
1385961,2019-12-24,2020-01-14,,97575,212317,2
1385962,2019-12-24,2020-01-14,,97645,13920,2
1385963,2019-12-24,2020-01-14,,97650,212120,2
1385964,2019-12-24,2020-01-14,,97650,505480,2
1385965,2019-12-24,2020-01-14,,97700,246544,2
1385966,2019-12-24,2020-01-14,,97751,123384,2
1385967,2019-12-24,2020-01-14,,97751,250675,2
1385968,2019-12-24,2020-01-14,,97751,842121,2
1385969,2019-12-24,2020-01-14,,97773,274693,2
1385970,2019-12-24,2020-01-14,,97795,309566,2
1385971,2019-12-24,2020-01-14,,97807,359177,2
1385972,2019-12-24,2020-01-14,,98166,252414,2
1385973,2019-12-24,2020-01-14,,98265,139737,2
1385974,2019-12-24,2020-01-14,,98413,103807,2
1385975,2019-12-24,2020-01-14,,98474,43783,2
1385976,2019-12-24,2020-01-14,,98506,361446,2
1385977,2019-12-24,2020-01-14,,98855,818498,2
1385978,2019-12-24,2020-01-14,,98958,710398,2
1385979,2019-12-24,2020-01-14,,98984,929901,2
1385980,2019-12-24,2020-01-14,,99016,93591,2
1385981,2019-12-24,2020-01-14,,99171,87417,2
1385982,2019-12-24,2020-01-14,,99355,75865,2
1385983,2019-12-24,2020-01-14,,99355,154986,2
1385984,2019-12-24,2020-01-14,,99622,306517,2
1385985,2019-12-24,2020-01-14,,99654,236235,2
1385986,2019-12-24,2020-01-14,,99654,560966,2
1385987,2019-12-24,2020-01-14,,99668,291270,2
1385988,2019-12-24,2020-01-14,,99791,452730,2
1385989,2019-12-24,2020-01-14,,99894,362093,2
1385990,2019-12-24,2020-01-14,,99963,34689,2
1385991,2019-12-24,2020-01-14,,100076,619413,2
1385992,2019-12-24,2020-01-14,,100144,873374,2
1385993,2019-12-24,2020-01-14,,100192,82022,2
1385994,2019-12-24,2020-01-14,,100249,438892,2
1385995,2019-12-24,2020-01-14,,100252,874545,2
1385996,2019-12-24,2020-01-14,,100252,949609,2
1385997,2019-12-24,2020-01-14,,100287,143497,2
1385998,2019-12-24,2020-01-14,,100287,155214,2
1385999,2019-12-24,2020-01-14,,100287,164054,2
1386000,2019-12-24,2020-01-14,,100287,215165,2
1386001,2019-12-24,2020-01-14,,100287,271656,2
1386002,2019-12-24,2020-01-14,,100287,400993,2
1386003,2019-12-24,2020-01-14,,100287,441376,2
1386004,2019-12-24,2020-01-14,,100287,542799,2
1386005,2019-12-24,2020-01-14,,100287,696289,2
1386006,2019-12-24,2020-01-14,,100287,764021,2
1386007,2019-12-24,2020-01-14,,100287,770044,2
1386008,2019-12-24,2020-01-14,,100287,863292,2
1386009,2019-12-24,2020-01-14,,100287,896220,2
1386010,2019-12-24,2020-01-14,,100287,898992,2
1386011,2019-12-24,2020-01-14,,100287,921329,2
1386012,2019-12-24,2020-01-14,,100287,937319,2
1386013,2019-12-24,2020-01-14,,100287,938691,2
1386014,2019-12-24,2020-01-14,,100287,941646,2
1386015,2019-12-24,2020-01-14,,100354,74014,2
1386016,2019-12-24,2020-01-14,,100521,201370,2
1386017,2019-12-24,2020-01-14,,100530,843152,2
1386018,2019-12-24,2020-01-14,,100761,621798,2
1386019,2019-12-24,2020-01-14,,100880,927240,2
1386020,2019-12-24,2020-01-14,,100900,536537,2
1386021,2019-12-24,2020-01-14,,100922,362960,2
1386022,2019-12-24,2020-01-14,,100923,546163,2
1386023,2019-12-24,2020-01-14,,100951,676176,2
1386024,2019-12-24,2020-01-14,,101125,832390,2
1386025,2019-12-24,2020-01-14,,101217,214042,2
1386026,2019-12-24,2020-01-14,,101320,550878,2
1386027,2019-12-24,2020-01-14,,101354,386564,2
1386028,2019-12-24,2020-01-14,,101504,339143,2
1386029,2019-12-24,2020-01-14,,101505,849753,2
1386030,2019-12-24,2020-01-14,,101523,872676,2
1386031,2019-12-24,2020-01-14,,102051,31801,2
1386032,2019-12-24,2020-01-14,,102051,387153,2
1386033,2019-12-24,2020-01-14,,102122,173223,2
1386034,2019-12-24,2020-01-14,,102122,806106,2
1386035,2019-12-24,2020-01-14,,102172,354803,2
1386036,2019-12-24,2020-01-14,,102180,284138,2
1386037,2019-12-24,2020-01-14,,102180,622554,2
1386038,2019-12-24,2020-01-14,,102239,699546,2
1386039,2019-12-24,2020-01-14,,102283,476897,2
1386040,2019-12-24,2020-01-14,,102575,673783,2
1386041,2019-12-24,2020-01-14,,102589,236566,2
1386042,2019-12-24,2020-01-14,,102621,330005,2
1386043,2019-12-24,2020-01-14,,102727,27891,2
1386044,2019-12-24,2020-01-14,,102727,132786,2
1386045,2019-12-24,2020-01-14,,102727,581820,2
1386046,2019-12-24,2020-01-14,,102727,693288,2
1386047,2019-12-24,2020-01-14,,102755,622544,2
1386048,2019-12-24,2020-01-14,,102820,649928,2
1386049,2019-12-24,2020-01-14,,102912,358858,2
1386050,2019-12-24,2020-01-14,,102986,479354,2
1386051,2019-12-24,2020-01-14,,103242,46996,2
1386052,2019-12-24,2020-01-14,,103268,698726,2
1386053,2019-12-24,2020-01-14,,103340,197439,2
1386054,2019-12-24,2020-01-14,,103638,614726,2
1386055,2019-12-24,2020-01-14,,103747,394555,2
1386056,2019-12-24,2020-01-14,,103784,663538,2
1386057,2019-12-24,2020-01-14,,103882,2084,2
1386058,2019-12-24,2020-01-14,,104079,54474,2
1386059,2019-12-24,2020-01-14,,104174,839384,2
1386060,2019-12-24,2020-01-14,,104196,160793,2
1386061,2019-12-24,2020-01-14,,104291,392356,2
1386062,2019-12-24,2020-01-14,,104310,215374,2
1386063,2019-12-24,2020-01-14,,104622,244174,2
1386064,2019-12-24,2020-01-14,,104632,551592,2
1386065,2019-12-24,2020-01-14,,104746,165878,2
1386066,2019-12-24,2020-01-14,,104746,640413,2
1386067,2019-12-24,2020-01-14,,104746,764225,2
1386068,2019-12-24,2020-01-14,,104764,661333,2
1386069,2019-12-24,2020-01-14,,104772,436702,2
1386070,2019-12-24,2020-01-14,,104806,922594,2
1386071,2019-12-24,2020-01-14,,104869,49493,2
1386072,2019-12-24,2020-01-14,,104869,509157,2
1386073,2019-12-24,2020-01-14,,104869,754659,2
1386074,2019-12-24,2020-01-14,,104879,657727,2
1386075,2019-12-24,2020-01-14,,105164,933978,2
1386076,2019-12-24,2020-01-14,,105236,678885,2
1386077,2019-12-24,2020-01-14,,105331,943437,2
1386078,2019-12-24,2020-01-14,,105492,634022,2
1386079,2019-12-24,2020-01-14,,105492,728126,2
1386080,2019-12-24,2020-01-14,,105497,104489,2
1386081,2019-12-24,2020-01-14,,105537,88529,2
1386082,2019-12-24,2020-01-14,,105605,757140,2
1386083,2019-12-24,2020-01-14,,105624,470932,2
1386084,2019-12-24,2020-01-14,,105775,377206,2
1386085,2019-12-24,2020-01-14,,105826,497963,2
1386086,2019-12-24,2020-01-14,,106260,362711,2
1386087,2019-12-24,2020-01-14,,106260,548269,2
1386088,2019-12-24,2020-01-14,,106286,290943,2
1386089,2019-12-24,2020-01-14,,106420,698872,2
1386090,2019-12-24,2020-01-14,,106539,842686,2
1386091,2019-12-24,2020-01-14,,106617,765574,2
1386092,2019-12-24,2020-01-14,,106784,420822,2
1386093,2019-12-24,2020-01-14,,106983,323993,2
1386094,2019-12-24,2020-01-14,,107082,678074,2
1386095,2019-12-24,2020-01-14,,107144,527295,2
1386096,2019-12-24,2020-01-14,,107148,188213,2
1386097,2019-12-24,2020-01-14,,107149,117461,2
1386098,2019-12-24,2020-01-14,,107264,623698,2
1386099,2019-12-24,2020-01-14,,107381,176177,2
1386100,2019-12-24,2020-01-14,,107420,778467,2
1386101,2019-12-24,2020-01-14,,107511,540214,2
1386102,2019-12-24,2020-01-14,,107667,851315,2
1386103,2019-12-24,2020-01-14,,107719,320157,2
1386104,2019-12-24,2020-01-14,,107843,92056,2
1386105,2019-12-24,2020-01-14,,108000,574441,2
1386106,2019-12-24,2020-01-14,,108123,449664,2
1386107,2019-12-24,2020-01-14,,108384,175543,2
1386108,2019-12-24,2020-01-14,,108410,822160,2
1386109,2019-12-24,2020-01-14,,108574,358467,2
1386110,2019-12-24,2020-01-14,,108574,831363,2
1386111,2019-12-24,2020-01-14,,108574,876839,2
1386112,2019-12-24,2020-01-14,,108621,88509,2
1386113,2019-12-24,2020-01-14,,108731,832171,2
1386114,2019-12-24,2020-01-14,,109204,674044,2
1386115,2019-12-24,2020-01-14,,109236,557594,2
1386116,2019-12-24,2020-01-14,,109312,655269,2
1386117,2019-12-24,2020-01-14,,109445,430625,2
1386118,2019-12-24,2020-01-14,,109445,483461,2
1386119,2019-12-24,2020-01-14,,109508,114367,2
1386120,2019-12-24,2020-01-14,,109513,504954,2
1386121,2019-12-24,2020-01-14,,109626,487362,2
1386122,2019-12-24,2020-01-14,,109764,120815,2
1386123,2019-12-24,2020-01-14,,109873,525237,2
1386124,2019-12-24,2020-01-14,,109917,156529,2
1386125,2019-12-24,2020-01-14,,109917,331051,2
1386126,2019-12-24,2020-01-14,,109917,513499,2
1386127,2019-12-24,2020-01-14,,110018,79064,2
1386128,2019-12-24,2020-01-14,,110044,864791,2
1386129,2019-12-24,2020-01-14,,110074,485244,2
1386130,2019-12-24,2020-01-14,,110396,105896,2
1386131,2019-12-24,2020-01-14,,110470,871569,2
1386132,2019-12-24,2020-01-14,,110494,239187,2
1386133,2019-12-24,2020-01-14,,110526,167120,2
1386134,2019-12-24,2020-01-14,,110619,475970,2
1386135,2019-12-24,2020-01-14,,110712,737820,2
1386136,2019-12-24,2020-01-14,,110767,209865,2
1386137,2019-12-24,2020-01-14,,110797,649358,2
1386138,2019-12-24,2020-01-14,,110840,356161,2
1386139,2019-12-24,2020-01-14,,110956,388357,2
1386140,2019-12-24,2020-01-14,,111037,231218,2
1386141,2019-12-24,2020-01-14,,111037,235593,2
1386142,2019-12-24,2020-01-14,,111037,244549,2
1386143,2019-12-24,2020-01-14,,111053,669821,2
1386144,2019-12-24,2020-01-14,,111070,697299,2
1386145,2019-12-24,2020-01-14,,111126,666163,2
1386146,2019-12-24,2020-01-14,,111252,758281,2
1386147,2019-12-24,2020-01-14,,111356,484889,2
1386148,2019-12-24,2020-01-14,,111507,401773,2
1386149,2019-12-24,2020-01-14,,111548,150013,2
1386150,2019-12-24,2020-01-14,,111579,17686,2
1386151,2019-12-24,2020-01-14,,111965,698727,2
1386152,2019-12-24,2020-01-14,,112080,570849,2
1386153,2019-12-24,2020-01-14,,112148,350648,2
1386154,2019-12-24,2020-01-14,,112158,632011,2
1386155,2019-12-24,2020-01-14,,112391,509999,2
1386156,2019-12-24,2020-01-14,,112391,688374,2
1386157,2019-12-24,2020-01-14,,112493,300243,2
1386158,2019-12-24,2020-01-14,,112493,313013,2
1386159,2019-12-24,2020-01-14,,112530,26864,2
1386160,2019-12-24,2020-01-14,,112530,236805,2
1386161,2019-12-24,2020-01-14,,112530,423111,2
1386162,2019-12-24,2020-01-14,,112530,908642,2
1386163,2019-12-24,2020-01-14,,112568,605375,2
1386164,2019-12-24,2020-01-14,,112594,592836,2
1386165,2019-12-24,2020-01-14,,112653,380010,2
1386166,2019-12-24,2020-01-14,,112726,154852,2
1386167,2019-12-24,2020-01-14,,112906,147982,2
1386168,2019-12-24,2020-01-14,,112906,231869,2
1386169,2019-12-24,2020-01-14,,112906,353153,2
1386170,2019-12-24,2020-01-14,,112906,468201,2
1386171,2019-12-24,2020-01-14,,112906,819964,2
1386172,2019-12-24,2020-01-14,,112906,865459,2
1386173,2019-12-24,2020-01-14,,112906,912294,2
1386174,2019-12-24,2020-01-14,,112906,935466,2
1386175,2019-12-24,2020-01-14,,113040,591689,2
1386176,2019-12-24,2020-01-14,,113041,924262,2
1386177,2019-12-24,2020-01-14,,113112,126484,2
1386178,2019-12-24,2020-01-14,,113490,864864,2
1386179,2019-12-24,2020-01-14,,113490,927286,2
1386180,2019-12-24,2020-01-14,,113496,675841,2
1386181,2019-12-24,2020-01-14,,113507,590266,2
1386182,2019-12-24,2020-01-14,,113509,427160,2
1386183,2019-12-24,2020-01-14,,113690,895989,2
1386184,2019-12-24,2020-01-14,,113764,700726,2
1386185,2019-12-24,2020-01-14,,114250,782394,2
1386186,2019-12-24,2020-01-14,,114319,617576,2
1386187,2019-12-24,2020-01-14,,114659,351799,2
1386188,2019-12-24,2020-01-14,,114804,463456,2
1386189,2019-12-24,2020-01-14,,114824,566100,2
1386190,2019-12-24,2020-01-14,,114917,334883,2
1386191,2019-12-24,2020-01-14,,114933,948105,2
1386192,2019-12-24,2020-01-14,,114941,600335,2
1386193,2019-12-24,2020-01-14,,115106,222488,2
1386194,2019-12-24,2020-01-14,,115241,646277,2
1386195,2019-12-24,2020-01-14,,115346,658468,2
1386196,2019-12-24,2020-01-14,,115583,381910,2
1386197,2019-12-24,2020-01-14,,115617,218857,2
1386198,2019-12-24,2020-01-14,,115714,508672,2
1386199,2019-12-24,2020-01-14,,115987,462378,2
1386200,2019-12-24,2020-01-14,,116077,408957,2
1386201,2019-12-24,2020-01-14,,116077,597241,2
1386202,2019-12-24,2020-01-14,,116087,204839,2
1386203,2019-12-24,2020-01-14,,116242,87143,2
1386204,2019-12-24,2020-01-14,,116242,115606,2
1386205,2019-12-24,2020-01-14,,116242,299678,2
1386206,2019-12-24,2020-01-14,,116242,834732,2
1386207,2019-12-24,2020-01-14,,116446,236426,2
1386208,2019-12-24,2020-01-14,,116538,452616,2
1386209,2019-12-24,2020-01-14,,116610,557726,2
1386210,2019-12-24,2020-01-14,,116699,803487,2
1386211,2019-12-24,2020-01-14,,116801,276888,2
1386212,2019-12-24,2020-01-14,,117058,253471,2
1386213,2019-12-24,2020-01-14,,117058,335887,2
1386214,2019-12-24,2020-01-14,,117106,559006,2
1386215,2019-12-24,2020-01-14,,117246,743897,2
1386216,2019-12-24,2020-01-14,,117259,663491,2
1386217,2019-12-24,2020-01-14,,117288,16535,2
1386218,2019-12-24,2020-01-14,,117288,427669,2
1386219,2019-12-24,2020-01-14,,117288,508348,2
1386220,2019-12-24,2020-01-14,,117288,909038,2
1386221,2019-12-24,2020-01-14,,117288,936393,2
1386222,2019-12-24,2020-01-14,,117410,248599,2
1386223,2019-12-24,2020-01-14,,117410,432542,2
1386224,2019-12-24,2020-01-14,,117415,923026,2
1386225,2019-12-24,2020-01-14,,117562,302446,2
1386226,2019-12-24,2020-01-14,,117720,61913,2
1386227,2019-12-24,2020-01-14,,117720,759820,2
1386228,2019-12-24,2020-01-14,,117832,390507,2
1386229,2019-12-24,2020-01-14,,117896,505383,2
1386230,2019-12-24,2020-01-14,,117896,794192,2
1386231,2019-12-24,2020-01-14,,117896,849571,2
1386232,2019-12-24,2020-01-14,,117923,35344,2
1386233,2019-12-24,2020-01-14,,117923,225680,2
1386234,2019-12-24,2020-01-14,,117923,249728,2
1386235,2019-12-24,2020-01-14,,117923,581279,2
1386236,2019-12-24,2020-01-14,,117923,814242,2
1386237,2019-12-24,2020-01-14,,117923,818945,2
1386238,2019-12-24,2020-01-14,,118015,246822,2
1386239,2019-12-24,2020-01-14,,118030,698873,2
1386240,2019-12-24,2020-01-14,,118234,380978,2
1386241,2019-12-24,2020-01-14,,118271,737822,2
1386242,2019-12-24,2020-01-14,,118317,494202,2
1386243,2019-12-24,2020-01-14,,118317,751925,2
1386244,2019-12-24,2020-01-14,,118394,321566,2
1386245,2019-12-24,2020-01-14,,118832,585769,2
1386246,2019-12-24,2020-01-14,,118856,195622,2
1386247,2019-12-24,2020-01-14,,118884,74366,2
1386248,2019-12-24,2020-01-14,,118884,96358,2
1386249,2019-12-24,2020-01-14,,118884,378227,2
1386250,2019-12-24,2020-01-14,,118884,551577,2
1386251,2019-12-24,2020-01-14,,119002,181251,2
1386252,2019-12-24,2020-01-14,,119122,241489,2
1386253,2019-12-24,2020-01-14,,119255,569584,2
1386254,2019-12-24,2020-01-14,,119255,625246,2
1386255,2019-12-24,2020-01-14,,119570,88491,2
1386256,2019-12-24,2020-01-14,,119790,702963,2
1386257,2019-12-24,2020-01-14,,120212,536042,2
1386258,2019-12-24,2020-01-14,,120223,255652,2
1386259,2019-12-24,2020-01-14,,120300,222383,2
1386260,2019-12-24,2020-01-14,,120327,443643,2
1386261,2019-12-24,2020-01-14,,120388,265272,2
1386262,2019-12-24,2020-01-14,,120530,903408,2
1386263,2019-12-24,2020-01-14,,120631,48452,2
1386264,2019-12-24,2020-01-14,,120631,312397,2
1386265,2019-12-24,2020-01-14,,120631,825235,2
1386266,2019-12-24,2020-01-14,,120654,356402,2
1386267,2019-12-24,2020-01-14,,120702,164238,2
1386268,2019-12-24,2020-01-14,,120761,132349,2
1386269,2019-12-24,2020-01-14,,120907,857944,2
1386270,2019-12-24,2020-01-14,,120925,498248,2
1386271,2019-12-24,2020-01-14,,120982,388443,2
1386272,2019-12-24,2020-01-14,,121033,128576,2
1386273,2019-12-24,2020-01-14,,121298,26441,2
1386274,2019-12-24,2020-01-14,,121300,399407,2
1386275,2019-12-24,2020-01-14,,121420,468074,2
1386276,2019-12-24,2020-01-14,,121425,311887,2
1386277,2019-12-24,2020-01-14,,121425,353161,2
1386278,2019-12-24,2020-01-14,,121425,802739,2
1386279,2019-12-24,2020-01-14,,121634,485027,2
1386280,2019-12-24,2020-01-14,,121760,847382,2
1386281,2019-12-24,2020-01-14,,121789,197440,2
1386282,2019-12-24,2020-01-14,,121808,458830,2
1386283,2019-12-24,2020-01-14,,121818,120856,2
1386284,2019-12-24,2020-01-14,,121850,462794,2
1386285,2019-12-24,2020-01-14,,121899,248890,2
1386286,2019-12-24,2020-01-14,,121957,434145,2
1386287,2019-12-24,2020-01-14,,121970,388935,2
1386288,2019-12-24,2020-01-14,,121974,566256,2
1386289,2019-12-24,2020-01-14,,122134,61679,2
1386290,2019-12-24,2020-01-14,,122284,756767,2
1386291,2019-12-24,2020-01-14,,122756,236861,2
1386292,2019-12-24,2020-01-14,,122789,812020,2
1386293,2019-12-24,2020-01-14,,123009,330023,2
1386294,2019-12-24,2020-01-14,,123119,231491,2
1386295,2019-12-24,2020-01-14,,123339,312153,2
1386296,2019-12-24,2020-01-14,,123668,189633,2
1386297,2019-12-24,2020-01-14,,123668,447937,2
1386298,2019-12-24,2020-01-14,,123668,817249,2
1386299,2019-12-24,2020-01-14,,123853,331379,2
1386300,2019-12-24,2020-01-14,,124323,323932,2
1386301,2019-12-24,2020-01-14,,124346,465744,2
1386302,2019-12-24,2020-01-14,,124403,276834,2
1386303,2019-12-24,2020-01-14,,124415,56382,2
1386304,2019-12-24,2020-01-14,,124494,719529,2
1386305,2019-12-24,2020-01-14,,124542,892294,2
1386306,2019-12-24,2020-01-14,,124766,220749,2
1386307,2019-12-24,2020-01-14,,125057,5795,2
1386308,2019-12-24,2020-01-14,,125057,465839,2
1386309,2019-12-24,2020-01-14,,125057,480124,2
1386310,2019-12-24,2020-01-14,,125545,843854,2
1386311,2019-12-24,2020-01-14,,125657,364617,2
1386312,2019-12-24,2020-01-14,,126192,546788,2
1386313,2019-12-24,2020-01-14,,126216,602061,2
1386314,2019-12-24,2020-01-14,,126260,41917,2
1386315,2019-12-24,2020-01-14,,126355,227006,2
1386316,2019-12-24,2020-01-14,,126383,947743,2
1386317,2019-12-24,2020-01-14,,126530,861336,2
1386318,2019-12-24,2020-01-14,,126546,239673,2
1386319,2019-12-24,2020-01-14,,126546,351324,2
1386320,2019-12-24,2020-01-14,,126671,17859,2
1386321,2019-12-24,2020-01-14,,127204,744718,2
1386322,2019-12-24,2020-01-14,,127281,307932,2
1386323,2019-12-24,2020-01-14,,127344,36880,2
1386324,2019-12-24,2020-01-14,,127685,155087,2
1386325,2019-12-24,2020-01-14,,127779,226723,2
1386326,2019-12-24,2020-01-14,,127779,387584,2
1386327,2019-12-24,2020-01-14,,128188,455634,2
1386328,2019-12-24,2020-01-14,,128470,801066,2
1386329,2019-12-24,2020-01-14,,128482,358280,2
1386330,2019-12-24,2020-01-14,,128582,95154,2
1386331,2019-12-24,2020-01-14,,128798,492547,2
1386332,2019-12-24,2020-01-14,,129007,268190,2
1386333,2019-12-24,2020-01-14,,129055,474726,2
1386334,2019-12-24,2020-01-14,,129246,567709,2
1386335,2019-12-24,2020-01-14,,129327,671438,2
1386336,2019-12-24,2020-01-14,,129344,427581,2
1386337,2019-12-24,2020-01-14,,129483,41073,2
1386338,2019-12-24,2020-01-14,,129483,178126,2
1386339,2019-12-24,2020-01-14,,129534,258496,2
1386340,2019-12-24,2020-01-14,,129582,490130,2
1386341,2019-12-24,2020-01-14,,129625,282100,2
1386342,2019-12-24,2020-01-14,,129896,843608,2
1386343,2019-12-24,2020-01-14,,130155,851255,2
1386344,2019-12-24,2020-01-14,,130174,741005,2
1386345,2019-12-24,2020-01-14,,130202,43823,2
1386346,2019-12-24,2020-01-14,,130202,247919,2
1386347,2019-12-24,2020-01-14,,130228,186014,2
1386348,2019-12-24,2020-01-14,,130311,10215,2
1386349,2019-12-24,2020-01-14,,130311,17062,2
1386350,2019-12-24,2020-01-14,,130430,544461,2
1386351,2019-12-24,2020-01-14,,130430,689352,2
1386352,2019-12-24,2020-01-14,,130636,112434,2
1386353,2019-12-24,2020-01-14,,131035,701540,2
1386354,2019-12-24,2020-01-14,,131279,564031,2
1386355,2019-12-24,2020-01-14,,131519,336051,2
1386356,2019-12-24,2020-01-14,,131876,321192,2
1386357,2019-12-24,2020-01-14,,132121,736382,2
1386358,2019-12-24,2020-01-14,,132144,188194,2
1386359,2019-12-24,2020-01-14,,132144,312398,2
1386360,2019-12-24,2020-01-14,,132144,800901,2
1386361,2019-12-24,2020-01-14,,132211,632660,2
1386362,2019-12-24,2020-01-14,,132391,76146,2
1386363,2019-12-24,2020-01-14,,132391,607643,2
1386364,2019-12-24,2020-01-14,,132414,790678,2
1386365,2019-12-24,2020-01-14,,132619,841732,2
1386366,2019-12-24,2020-01-14,,132641,243769,2
1386367,2019-12-24,2020-01-14,,132814,122052,2
1386368,2019-12-24,2020-01-14,,132814,226585,2
1386369,2019-12-24,2020-01-14,,132814,561541,2
1386370,2019-12-24,2020-01-14,,133310,834018,2
1386371,2019-12-24,2020-01-14,,133327,625044,2
1386372,2019-12-24,2020-01-14,,133511,868678,2
1386373,2019-12-24,2020-01-14,,133793,330024,2
1386374,2019-12-24,2020-01-14,,133793,949558,2
1386375,2019-12-24,2020-01-14,,133985,776438,2
1386376,2019-12-24,2020-01-14,,134047,261140,2
1386377,2019-12-24,2020-01-14,,134367,215823,2
1386378,2019-12-24,2020-01-14,,134576,227413,2
1386379,2019-12-24,2020-01-14,,134576,421658,2
1386380,2019-12-24,2020-01-14,,134589,326094,2
1386381,2019-12-24,2020-01-14,,134647,859628,2
1386382,2019-12-24,2020-01-14,,134693,621592,2
1386383,2019-12-24,2020-01-14,,134742,489571,2
1386384,2019-12-24,2020-01-14,,134786,257756,2
1386385,2019-12-24,2020-01-14,,134812,138353,2
1386386,2019-12-24,2020-01-14,,134946,33317,2
1386387,2019-12-24,2020-01-14,,135012,62697,2
1386388,2019-12-24,2020-01-14,,135092,591498,2
1386389,2019-12-24,2020-01-14,,135138,662896,2
1386390,2019-12-24,2020-01-14,,135201,309731,2
1386391,2019-12-24,2020-01-14,,135268,562417,2
1386392,2019-12-24,2020-01-14,,135342,369358,2
1386393,2019-12-24,2020-01-14,,135426,737272,2
1386394,2019-12-24,2020-01-14,,135547,627957,2
1386395,2019-12-24,2020-01-14,,136064,57090,2
1386396,2019-12-24,2020-01-14,,136064,748475,2
1386397,2019-12-24,2020-01-14,,136103,317587,2
1386398,2019-12-24,2020-01-14,,136353,812519,2
1386399,2019-12-24,2020-01-14,,136439,690122,2
1386400,2019-12-24,2020-01-14,,136497,689372,2
1386401,2019-12-24,2020-01-14,,136607,242000,2
1386402,2019-12-24,2020-01-14,,136641,362494,2
1386403,2019-12-24,2020-01-14,,136644,388729,2
1386404,2019-12-24,2020-01-14,,136684,2953,2
1386405,2019-12-24,2020-01-14,,136684,330100,2
1386406,2019-12-24,2020-01-14,,136684,696119,2
1386407,2019-12-24,2020-01-14,,136684,736517,2
1386408,2019-12-24,2020-01-14,,136684,766363,2
1386409,2019-12-24,2020-01-14,,136684,885332,2
1386410,2019-12-24,2020-01-14,,136684,911598,2
1386411,2019-12-24,2020-01-14,,136889,443644,2
1386412,2019-12-24,2020-01-14,,137182,737508,2
1386413,2019-12-24,2020-01-14,,137352,67276,2
1386414,2019-12-24,2020-01-14,,137353,476898,2
1386415,2019-12-24,2020-01-14,,137503,896786,2
1386416,2019-12-24,2020-01-14,,137524,12530,2
1386417,2019-12-24,2020-01-14,,137564,49602,2
1386418,2019-12-24,2020-01-14,,137564,303969,2
1386419,2019-12-24,2020-01-14,,137564,309220,2
1386420,2019-12-24,2020-01-14,,137571,54308,2
1386421,2019-12-24,2020-01-14,,137584,534985,2
1386422,2019-12-24,2020-01-14,,137699,498270,2
1386423,2019-12-24,2020-01-14,,137827,742833,2
1386424,2019-12-24,2020-01-14,,137835,16938,2
1386425,2019-12-24,2020-01-14,,137835,792114,2
1386426,2019-12-24,2020-01-14,,137983,765925,2
1386427,2019-12-24,2020-01-14,,138410,42781,2
1386428,2019-12-24,2020-01-14,,138522,285703,2
1386429,2019-12-24,2020-01-14,,138556,872522,2
1386430,2019-12-24,2020-01-14,,138568,464320,2
1386431,2019-12-24,2020-01-14,,138587,106605,2
1386432,2019-12-24,2020-01-14,,138587,227998,2
1386433,2019-12-24,2020-01-14,,138587,278730,2
1386434,2019-12-24,2020-01-14,,138587,477323,2
1386435,2019-12-24,2020-01-14,,138587,504344,2
1386436,2019-12-24,2020-01-14,,138587,520698,2
1386437,2019-12-24,2020-01-14,,138587,541217,2
1386438,2019-12-24,2020-01-14,,138587,555342,2
1386439,2019-12-24,2020-01-14,,138587,602579,2
1386440,2019-12-24,2020-01-14,,138587,603202,2
1386441,2019-12-24,2020-01-14,,138587,605473,2
1386442,2019-12-24,2020-01-14,,138587,621759,2
1386443,2019-12-24,2020-01-14,,138587,660681,2
1386444,2019-12-24,2020-01-14,,138587,663511,2
1386445,2019-12-24,2020-01-14,,138587,663872,2
1386446,2019-12-24,2020-01-14,,138587,688406,2
1386447,2019-12-24,2020-01-14,,138587,698961,2
1386448,2019-12-24,2020-01-14,,138587,864887,2
1386449,2019-12-24,2020-01-14,,138587,892881,2
1386450,2019-12-24,2020-01-14,,138639,537279,2
1386451,2019-12-24,2020-01-14,,138907,937719,2
1386452,2019-12-24,2020-01-14,,139171,50016,2
1386453,2019-12-24,2020-01-14,,139182,646880,2
1386454,2019-12-24,2020-01-14,,139247,927287,2
1386455,2019-12-24,2020-01-14,,139263,123343,2
1386456,2019-12-24,2020-01-14,,139359,321050,2
1386457,2019-12-24,2020-01-14,,139645,268476,2
1386458,2019-12-24,2020-01-14,,139647,17748,2
1386459,2019-12-24,2020-01-14,,139647,583639,2
1386460,2019-12-24,2020-01-14,,139667,799425,2
1386461,2019-12-24,2020-01-14,,139942,75614,2
1386462,2019-12-24,2020-01-14,,139977,65320,2
1386463,2019-12-24,2020-01-14,,140091,129987,2
1386464,2019-12-24,2020-01-14,,140105,454235,2
1386465,2019-12-24,2020-01-14,,140178,557669,2
1386466,2019-12-24,2020-01-14,,140243,844271,2
1386467,2019-12-24,2020-01-14,,140244,135755,2
1386468,2019-12-24,2020-01-14,,140286,613091,2
1386469,2019-12-24,2020-01-14,,140429,17863,2
1386470,2019-12-24,2020-01-14,,140429,488858,2
1386471,2019-12-24,2020-01-14,,140478,9186,2
1386472,2019-12-24,2020-01-14,,140580,285134,2
1386473,2019-12-24,2020-01-14,,140644,711406,2
1386474,2019-12-24,2020-01-14,,140697,574367,2
1386475,2019-12-24,2020-01-14,,140753,183174,2
1386476,2019-12-24,2020-01-14,,140903,278731,2
1386477,2019-12-24,2020-01-14,,141012,480816,2
1386478,2019-12-24,2020-01-14,,141219,21058,2
1386479,2019-12-24,2020-01-14,,141241,736594,2
1386480,2019-12-24,2020-01-14,,141308,185965,2
1386481,2019-12-24,2020-01-14,,141308,497177,2
1386482,2019-12-24,2020-01-14,,141308,703723,2
1386483,2019-12-24,2020-01-14,,141333,595196,2
1386484,2019-12-24,2020-01-14,,141533,698728,2
1386485,2019-12-24,2020-01-14,,141609,479474,2
1386486,2019-12-24,2020-01-14,,141669,516134,2
1386487,2019-12-24,2020-01-14,,141873,501654,2
1386488,2019-12-24,2020-01-14,,141877,129048,2
1386489,2019-12-24,2020-01-14,,141901,483743,2
1386490,2019-12-24,2020-01-14,,141939,376874,2
1386491,2019-12-24,2020-01-14,,142035,901356,2
1386492,2019-12-24,2020-01-14,,142064,704742,2
1386493,2019-12-24,2020-01-14,,142064,795937,2
1386494,2019-12-24,2020-01-14,,142099,208965,2
1386495,2019-12-24,2020-01-14,,142185,460135,2
1386496,2019-12-24,2020-01-14,,142287,247428,2
1386497,2019-12-24,2020-01-14,,142291,952533,2
1386498,2019-12-24,2020-01-14,,142484,834859,2
1386499,2019-12-24,2020-01-14,,142506,524992,2
1386500,2019-12-24,2020-01-14,,142538,689661,2
1386501,2019-12-24,2020-01-14,,142574,70827,2
1386502,2019-12-24,2020-01-14,,142704,182341,2
1386503,2019-12-24,2020-01-14,,142709,225499,2
1386504,2019-12-24,2020-01-14,,142709,642582,2
1386505,2019-12-24,2020-01-14,,142709,750174,2
1386506,2019-12-24,2020-01-14,,142778,465844,2
1386507,2019-12-24,2020-01-14,,142778,627917,2
1386508,2019-12-24,2020-01-14,,142836,479299,2
1386509,2019-12-24,2020-01-14,,142837,762939,2
1386510,2019-12-24,2020-01-14,,142968,187472,2
1386511,2019-12-24,2020-01-14,,143259,229826,2
1386512,2019-12-24,2020-01-14,,143267,30516,2
1386513,2019-12-24,2020-01-14,,143437,563877,2
1386514,2019-12-24,2020-01-14,,143565,448386,2
1386515,2019-12-24,2020-01-14,,143681,598979,2
1386516,2019-12-24,2020-01-14,,143709,891123,2
1386517,2019-12-24,2020-01-14,,143883,390482,2
1386518,2019-12-24,2020-01-14,,144629,157619,2
1386519,2019-12-24,2020-01-14,,144669,94379,2
1386520,2019-12-24,2020-01-14,,145218,237681,2
1386521,2019-12-24,2020-01-14,,145289,50444,2
1386522,2019-12-24,2020-01-14,,145470,348442,2
1386523,2019-12-24,2020-01-14,,145518,120737,2
1386524,2019-12-24,2020-01-14,,145532,360731,2
1386525,2019-12-24,2020-01-14,,145697,736303,2
1386526,2019-12-24,2020-01-14,,145752,57176,2
1386527,2019-12-24,2020-01-14,,145767,127784,2
1386528,2019-12-24,2020-01-14,,145779,897945,2
1386529,2019-12-24,2020-01-14,,145793,349510,2
1386530,2019-12-24,2020-01-14,,145885,90909,2
1386531,2019-12-24,2020-01-14,,146265,281466,2
1386532,2019-12-24,2020-01-14,,146411,761407,2
1386533,2019-12-24,2020-01-14,,146463,303737,2
1386534,2019-12-24,2020-01-14,,146568,395217,2
1386535,2019-12-24,2020-01-14,,146637,418530,2
1386536,2019-12-24,2020-01-14,,146807,391447,2
1386537,2019-12-24,2020-01-14,,146807,516612,2
1386538,2019-12-24,2020-01-14,,147036,605503,2
1386539,2019-12-24,2020-01-14,,147180,471239,2
1386540,2019-12-24,2020-01-14,,147180,849580,2
1386541,2019-12-24,2020-01-14,,147385,550588,2
1386542,2019-12-24,2020-01-14,,147489,951425,2
1386543,2019-12-24,2020-01-14,,147649,703039,2
1386544,2019-12-24,2020-01-14,,147735,81012,2
1386545,2019-12-24,2020-01-14,,147785,627938,2
1386546,2019-12-24,2020-01-14,,147857,269779,2
1386547,2019-12-24,2020-01-14,,148090,393989,2
1386548,2019-12-24,2020-01-14,,148503,311781,2
1386549,2019-12-24,2020-01-14,,148503,384555,2
1386550,2019-12-24,2020-01-14,,148656,424539,2
1386551,2019-12-24,2020-01-14,,148742,412753,2
1386552,2019-12-24,2020-01-14,,148801,591850,2
1386553,2019-12-24,2020-01-14,,148940,597305,2
1386554,2019-12-24,2020-01-14,,149280,198754,2
1386555,2019-12-24,2020-01-14,,149356,912233,2
1386556,2019-12-24,2020-01-14,,149645,358310,2
1386557,2019-12-24,2020-01-14,,149784,259274,2
1386558,2019-12-24,2020-01-14,,149935,406766,2
1386559,2019-12-24,2020-01-14,,149935,413316,2
1386560,2019-12-24,2020-01-14,,149935,743364,2
1386561,2019-12-24,2020-01-14,,150028,773860,2
1386562,2019-12-24,2020-01-14,,150124,819510,2
1386563,2019-12-24,2020-01-14,,150210,27133,2
1386564,2019-12-24,2020-01-14,,150214,821957,2
1386565,2019-12-24,2020-01-14,,150245,343651,2
1386566,2019-12-24,2020-01-14,,150245,613817,2
1386567,2019-12-24,2020-01-14,,150272,200698,2
1386568,2019-12-24,2020-01-14,,150370,591524,2
1386569,2019-12-24,2020-01-14,,150377,604640,2
1386570,2019-12-24,2020-01-14,,150389,436643,2
1386571,2019-12-24,2020-01-14,,150411,315253,2
1386572,2019-12-24,2020-01-14,,150411,360442,2
1386573,2019-12-24,2020-01-14,,150411,472414,2
1386574,2019-12-24,2020-01-14,,150411,630156,2
1386575,2019-12-24,2020-01-14,,150426,877235,2
1386576,2019-12-24,2020-01-14,,150599,747654,2
1386577,2019-12-24,2020-01-14,,150681,490817,2
1386578,2019-12-24,2020-01-14,,150683,124104,2
1386579,2019-12-24,2020-01-14,,150715,706775,2
1386580,2019-12-24,2020-01-14,,150935,104485,2
1386581,2019-12-24,2020-01-14,,150953,451708,2
1386582,2019-12-24,2020-01-14,,151224,47419,2
1386583,2019-12-24,2020-01-14,,151381,823789,2
1386584,2019-12-24,2020-01-14,,151741,475865,2
1386585,2019-12-24,2020-01-14,,151927,377043,2
1386586,2019-12-24,2020-01-14,,151927,468955,2
1386587,2019-12-24,2020-01-14,,152158,88659,2
1386588,2019-12-24,2020-01-14,,152165,798001,2
1386589,2019-12-24,2020-01-14,,152216,752445,2
1386590,2019-12-24,2020-01-14,,152309,135698,2
1386591,2019-12-24,2020-01-14,,152493,437936,2
1386592,2019-12-24,2020-01-14,,152493,501531,2
1386593,2019-12-24,2020-01-14,,152493,686706,2
1386594,2019-12-24,2020-01-14,,152493,789453,2
1386595,2019-12-24,2020-01-14,,152493,941759,2
1386596,2019-12-24,2020-01-14,,152540,224336,2
1386597,2019-12-24,2020-01-14,,152576,177287,2
1386598,2019-12-24,2020-01-14,,152594,129246,2
1386599,2019-12-24,2020-01-14,,152838,845035,2
1386600,2019-12-24,2020-01-14,,153066,235951,2
1386601,2019-12-24,2020-01-14,,153066,547316,2
1386602,2019-12-24,2020-01-14,,153066,698729,2
1386603,2019-12-24,2020-01-14,,153176,907019,2
1386604,2019-12-24,2020-01-14,,153192,77933,2
1386605,2019-12-24,2020-01-14,,153216,333064,2
1386606,2019-12-24,2020-01-14,,153216,554010,2
1386607,2019-12-24,2020-01-14,,153620,270944,2
1386608,2019-12-24,2020-01-14,,153636,945124,2
1386609,2019-12-24,2020-01-14,,153737,353514,2
1386610,2019-12-24,2020-01-14,,154144,881463,2
1386611,2019-12-24,2020-01-14,,154244,768484,2
1386612,2019-12-24,2020-01-14,,154279,99934,2
1386613,2019-12-24,2020-01-14,,154524,630508,2
1386614,2019-12-24,2020-01-14,,154563,638303,2
1386615,2019-12-24,2020-01-14,,154563,922269,2
1386616,2019-12-24,2020-01-14,,154902,348277,2
1386617,2019-12-24,2020-01-14,,154902,710585,2
1386618,2019-12-24,2020-01-14,,154974,385655,2
1386619,2019-12-24,2020-01-14,,155044,183100,2
1386620,2019-12-24,2020-01-14,,155046,54494,2
1386621,2019-12-24,2020-01-14,,155046,416856,2
1386622,2019-12-24,2020-01-14,,155092,844059,2
1386623,2019-12-24,2020-01-14,,155092,875766,2
1386624,2019-12-24,2020-01-14,,155431,186653,2
1386625,2019-12-24,2020-01-14,,155692,189099,2
1386626,2019-12-24,2020-01-14,,155898,436044,2
1386627,2019-12-24,2020-01-14,,155912,243549,2
1386628,2019-12-24,2020-01-14,,156258,87344,2
1386629,2019-12-24,2020-01-14,,156395,689430,2
1386630,2019-12-24,2020-01-14,,156413,92346,2
1386631,2019-12-24,2020-01-14,,156422,5944,2
1386632,2019-12-24,2020-01-14,,156530,222102,2
1386633,2019-12-24,2020-01-14,,156537,127209,2
1386634,2019-12-24,2020-01-14,,156562,4471,2
1386635,2019-12-24,2020-01-14,,156583,213844,2
1386636,2019-12-24,2020-01-14,,156620,434152,2
1386637,2019-12-24,2020-01-14,,156677,127177,2
1386638,2019-12-24,2020-01-14,,156677,407598,2
1386639,2019-12-24,2020-01-14,,156836,353096,2
1386640,2019-12-24,2020-01-14,,156855,646517,2
1386641,2019-12-24,2020-01-14,,156912,60237,2
1386642,2019-12-24,2020-01-14,,156912,184123,2
1386643,2019-12-24,2020-01-14,,156912,238931,2
1386644,2019-12-24,2020-01-14,,156912,267730,2
1386645,2019-12-24,2020-01-14,,156912,345084,2
1386646,2019-12-24,2020-01-14,,156912,450174,2
1386647,2019-12-24,2020-01-14,,156912,501705,2
1386648,2019-12-24,2020-01-14,,156912,579809,2
1386649,2019-12-24,2020-01-14,,156912,808015,2
1386650,2019-12-24,2020-01-14,,156912,917675,2
1386651,2019-12-24,2020-01-14,,157056,699045,2
1386652,2019-12-24,2020-01-14,,157125,14364,2
1386653,2019-12-24,2020-01-14,,157125,415875,2
1386654,2019-12-24,2020-01-14,,157125,781660,2
1386655,2019-12-24,2020-01-14,,157250,143133,2
1386656,2019-12-24,2020-01-14,,157317,938333,2
1386657,2019-12-24,2020-01-14,,157379,201385,2
1386658,2019-12-24,2020-01-14,,157450,537743,2
1386659,2019-12-24,2020-01-14,,157591,533358,2
1386660,2019-12-24,2020-01-14,,157653,767846,2
1386661,2019-12-24,2020-01-14,,157730,900770,2
1386662,2019-12-24,2020-01-14,,158094,281275,2
1386663,2019-12-24,2020-01-14,,158120,114461,2
1386664,2019-12-24,2020-01-14,,158120,886635,2
1386665,2019-12-24,2020-01-14,,158123,686762,2
1386666,2019-12-24,2020-01-14,,158204,270088,2
1386667,2019-12-24,2020-01-14,,158204,586350,2
1386668,2019-12-24,2020-01-14,,158204,641988,2
1386669,2019-12-24,2020-01-14,,158204,755191,2
1386670,2019-12-24,2020-01-14,,158204,793891,2
1386671,2019-12-24,2020-01-14,,158204,874052,2
1386672,2019-12-24,2020-01-14,,158666,786832,2
1386673,2019-12-24,2020-01-14,,158666,793148,2
1386674,2019-12-24,2020-01-14,,158669,49816,2
1386675,2019-12-24,2020-01-14,,158733,217481,2
1386676,2019-12-24,2020-01-14,,158889,283935,2
1386677,2019-12-24,2020-01-14,,158991,299287,2
1386678,2019-12-24,2020-01-14,,159141,509155,2
1386679,2019-12-24,2020-01-14,,159223,420953,2
1386680,2019-12-24,2020-01-14,,159223,715148,2
1386681,2019-12-24,2020-01-14,,159232,89329,2
1386682,2019-12-24,2020-01-14,,159266,646881,2
1386683,2019-12-24,2020-01-14,,159266,875607,2
1386684,2019-12-24,2020-01-14,,159339,508602,2
1386685,2019-12-24,2020-01-14,,159365,212156,2
1386686,2019-12-24,2020-01-14,,159454,617663,2
1386687,2019-12-25,2020-01-15,,21,287559,2
1386688,2019-12-25,2020-01-15,,27,540482,2
1386689,2019-12-25,2020-01-15,,58,933450,2
1386690,2019-12-25,2020-01-15,,288,70541,2
1386691,2019-12-25,2020-01-15,,430,649292,2
1386692,2019-12-25,2020-01-15,,474,698818,2
1386693,2019-12-25,2020-01-15,,523,758500,2
1386694,2019-12-25,2020-01-15,,828,927288,2
1386695,2019-12-25,2020-01-15,,1081,418531,2
1386696,2019-12-25,2020-01-15,,1214,864412,2
1386697,2019-12-25,2020-01-15,,1376,326246,2
1386698,2019-12-25,2020-01-15,,1466,837269,2
1386699,2019-12-25,2020-01-15,,1484,170242,2
1386700,2019-12-25,2020-01-15,,1628,454686,2
1386701,2019-12-25,2020-01-15,,1696,134304,2
1386702,2019-12-25,2020-01-15,,1739,870201,2
1386703,2019-12-25,2020-01-15,,1764,594331,2
1386704,2019-12-25,2020-01-15,,1789,56324,2
1386705,2019-12-25,2020-01-15,,1854,540694,2
1386706,2019-12-25,2020-01-15,,1872,96700,2
1386707,2019-12-25,2020-01-15,,1872,291063,2
1386708,2019-12-25,2020-01-15,,1872,312707,2
1386709,2019-12-25,2020-01-15,,1872,436072,2
1386710,2019-12-25,2020-01-15,,1872,496353,2
1386711,2019-12-25,2020-01-15,,1872,671589,2
1386712,2019-12-25,2020-01-15,,1872,725415,2
1386713,2019-12-25,2020-01-15,,1872,794941,2
1386714,2019-12-25,2020-01-15,,1872,866309,2
1386715,2019-12-25,2020-01-15,,2059,427346,2
1386716,2019-12-25,2020-01-15,,2092,765567,2
1386717,2019-12-25,2020-01-15,,2113,679942,2
1386718,2019-12-25,2020-01-15,,2120,558858,2
1386719,2019-12-25,2020-01-15,,2120,701699,2
1386720,2019-12-25,2020-01-15,,2176,4667,2
1386721,2019-12-25,2020-01-15,,2255,582650,2
1386722,2019-12-25,2020-01-15,,2318,442196,2
1386723,2019-12-25,2020-01-15,,2327,394965,2
1386724,2019-12-25,2020-01-15,,2345,621664,2
1386725,2019-12-25,2020-01-15,,2364,39125,2
1386726,2019-12-25,2020-01-15,,2471,815290,2
1386727,2019-12-25,2020-01-15,,2558,76659,2
1386728,2019-12-25,2020-01-15,,2691,26429,2
1386729,2019-12-25,2020-01-15,,2944,119135,2
1386730,2019-12-25,2020-01-15,,2963,172715,2
1386731,2019-12-25,2020-01-15,,3082,180006,2
1386732,2019-12-25,2020-01-15,,3157,633143,2
1386733,2019-12-25,2020-01-15,,3191,404924,2
1386734,2019-12-25,2020-01-15,,3196,732296,2
1386735,2019-12-25,2020-01-15,,3358,49494,2
1386736,2019-12-25,2020-01-15,,3358,937055,2
1386737,2019-12-25,2020-01-15,,3409,896088,2
1386738,2019-12-25,2020-01-15,,3449,380709,2
1386739,2019-12-25,2020-01-15,,3528,938839,2
1386740,2019-12-25,2020-01-15,,3717,80120,2
1386741,2019-12-25,2020-01-15,,3771,309567,2
1386742,2019-12-25,2020-01-15,,3771,910147,2
1386743,2019-12-25,2020-01-15,,3870,91877,2
1386744,2019-12-25,2020-01-15,,3927,693768,2
1386745,2019-12-25,2020-01-15,,4025,9718,2
1386746,2019-12-25,2020-01-15,,4407,595515,2
1386747,2019-12-25,2020-01-15,,4469,887,2
1386748,2019-12-25,2020-01-15,,4530,199607,2
1386749,2019-12-25,2020-01-15,,4733,408750,2
1386750,2019-12-25,2020-01-15,,5316,316028,2
1386751,2019-12-25,2020-01-15,,5316,906512,2
1386752,2019-12-25,2020-01-15,,5389,230545,2
1386753,2019-12-25,2020-01-15,,5490,425732,2
1386754,2019-12-25,2020-01-15,,5524,310047,2
1386755,2019-12-25,2020-01-15,,5524,744551,2
1386756,2019-12-25,2020-01-15,,5611,554011,2
1386757,2019-12-25,2020-01-15,,5678,178074,2
1386758,2019-12-25,2020-01-15,,5678,870216,2
1386759,2019-12-25,2020-01-15,,5709,382893,2
1386760,2019-12-25,2020-01-15,,5819,87345,2
1386761,2019-12-25,2020-01-15,,5819,728963,2
1386762,2019-12-25,2020-01-15,,6021,5193,2
1386763,2019-12-25,2020-01-15,,6321,133084,2
1386764,2019-12-25,2020-01-15,,6401,480562,2
1386765,2019-12-25,2020-01-15,,6539,275082,2
1386766,2019-12-25,2020-01-15,,6563,928910,2
1386767,2019-12-25,2020-01-15,,6581,222931,2
1386768,2019-12-25,2020-01-15,,6619,55224,2
1386769,2019-12-25,2020-01-15,,6619,145588,2
1386770,2019-12-25,2020-01-15,,6619,361233,2
1386771,2019-12-25,2020-01-15,,6725,8285,2
1386772,2019-12-25,2020-01-15,,6725,275389,2
1386773,2019-12-25,2020-01-15,,6725,783702,2
1386774,2019-12-25,2020-01-15,,7025,670300,2
1386775,2019-12-25,2020-01-15,,7244,558928,2
1386776,2019-12-25,2020-01-15,,7313,101320,2
1386777,2019-12-25,2020-01-15,,7313,627939,2
1386778,2019-12-25,2020-01-15,,7313,693723,2
1386779,2019-12-25,2020-01-15,,7313,806548,2
1386780,2019-12-25,2020-01-15,,7313,864865,2
1386781,2019-12-25,2020-01-15,,7320,64556,2
1386782,2019-12-25,2020-01-15,,7320,644599,2
1386783,2019-12-25,2020-01-15,,7332,581570,2
1386784,2019-12-25,2020-01-15,,7356,906999,2
1386785,2019-12-25,2020-01-15,,7418,917867,2
1386786,2019-12-25,2020-01-15,,7423,868745,2
1386787,2019-12-25,2020-01-15,,7544,151394,2
1386788,2019-12-25,2020-01-15,,7554,790471,2
1386789,2019-12-25,2020-01-15,,7664,555337,2
1386790,2019-12-25,2020-01-15,,7672,633076,2
1386791,2019-12-25,2020-01-15,,7712,876644,2
1386792,2019-12-25,2020-01-15,,7774,379685,2
1386793,2019-12-25,2020-01-15,,7911,927102,2
1386794,2019-12-25,2020-01-15,,7993,760386,2
1386795,2019-12-25,2020-01-15,,8057,853345,2
1386796,2019-12-25,2020-01-15,,8331,891541,2
1386797,2019-12-25,2020-01-15,,8335,157133,2
1386798,2019-12-25,2020-01-15,,8446,117534,2
1386799,2019-12-25,2020-01-15,,8475,398516,2
1386800,2019-12-25,2020-01-15,,8475,842799,2
1386801,2019-12-25,2020-01-15,,8587,389322,2
1386802,2019-12-25,2020-01-15,,8675,187475,2
1386803,2019-12-25,2020-01-15,,8730,872013,2
1386804,2019-12-25,2020-01-15,,8808,387725,2
1386805,2019-12-25,2020-01-15,,8986,589962,2
1386806,2019-12-25,2020-01-15,,9209,625432,2
1386807,2019-12-25,2020-01-15,,9279,282106,2
1386808,2019-12-25,2020-01-15,,9399,593425,2
1386809,2019-12-25,2020-01-15,,9399,752534,2
1386810,2019-12-25,2020-01-15,,9443,307848,2
1386811,2019-12-25,2020-01-15,,9544,875608,2
1386812,2019-12-25,2020-01-15,,9582,658872,2
1386813,2019-12-25,2020-01-15,,9661,202078,2
1386814,2019-12-25,2020-01-15,,9823,511560,2
1386815,2019-12-25,2020-01-15,,10038,62441,2
1386816,2019-12-25,2020-01-15,,10124,48698,2
1386817,2019-12-25,2020-01-15,,10183,649537,2
1386818,2019-12-25,2020-01-15,,10196,936839,2
1386819,2019-12-25,2020-01-15,,10220,954574,2
1386820,2019-12-25,2020-01-15,,10260,104201,2
1386821,2019-12-25,2020-01-15,,10387,76859,2
1386822,2019-12-25,2020-01-15,,10387,656939,2
1386823,2019-12-25,2020-01-15,,10387,693789,2
1386824,2019-12-25,2020-01-15,,10387,830990,2
1386825,2019-12-25,2020-01-15,,10399,791863,2
1386826,2019-12-25,2020-01-15,,10453,111960,2
1386827,2019-12-25,2020-01-15,,11091,382279,2
1386828,2019-12-25,2020-01-15,,11091,450948,2
1386829,2019-12-25,2020-01-15,,11134,671494,2
1386830,2019-12-25,2020-01-15,,11138,417200,2
1386831,2019-12-25,2020-01-15,,11201,423543,2
1386832,2019-12-25,2020-01-15,,11201,576108,2
1386833,2019-12-25,2020-01-15,,11207,698730,2
1386834,2019-12-25,2020-01-15,,11309,856944,2
1386835,2019-12-25,2020-01-15,,11408,701373,2
1386836,2019-12-25,2020-01-15,,11522,404064,2
1386837,2019-12-25,2020-01-15,,11574,753330,2
1386838,2019-12-25,2020-01-15,,11592,682539,2
1386839,2019-12-25,2020-01-15,,11854,239409,2
1386840,2019-12-25,2020-01-15,,12044,180524,2
1386841,2019-12-25,2020-01-15,,12044,661124,2
1386842,2019-12-25,2020-01-15,,12331,271649,2
1386843,2019-12-25,2020-01-15,,12340,37380,2
1386844,2019-12-25,2020-01-15,,12399,556252,2
1386845,2019-12-25,2020-01-15,,12408,566001,2
1386846,2019-12-25,2020-01-15,,12463,115677,2
1386847,2019-12-25,2020-01-15,,12707,364757,2
1386848,2019-12-25,2020-01-15,,12732,130807,2
1386849,2019-12-25,2020-01-15,,13223,182871,2
1386850,2019-12-25,2020-01-15,,13340,387507,2
1386851,2019-12-25,2020-01-15,,13340,768541,2
1386852,2019-12-25,2020-01-15,,13468,261096,2
1386853,2019-12-25,2020-01-15,,13548,317322,2
1386854,2019-12-25,2020-01-15,,13548,747981,2
1386855,2019-12-25,2020-01-15,,13548,797667,2
1386856,2019-12-25,2020-01-15,,13548,859353,2
1386857,2019-12-25,2020-01-15,,13548,886444,2
1386858,2019-12-25,2020-01-15,,13636,570439,2
1386859,2019-12-25,2020-01-15,,13640,882528,2
1386860,2019-12-25,2020-01-15,,13648,89857,2
1386861,2019-12-25,2020-01-15,,13648,149269,2
1386862,2019-12-25,2020-01-15,,13648,513886,2
1386863,2019-12-25,2020-01-15,,13781,321394,2
1386864,2019-12-25,2020-01-15,,13839,740162,2
1386865,2019-12-25,2020-01-15,,14132,756575,2
1386866,2019-12-25,2020-01-15,,14184,567712,2
1386867,2019-12-25,2020-01-15,,14314,13248,2
1386868,2019-12-25,2020-01-15,,14467,619657,2
1386869,2019-12-25,2020-01-15,,14660,794215,2
1386870,2019-12-25,2020-01-15,,14688,309175,2
1386871,2019-12-25,2020-01-15,,14769,331115,2
1386872,2019-12-25,2020-01-15,,14807,393021,2
1386873,2019-12-25,2020-01-15,,14867,63790,2
1386874,2019-12-25,2020-01-15,,15033,599386,2
1386875,2019-12-25,2020-01-15,,15037,62927,2
1386876,2019-12-25,2020-01-15,,15132,684801,2
1386877,2019-12-25,2020-01-15,,15277,104238,2
1386878,2019-12-25,2020-01-15,,15277,927251,2
1386879,2019-12-25,2020-01-15,,15393,886401,2
1386880,2019-12-25,2020-01-15,,15881,651934,2
1386881,2019-12-25,2020-01-15,,16591,610532,2
1386882,2019-12-25,2020-01-15,,16833,902741,2
1386883,2019-12-25,2020-01-15,,16858,30438,2
1386884,2019-12-25,2020-01-15,,16890,22384,2
1386885,2019-12-25,2020-01-15,,16987,478367,2
1386886,2019-12-25,2020-01-15,,17012,554080,2
1386887,2019-12-25,2020-01-15,,17048,340567,2
1386888,2019-12-25,2020-01-15,,17277,101809,2
1386889,2019-12-25,2020-01-15,,17277,528423,2
1386890,2019-12-25,2020-01-15,,17277,766275,2
1386891,2019-12-25,2020-01-15,,17394,690930,2
1386892,2019-12-25,2020-01-15,,17607,676781,2
1386893,2019-12-25,2020-01-15,,17648,177131,2
1386894,2019-12-25,2020-01-15,,17693,468963,2
1386895,2019-12-25,2020-01-15,,17693,802850,2
1386896,2019-12-25,2020-01-15,,17923,799612,2
1386897,2019-12-25,2020-01-15,,18067,206785,2
1386898,2019-12-25,2020-01-15,,18097,193688,2
1386899,2019-12-25,2020-01-15,,18145,12474,2
1386900,2019-12-25,2020-01-15,,18165,819443,2
1386901,2019-12-25,2020-01-15,,18221,631773,2
1386902,2019-12-25,2020-01-15,,18221,678077,2
1386903,2019-12-25,2020-01-15,,18297,253481,2
1386904,2019-12-25,2020-01-15,,18448,606651,2
1386905,2019-12-25,2020-01-15,,18590,197172,2
1386906,2019-12-25,2020-01-15,,18632,864472,2
1386907,2019-12-25,2020-01-15,,18672,115826,2
1386908,2019-12-25,2020-01-15,,18817,620677,2
1386909,2019-12-25,2020-01-15,,18833,696085,2
1386910,2019-12-25,2020-01-15,,18838,444585,2
1386911,2019-12-25,2020-01-15,,18871,228721,2
1386912,2019-12-25,2020-01-15,,18961,650158,2
1386913,2019-12-25,2020-01-15,,18964,49525,2
1386914,2019-12-25,2020-01-15,,19099,622004,2
1386915,2019-12-25,2020-01-15,,19189,278687,2
1386916,2019-12-25,2020-01-15,,19194,680416,2
1386917,2019-12-25,2020-01-15,,19463,257229,2
1386918,2019-12-25,2020-01-15,,19484,605471,2
1386919,2019-12-25,2020-01-15,,19512,889435,2
1386920,2019-12-25,2020-01-15,,19537,680861,2
1386921,2019-12-25,2020-01-15,,19537,785764,2
1386922,2019-12-25,2020-01-15,,19627,417470,2
1386923,2019-12-25,2020-01-15,,19679,682996,2
1386924,2019-12-25,2020-01-15,,19812,59429,2
1386925,2019-12-25,2020-01-15,,19846,191466,2
1386926,2019-12-25,2020-01-15,,19855,327392,2
1386927,2019-12-25,2020-01-15,,19958,16549,2
1386928,2019-12-25,2020-01-15,,19985,458505,2
1386929,2019-12-25,2020-01-15,,20055,181018,2
1386930,2019-12-25,2020-01-15,,20209,48307,2
1386931,2019-12-25,2020-01-15,,20295,463276,2
1386932,2019-12-25,2020-01-15,,20393,153876,2
1386933,2019-12-25,2020-01-15,,20640,738245,2
1386934,2019-12-25,2020-01-15,,20712,690383,2
1386935,2019-12-25,2020-01-15,,20759,342419,2
1386936,2019-12-25,2020-01-15,,20811,452882,2
1386937,2019-12-25,2020-01-15,,20897,782264,2
1386938,2019-12-25,2020-01-15,,20902,761838,2
1386939,2019-12-25,2020-01-15,,20920,607550,2
1386940,2019-12-25,2020-01-15,,21145,670849,2
1386941,2019-12-25,2020-01-15,,21160,502379,2
1386942,2019-12-25,2020-01-15,,21364,41070,2
1386943,2019-12-25,2020-01-15,,21364,603707,2
1386944,2019-12-25,2020-01-15,,21367,841510,2
1386945,2019-12-25,2020-01-15,,21398,627940,2
1386946,2019-12-25,2020-01-15,,21531,554052,2
1386947,2019-12-25,2020-01-15,,21596,443476,2
1386948,2019-12-25,2020-01-15,,21634,7616,2
1386949,2019-12-25,2020-01-15,,21722,938020,2
1386950,2019-12-25,2020-01-15,,21753,243154,2
1386951,2019-12-25,2020-01-15,,21791,684296,2
1386952,2019-12-25,2020-01-15,,21797,845036,2
1386953,2019-12-25,2020-01-15,,21895,599093,2
1386954,2019-12-25,2020-01-15,,22178,403650,2
1386955,2019-12-25,2020-01-15,,22234,729343,2
1386956,2019-12-25,2020-01-15,,22288,659998,2
1386957,2019-12-25,2020-01-15,,22395,434739,2
1386958,2019-12-25,2020-01-15,,22531,711362,2
1386959,2019-12-25,2020-01-15,,22583,602600,2
1386960,2019-12-25,2020-01-15,,22593,395236,2
1386961,2019-12-25,2020-01-15,,22612,100542,2
1386962,2019-12-25,2020-01-15,,22771,843551,2
1386963,2019-12-25,2020-01-15,,22856,606213,2
1386964,2019-12-25,2020-01-15,,22901,644630,2
1386965,2019-12-25,2020-01-15,,23252,948878,2
1386966,2019-12-25,2020-01-15,,23281,633637,2
1386967,2019-12-25,2020-01-15,,23556,822813,2
1386968,2019-12-25,2020-01-15,,23597,834288,2
1386969,2019-12-25,2020-01-15,,23659,19701,2
1386970,2019-12-25,2020-01-15,,23678,127327,2
1386971,2019-12-25,2020-01-15,,23843,200530,2
1386972,2019-12-25,2020-01-15,,24069,13951,2
1386973,2019-12-25,2020-01-15,,24069,197676,2
1386974,2019-12-25,2020-01-15,,24069,420697,2
1386975,2019-12-25,2020-01-15,,24069,423649,2
1386976,2019-12-25,2020-01-15,,24069,633365,2
1386977,2019-12-25,2020-01-15,,24069,833292,2
1386978,2019-12-25,2020-01-15,,24295,117054,2
1386979,2019-12-25,2020-01-15,,24355,758457,2
1386980,2019-12-25,2020-01-15,,24406,285982,2
1386981,2019-12-25,2020-01-15,,24438,842795,2
1386982,2019-12-25,2020-01-15,,24438,916919,2
1386983,2019-12-25,2020-01-15,,24490,829097,2
1386984,2019-12-25,2020-01-15,,24504,465479,2
1386985,2019-12-25,2020-01-15,,24708,793244,2
1386986,2019-12-25,2020-01-15,,24769,17683,2
1386987,2019-12-25,2020-01-15,,24769,222866,2
1386988,2019-12-25,2020-01-15,,24769,758282,2
1386989,2019-12-25,2020-01-15,,24888,821695,2
1386990,2019-12-25,2020-01-15,,25172,649968,2
1386991,2019-12-25,2020-01-15,,25383,603872,2
1386992,2019-12-25,2020-01-15,,25387,225133,2
1386993,2019-12-25,2020-01-15,,25475,267633,2
1386994,2019-12-25,2020-01-15,,25657,366498,2
1386995,2019-12-25,2020-01-15,,25672,786899,2
1386996,2019-12-25,2020-01-15,,25849,845057,2
1386997,2019-12-25,2020-01-15,,25965,901902,2
1386998,2019-12-25,2020-01-15,,26077,778010,2
1386999,2019-12-25,2020-01-15,,26181,46781,2
1387000,2019-12-25,2020-01-15,,26182,598410,2
1387001,2019-12-25,2020-01-15,,26261,465465,2
1387002,2019-12-25,2020-01-15,,26416,923211,2
1387003,2019-12-25,2020-01-15,,26439,686733,2
1387004,2019-12-25,2020-01-15,,26439,844979,2
1387005,2019-12-25,2020-01-15,,26482,312987,2
1387006,2019-12-25,2020-01-15,,26494,862738,2
1387007,2019-12-25,2020-01-15,,26522,562424,2
1387008,2019-12-25,2020-01-15,,26522,856824,2
1387009,2019-12-25,2020-01-15,,26830,131341,2
1387010,2019-12-25,2020-01-15,,26966,25614,2
1387011,2019-12-25,2020-01-15,,26966,155088,2
1387012,2019-12-25,2020-01-15,,26966,575059,2
1387013,2019-12-25,2020-01-15,,26966,693210,2
1387014,2019-12-25,2020-01-15,,26966,729556,2
1387015,2019-12-25,2020-01-15,,26966,836371,2
1387016,2019-12-25,2020-01-15,,27084,401335,2
1387017,2019-12-25,2020-01-15,,27166,670894,2
1387018,2019-12-25,2020-01-15,,27340,406673,2
1387019,2019-12-25,2020-01-15,,27514,643844,2
1387020,2019-12-25,2020-01-15,,27656,384587,2
1387021,2019-12-25,2020-01-15,,27829,403435,2
1387022,2019-12-25,2020-01-15,,27836,656061,2
1387023,2019-12-25,2020-01-15,,27839,722961,2
1387024,2019-12-25,2020-01-15,,27841,358224,2
1387025,2019-12-25,2020-01-15,,27884,621693,2
1387026,2019-12-25,2020-01-15,,27890,880570,2
1387027,2019-12-25,2020-01-15,,28096,94065,2
1387028,2019-12-25,2020-01-15,,28246,405307,2
1387029,2019-12-25,2020-01-15,,28384,331295,2
1387030,2019-12-25,2020-01-15,,28567,797953,2
1387031,2019-12-25,2020-01-15,,28803,717359,2
1387032,2019-12-25,2020-01-15,,29050,710164,2
1387033,2019-12-25,2020-01-15,,29187,460184,2
1387034,2019-12-25,2020-01-15,,29454,162763,2
1387035,2019-12-25,2020-01-15,,29454,194008,2
1387036,2019-12-25,2020-01-15,,29454,428855,2
1387037,2019-12-25,2020-01-15,,29454,932482,2
1387038,2019-12-25,2020-01-15,,29454,945321,2
1387039,2019-12-25,2020-01-15,,29556,444347,2
1387040,2019-12-25,2020-01-15,,29570,566120,2
1387041,2019-12-25,2020-01-15,,29656,809815,2
1387042,2019-12-25,2020-01-15,,29849,382220,2
1387043,2019-12-25,2020-01-15,,30088,60760,2
1387044,2019-12-25,2020-01-15,,30246,823829,2
1387045,2019-12-25,2020-01-15,,30303,698731,2
1387046,2019-12-25,2020-01-15,,30321,875767,2
1387047,2019-12-25,2020-01-15,,30476,500235,2
1387048,2019-12-25,2020-01-15,,30476,544792,2
1387049,2019-12-25,2020-01-15,,30598,949998,2
1387050,2019-12-25,2020-01-15,,30640,828020,2
1387051,2019-12-25,2020-01-15,,30696,77013,2
1387052,2019-12-25,2020-01-15,,31228,403936,2
1387053,2019-12-25,2020-01-15,,31479,737703,2
1387054,2019-12-25,2020-01-15,,31570,492552,2
1387055,2019-12-25,2020-01-15,,31674,864912,2
1387056,2019-12-25,2020-01-15,,31751,775231,2
1387057,2019-12-25,2020-01-15,,31793,485675,2
1387058,2019-12-25,2020-01-15,,31793,798811,2
1387059,2019-12-25,2020-01-15,,31882,408071,2
1387060,2019-12-25,2020-01-15,,31929,870397,2
1387061,2019-12-25,2020-01-15,,32045,800323,2
1387062,2019-12-25,2020-01-15,,32051,406813,2
1387063,2019-12-25,2020-01-15,,32230,389193,2
1387064,2019-12-25,2020-01-15,,32275,124262,2
1387065,2019-12-25,2020-01-15,,32453,937114,2
1387066,2019-12-25,2020-01-15,,32645,551705,2
1387067,2019-12-25,2020-01-15,,33011,121562,2
1387068,2019-12-25,2020-01-15,,33036,621593,2
1387069,2019-12-25,2020-01-15,,33152,443710,2
1387070,2019-12-25,2020-01-15,,33193,27123,2
1387071,2019-12-25,2020-01-15,,33533,504076,2
1387072,2019-12-25,2020-01-15,,33595,293600,2
1387073,2019-12-25,2020-01-15,,33738,635497,2
1387074,2019-12-25,2020-01-15,,33746,449507,2
1387075,2019-12-25,2020-01-15,,33746,884101,2
1387076,2019-12-25,2020-01-15,,34009,119300,2
1387077,2019-12-25,2020-01-15,,34068,641038,2
1387078,2019-12-25,2020-01-15,,34074,240932,2
1387079,2019-12-25,2020-01-15,,34074,423262,2
1387080,2019-12-25,2020-01-15,,34125,159270,2
1387081,2019-12-25,2020-01-15,,34265,631089,2
1387082,2019-12-25,2020-01-15,,34424,465078,2
1387083,2019-12-25,2020-01-15,,34483,836222,2
1387084,2019-12-25,2020-01-15,,34576,153703,2
1387085,2019-12-25,2020-01-15,,34850,794756,2
1387086,2019-12-25,2020-01-15,,34850,844293,2
1387087,2019-12-25,2020-01-15,,34862,610533,2
1387088,2019-12-25,2020-01-15,,34938,705740,2
1387089,2019-12-25,2020-01-15,,35035,295974,2
1387090,2019-12-25,2020-01-15,,35035,810486,2
1387091,2019-12-25,2020-01-15,,35080,78325,2
1387092,2019-12-25,2020-01-15,,35109,283844,2
1387093,2019-12-25,2020-01-15,,35156,645887,2
1387094,2019-12-25,2020-01-15,,35227,172218,2
1387095,2019-12-25,2020-01-15,,35277,435686,2
1387096,2019-12-25,2020-01-15,,35670,514328,2
1387097,2019-12-25,2020-01-15,,35870,575861,2
1387098,2019-12-25,2020-01-15,,36160,866422,2
1387099,2019-12-25,2020-01-15,,36320,698732,2
1387100,2019-12-25,2020-01-15,,36369,19890,2
1387101,2019-12-25,2020-01-15,,36369,574100,2
1387102,2019-12-25,2020-01-15,,36369,927475,2
1387103,2019-12-25,2020-01-15,,36706,195583,2
1387104,2019-12-25,2020-01-15,,36784,632615,2
1387105,2019-12-25,2020-01-15,,36825,256768,2
1387106,2019-12-25,2020-01-15,,36928,441038,2
1387107,2019-12-25,2020-01-15,,36928,894105,2
1387108,2019-12-25,2020-01-15,,36998,680680,2
1387109,2019-12-25,2020-01-15,,37049,742434,2
1387110,2019-12-25,2020-01-15,,37261,726541,2
1387111,2019-12-25,2020-01-15,,37481,879956,2
1387112,2019-12-25,2020-01-15,,37489,152203,2
1387113,2019-12-25,2020-01-15,,37511,841759,2
1387114,2019-12-25,2020-01-15,,37515,627960,2
1387115,2019-12-25,2020-01-15,,37724,713889,2
1387116,2019-12-25,2020-01-15,,37851,530045,2
1387117,2019-12-25,2020-01-15,,37872,755027,2
1387118,2019-12-25,2020-01-15,,37911,609892,2
1387119,2019-12-25,2020-01-15,,38037,541219,2
1387120,2019-12-25,2020-01-15,,38038,747438,2
1387121,2019-12-25,2020-01-15,,38118,92721,2
1387122,2019-12-25,2020-01-15,,38185,14501,2
1387123,2019-12-25,2020-01-15,,38272,875609,2
1387124,2019-12-25,2020-01-15,,38413,875508,2
1387125,2019-12-25,2020-01-15,,38455,825130,2
1387126,2019-12-25,2020-01-15,,38456,672487,2
1387127,2019-12-25,2020-01-15,,38496,784403,2
1387128,2019-12-25,2020-01-15,,38526,352249,2
1387129,2019-12-25,2020-01-15,,38753,406761,2
1387130,2019-12-25,2020-01-15,,38954,406247,2
1387131,2019-12-25,2020-01-15,,39280,165489,2
1387132,2019-12-25,2020-01-15,,39691,399261,2
1387133,2019-12-25,2020-01-15,,39743,952560,2
1387134,2019-12-25,2020-01-15,,39786,688992,2
1387135,2019-12-25,2020-01-15,,39957,433890,2
1387136,2019-12-25,2020-01-15,,39982,258403,2
1387137,2019-12-25,2020-01-15,,40109,285728,2
1387138,2019-12-25,2020-01-15,,40219,521995,2
1387139,2019-12-25,2020-01-15,,40289,714780,2
1387140,2019-12-25,2020-01-15,,40295,315733,2
1387141,2019-12-25,2020-01-15,,40457,881522,2
1387142,2019-12-25,2020-01-15,,40561,561894,2
1387143,2019-12-25,2020-01-15,,40712,441776,2
1387144,2019-12-25,2020-01-15,,40806,695632,2
1387145,2019-12-25,2020-01-15,,40917,698989,2
1387146,2019-12-25,2020-01-15,,40975,548048,2
1387147,2019-12-25,2020-01-15,,40975,849572,2
1387148,2019-12-25,2020-01-15,,41115,397550,2
1387149,2019-12-25,2020-01-15,,41186,262446,2
1387150,2019-12-25,2020-01-15,,41187,142665,2
1387151,2019-12-25,2020-01-15,,41187,421626,2
1387152,2019-12-25,2020-01-15,,41187,424684,2
1387153,2019-12-25,2020-01-15,,41187,579542,2
1387154,2019-12-25,2020-01-15,,41201,235759,2
1387155,2019-12-25,2020-01-15,,41404,100371,2
1387156,2019-12-25,2020-01-15,,41480,419117,2
1387157,2019-12-25,2020-01-15,,41511,835378,2
1387158,2019-12-25,2020-01-15,,41605,223040,2
1387159,2019-12-25,2020-01-15,,41795,407192,2
1387160,2019-12-25,2020-01-15,,41820,491081,2
1387161,2019-12-25,2020-01-15,,41835,477894,2
1387162,2019-12-25,2020-01-15,,41901,334986,2
1387163,2019-12-25,2020-01-15,,42032,503581,2
1387164,2019-12-25,2020-01-15,,42058,568068,2
1387165,2019-12-25,2020-01-15,,42075,14370,2
1387166,2019-12-25,2020-01-15,,42075,269250,2
1387167,2019-12-25,2020-01-15,,42187,383428,2
1387168,2019-12-25,2020-01-15,,42262,688269,2
1387169,2019-12-25,2020-01-15,,42562,254321,2
1387170,2019-12-25,2020-01-15,,42610,837184,2
1387171,2019-12-25,2020-01-15,,42644,225798,2
1387172,2019-12-25,2020-01-15,,42743,778264,2
1387173,2019-12-25,2020-01-15,,42829,544061,2
1387174,2019-12-25,2020-01-15,,42869,319918,2
1387175,2019-12-25,2020-01-15,,42937,519200,2
1387176,2019-12-25,2020-01-15,,43058,807432,2
1387177,2019-12-25,2020-01-15,,43142,124823,2
1387178,2019-12-25,2020-01-15,,43246,815915,2
1387179,2019-12-25,2020-01-15,,43304,648756,2
1387180,2019-12-25,2020-01-15,,43363,934966,2
1387181,2019-12-25,2020-01-15,,43564,51024,2
1387182,2019-12-25,2020-01-15,,43617,735377,2
1387183,2019-12-25,2020-01-15,,43642,660666,2
1387184,2019-12-25,2020-01-15,,43809,93728,2
1387185,2019-12-25,2020-01-15,,43826,729879,2
1387186,2019-12-25,2020-01-15,,43930,629790,2
1387187,2019-12-25,2020-01-15,,43930,670958,2
1387188,2019-12-25,2020-01-15,,44010,492945,2
1387189,2019-12-25,2020-01-15,,44262,173335,2
1387190,2019-12-25,2020-01-15,,44324,702666,2
1387191,2019-12-25,2020-01-15,,44416,381158,2
1387192,2019-12-25,2020-01-15,,44605,649538,2
1387193,2019-12-25,2020-01-15,,44618,469916,2
1387194,2019-12-25,2020-01-15,,44702,610598,2
1387195,2019-12-25,2020-01-15,,44831,817255,2
1387196,2019-12-25,2020-01-15,,45027,343834,2
1387197,2019-12-25,2020-01-15,,45071,813561,2
1387198,2019-12-25,2020-01-15,,45094,729797,2
1387199,2019-12-25,2020-01-15,,45239,789020,2
1387200,2019-12-25,2020-01-15,,45559,626257,2
1387201,2019-12-25,2020-01-15,,45682,846215,2
1387202,2019-12-25,2020-01-15,,45982,214250,2
1387203,2019-12-25,2020-01-15,,46125,564146,2
1387204,2019-12-25,2020-01-15,,46196,95157,2
1387205,2019-12-25,2020-01-15,,46270,29138,2
1387206,2019-12-25,2020-01-15,,46301,253508,2
1387207,2019-12-25,2020-01-15,,46301,267636,2
1387208,2019-12-25,2020-01-15,,46301,830340,2
1387209,2019-12-25,2020-01-15,,46385,899649,2
1387210,2019-12-25,2020-01-15,,46619,692622,2
1387211,2019-12-25,2020-01-15,,46619,892553,2
1387212,2019-12-25,2020-01-15,,46692,506476,2
1387213,2019-12-25,2020-01-15,,46761,831067,2
1387214,2019-12-25,2020-01-15,,46964,170741,2
1387215,2019-12-25,2020-01-15,,46964,308036,2
1387216,2019-12-25,2020-01-15,,47067,684104,2
1387217,2019-12-25,2020-01-15,,47194,286159,2
1387218,2019-12-25,2020-01-15,,47507,456173,2
1387219,2019-12-25,2020-01-15,,47507,674028,2
1387220,2019-12-25,2020-01-15,,47607,452111,2
1387221,2019-12-25,2020-01-15,,47729,89086,2
1387222,2019-12-25,2020-01-15,,47742,518498,2
1387223,2019-12-25,2020-01-15,,47758,1836,2
1387224,2019-12-25,2020-01-15,,47758,88551,2
1387225,2019-12-25,2020-01-15,,47758,155100,2
1387226,2019-12-25,2020-01-15,,47919,686150,2
1387227,2019-12-25,2020-01-15,,48126,733740,2
1387228,2019-12-25,2020-01-15,,48127,555899,2
1387229,2019-12-25,2020-01-15,,48603,50743,2
1387230,2019-12-25,2020-01-15,,48776,544285,2
1387231,2019-12-25,2020-01-15,,49000,76129,2
1387232,2019-12-25,2020-01-15,,49000,934780,2
1387233,2019-12-25,2020-01-15,,49285,481149,2
1387234,2019-12-25,2020-01-15,,49285,683186,2
1387235,2019-12-25,2020-01-15,,49285,909224,2
1387236,2019-12-25,2020-01-15,,49316,426187,2
1387237,2019-12-25,2020-01-15,,49430,342302,2
1387238,2019-12-25,2020-01-15,,49431,407752,2
1387239,2019-12-25,2020-01-15,,49616,147587,2
1387240,2019-12-25,2020-01-15,,49699,395237,2
1387241,2019-12-25,2020-01-15,,49699,871603,2
1387242,2019-12-25,2020-01-15,,49785,47298,2
1387243,2019-12-25,2020-01-15,,49832,938786,2
1387244,2019-12-25,2020-01-15,,49833,31757,2
1387245,2019-12-25,2020-01-15,,49833,142963,2
1387246,2019-12-25,2020-01-15,,49833,159001,2
1387247,2019-12-25,2020-01-15,,49833,178060,2
1387248,2019-12-25,2020-01-15,,49833,361232,2
1387249,2019-12-25,2020-01-15,,49833,386626,2
1387250,2019-12-25,2020-01-15,,49833,567577,2
1387251,2019-12-25,2020-01-15,,49833,650121,2
1387252,2019-12-25,2020-01-15,,49848,14855,2
1387253,2019-12-25,2020-01-15,,49901,350471,2
1387254,2019-12-25,2020-01-15,,49901,738498,2
1387255,2019-12-25,2020-01-15,,49901,947479,2
1387256,2019-12-25,2020-01-15,,49907,546454,2
1387257,2019-12-25,2020-01-15,,49920,97269,2
1387258,2019-12-25,2020-01-15,,49920,561616,2
1387259,2019-12-25,2020-01-15,,49945,654896,2
1387260,2019-12-25,2020-01-15,,49953,74657,2
1387261,2019-12-25,2020-01-15,,49953,90158,2
1387262,2019-12-25,2020-01-15,,49962,527431,2
1387263,2019-12-25,2020-01-15,,49981,250916,2
1387264,2019-12-25,2020-01-15,,50023,369931,2
1387265,2019-12-25,2020-01-15,,50028,141324,2
1387266,2019-12-25,2020-01-15,,50093,73207,2
1387267,2019-12-25,2020-01-15,,50260,515367,2
1387268,2019-12-25,2020-01-15,,50260,613590,2
1387269,2019-12-25,2020-01-15,,50262,47421,2
1387270,2019-12-25,2020-01-15,,50394,22630,2
1387271,2019-12-25,2020-01-15,,50465,161630,2
1387272,2019-12-25,2020-01-15,,50581,37870,2
1387273,2019-12-25,2020-01-15,,50621,172755,2
1387274,2019-12-25,2020-01-15,,50659,347948,2
1387275,2019-12-25,2020-01-15,,50798,526633,2
1387276,2019-12-25,2020-01-15,,50812,181182,2
1387277,2019-12-25,2020-01-15,,50846,840868,2
1387278,2019-12-25,2020-01-15,,50965,630118,2
1387279,2019-12-25,2020-01-15,,51220,808997,2
1387280,2019-12-25,2020-01-15,,51487,446656,2
1387281,2019-12-25,2020-01-15,,51514,60288,2
1387282,2019-12-25,2020-01-15,,51551,954678,2
1387283,2019-12-25,2020-01-15,,51637,922985,2
1387284,2019-12-25,2020-01-15,,51962,14477,2
1387285,2019-12-25,2020-01-15,,51962,579477,2
1387286,2019-12-25,2020-01-15,,52188,819432,2
1387287,2019-12-25,2020-01-15,,52262,931200,2
1387288,2019-12-25,2020-01-15,,52457,875921,2
1387289,2019-12-25,2020-01-15,,52601,162193,2
1387290,2019-12-25,2020-01-15,,52699,405933,2
1387291,2019-12-25,2020-01-15,,52778,237110,2
1387292,2019-12-25,2020-01-15,,52966,460266,2
1387293,2019-12-25,2020-01-15,,53026,904840,2
1387294,2019-12-25,2020-01-15,,53113,751282,2
1387295,2019-12-25,2020-01-15,,53258,756708,2
1387296,2019-12-25,2020-01-15,,53314,470388,2
1387297,2019-12-25,2020-01-15,,53346,31993,2
1387298,2019-12-25,2020-01-15,,53496,858046,2
1387299,2019-12-25,2020-01-15,,53516,497184,2
1387300,2019-12-25,2020-01-15,,53540,493108,2
1387301,2019-12-25,2020-01-15,,53652,728397,2
1387302,2019-12-25,2020-01-15,,53860,449648,2
1387303,2019-12-25,2020-01-15,,53983,459505,2
1387304,2019-12-25,2020-01-15,,54233,665879,2
1387305,2019-12-25,2020-01-15,,54438,427459,2
1387306,2019-12-25,2020-01-15,,54609,41051,2
1387307,2019-12-25,2020-01-15,,54630,13249,2
1387308,2019-12-25,2020-01-15,,54703,698839,2
1387309,2019-12-25,2020-01-15,,54789,78600,2
1387310,2019-12-25,2020-01-15,,54817,717413,2
1387311,2019-12-25,2020-01-15,,54875,212809,2
1387312,2019-12-25,2020-01-15,,55016,891125,2
1387313,2019-12-25,2020-01-15,,55319,100361,2
1387314,2019-12-25,2020-01-15,,55354,77932,2
1387315,2019-12-25,2020-01-15,,55354,274567,2
1387316,2019-12-25,2020-01-15,,55354,321926,2
1387317,2019-12-25,2020-01-15,,55365,824184,2
1387318,2019-12-25,2020-01-15,,55371,774850,2
1387319,2019-12-25,2020-01-15,,55377,101476,2
1387320,2019-12-25,2020-01-15,,55393,443645,2
1387321,2019-12-25,2020-01-15,,55528,527878,2
1387322,2019-12-25,2020-01-15,,55660,844912,2
1387323,2019-12-25,2020-01-15,,55750,459446,2
1387324,2019-12-25,2020-01-15,,56132,189079,2
1387325,2019-12-25,2020-01-15,,56271,785139,2
1387326,2019-12-25,2020-01-15,,56318,620125,2
1387327,2019-12-25,2020-01-15,,56333,175699,2
1387328,2019-12-25,2020-01-15,,56435,557493,2
1387329,2019-12-25,2020-01-15,,56513,747622,2
1387330,2019-12-25,2020-01-15,,56583,783610,2
1387331,2019-12-25,2020-01-15,,56973,922034,2
1387332,2019-12-25,2020-01-15,,56998,822630,2
1387333,2019-12-25,2020-01-15,,57046,705863,2
1387334,2019-12-25,2020-01-15,,57128,229943,2
1387335,2019-12-25,2020-01-15,,57242,11578,2
1387336,2019-12-25,2020-01-15,,57704,806497,2
1387337,2019-12-25,2020-01-15,,57710,189427,2
1387338,2019-12-25,2020-01-15,,57724,683237,2
1387339,2019-12-25,2020-01-15,,57790,75016,2
1387340,2019-12-25,2020-01-15,,57792,759985,2
1387341,2019-12-25,2020-01-15,,57870,206398,2
1387342,2019-12-25,2020-01-15,,57972,412632,2
1387343,2019-12-25,2020-01-15,,58189,662830,2
1387344,2019-12-25,2020-01-15,,58259,103564,2
1387345,2019-12-25,2020-01-15,,58279,598161,2
1387346,2019-12-25,2020-01-15,,58632,621902,2
1387347,2019-12-25,2020-01-15,,58705,375310,2
1387348,2019-12-25,2020-01-15,,58769,411207,2
1387349,2019-12-25,2020-01-15,,58785,603401,2
1387350,2019-12-25,2020-01-15,,59077,555818,2
1387351,2019-12-25,2020-01-15,,59159,698733,2
1387352,2019-12-25,2020-01-15,,59161,782165,2
1387353,2019-12-25,2020-01-15,,59228,199695,2
1387354,2019-12-25,2020-01-15,,59397,885529,2
1387355,2019-12-25,2020-01-15,,59406,149469,2
1387356,2019-12-25,2020-01-15,,59406,241951,2
1387357,2019-12-25,2020-01-15,,59406,243020,2
1387358,2019-12-25,2020-01-15,,59406,512615,2
1387359,2019-12-25,2020-01-15,,59406,544793,2
1387360,2019-12-25,2020-01-15,,59406,569176,2
1387361,2019-12-25,2020-01-15,,59547,913424,2
1387362,2019-12-25,2020-01-15,,59598,588658,2
1387363,2019-12-25,2020-01-15,,59720,670603,2
1387364,2019-12-25,2020-01-15,,59720,935968,2
1387365,2019-12-25,2020-01-15,,59720,945893,2
1387366,2019-12-25,2020-01-15,,59739,826003,2
1387367,2019-12-25,2020-01-15,,59857,104239,2
1387368,2019-12-25,2020-01-15,,59857,858549,2
1387369,2019-12-25,2020-01-15,,59884,305507,2
1387370,2019-12-25,2020-01-15,,59928,88530,2
1387371,2019-12-25,2020-01-15,,60162,165476,2
1387372,2019-12-25,2020-01-15,,60196,261273,2
1387373,2019-12-25,2020-01-15,,60282,867794,2
1387374,2019-12-25,2020-01-15,,60322,533304,2
1387375,2019-12-25,2020-01-15,,60340,600572,2
1387376,2019-12-25,2020-01-15,,60355,46269,2
1387377,2019-12-25,2020-01-15,,60384,145207,2
1387378,2019-12-25,2020-01-15,,60384,420441,2
1387379,2019-12-25,2020-01-15,,60395,597426,2
1387380,2019-12-25,2020-01-15,,60516,801671,2
1387381,2019-12-25,2020-01-15,,60612,142977,2
1387382,2019-12-25,2020-01-15,,60621,12629,2
1387383,2019-12-25,2020-01-15,,60621,909533,2
1387384,2019-12-25,2020-01-15,,60645,726813,2
1387385,2019-12-25,2020-01-15,,60847,753318,2
1387386,2019-12-25,2020-01-15,,60955,174730,2
1387387,2019-12-25,2020-01-15,,61095,14142,2
1387388,2019-12-25,2020-01-15,,61095,18123,2
1387389,2019-12-25,2020-01-15,,61095,19253,2
1387390,2019-12-25,2020-01-15,,61095,23272,2
1387391,2019-12-25,2020-01-15,,61095,44769,2
1387392,2019-12-25,2020-01-15,,61095,90809,2
1387393,2019-12-25,2020-01-15,,61095,100031,2
1387394,2019-12-25,2020-01-15,,61095,162084,2
1387395,2019-12-25,2020-01-15,,61095,194523,2
1387396,2019-12-25,2020-01-15,,61095,194812,2
1387397,2019-12-25,2020-01-15,,61095,243554,2
1387398,2019-12-25,2020-01-15,,61095,270573,2
1387399,2019-12-25,2020-01-15,,61095,275938,2
1387400,2019-12-25,2020-01-15,,61095,277709,2
1387401,2019-12-25,2020-01-15,,61095,313243,2
1387402,2019-12-25,2020-01-15,,61095,320538,2
1387403,2019-12-25,2020-01-15,,61095,341243,2
1387404,2019-12-25,2020-01-15,,61095,364948,2
1387405,2019-12-25,2020-01-15,,61095,369996,2
1387406,2019-12-25,2020-01-15,,61095,370190,2
1387407,2019-12-25,2020-01-15,,61095,400414,2
1387408,2019-12-25,2020-01-15,,61095,462233,2
1387409,2019-12-25,2020-01-15,,61095,543670,2
1387410,2019-12-25,2020-01-15,,61095,548739,2
1387411,2019-12-25,2020-01-15,,61095,597641,2
1387412,2019-12-25,2020-01-15,,61095,598980,2
1387413,2019-12-25,2020-01-15,,61095,599651,2
1387414,2019-12-25,2020-01-15,,61095,635284,2
1387415,2019-12-25,2020-01-15,,61095,652619,2
1387416,2019-12-25,2020-01-15,,61095,676568,2
1387417,2019-12-25,2020-01-15,,61095,688818,2
1387418,2019-12-25,2020-01-15,,61095,711805,2
1387419,2019-12-25,2020-01-15,,61095,721587,2
1387420,2019-12-25,2020-01-15,,61095,744322,2
1387421,2019-12-25,2020-01-15,,61095,768558,2
1387422,2019-12-25,2020-01-15,,61095,776350,2
1387423,2019-12-25,2020-01-15,,61095,776449,2
1387424,2019-12-25,2020-01-15,,61095,777866,2
1387425,2019-12-25,2020-01-15,,61095,789881,2
1387426,2019-12-25,2020-01-15,,61095,798604,2
1387427,2019-12-25,2020-01-15,,61095,828374,2
1387428,2019-12-25,2020-01-15,,61095,840755,2
1387429,2019-12-25,2020-01-15,,61095,857223,2
1387430,2019-12-25,2020-01-15,,61095,875845,2
1387431,2019-12-25,2020-01-15,,61095,881157,2
1387432,2019-12-25,2020-01-15,,61095,896559,2
1387433,2019-12-25,2020-01-15,,61095,944244,2
1387434,2019-12-25,2020-01-15,,61095,947907,2
1387435,2019-12-25,2020-01-15,,61167,755472,2
1387436,2019-12-25,2020-01-15,,61181,285936,2
1387437,2019-12-25,2020-01-15,,61199,421189,2
1387438,2019-12-25,2020-01-15,,61199,845061,2
1387439,2019-12-25,2020-01-15,,61295,436905,2
1387440,2019-12-25,2020-01-15,,61351,391441,2
1387441,2019-12-25,2020-01-15,,61358,864334,2
1387442,2019-12-25,2020-01-15,,61435,134299,2
1387443,2019-12-25,2020-01-15,,61435,889043,2
1387444,2019-12-25,2020-01-15,,61510,583259,2
1387445,2019-12-25,2020-01-15,,61827,18928,2
1387446,2019-12-25,2020-01-15,,62016,621799,2
1387447,2019-12-25,2020-01-15,,62059,534944,2
1387448,2019-12-25,2020-01-15,,62296,445481,2
1387449,2019-12-25,2020-01-15,,62335,397564,2
1387450,2019-12-25,2020-01-15,,62335,770041,2
1387451,2019-12-25,2020-01-15,,62392,569585,2
1387452,2019-12-25,2020-01-15,,62392,718802,2
1387453,2019-12-25,2020-01-15,,62719,947323,2
1387454,2019-12-25,2020-01-15,,62760,698923,2
1387455,2019-12-25,2020-01-15,,62866,235996,2
1387456,2019-12-25,2020-01-15,,62915,768902,2
1387457,2019-12-25,2020-01-15,,63113,886346,2
1387458,2019-12-25,2020-01-15,,63183,602544,2
1387459,2019-12-25,2020-01-15,,63276,952449,2
1387460,2019-12-25,2020-01-15,,63429,383761,2
1387461,2019-12-25,2020-01-15,,63429,832526,2
1387462,2019-12-25,2020-01-15,,63566,466012,2
1387463,2019-12-25,2020-01-15,,63639,5304,2
1387464,2019-12-25,2020-01-15,,64114,191395,2
1387465,2019-12-25,2020-01-15,,64114,720348,2
1387466,2019-12-25,2020-01-15,,64114,806498,2
1387467,2019-12-25,2020-01-15,,64123,526387,2
1387468,2019-12-25,2020-01-15,,64285,882078,2
1387469,2019-12-25,2020-01-15,,64286,898420,2
1387470,2019-12-25,2020-01-15,,64487,670680,2
1387471,2019-12-25,2020-01-15,,64489,711314,2
1387472,2019-12-25,2020-01-15,,64538,278600,2
1387473,2019-12-25,2020-01-15,,64663,492511,2
1387474,2019-12-25,2020-01-15,,64685,484545,2
1387475,2019-12-25,2020-01-15,,64877,107174,2
1387476,2019-12-25,2020-01-15,,64877,546563,2
1387477,2019-12-25,2020-01-15,,64898,743900,2
1387478,2019-12-25,2020-01-15,,64933,609647,2
1387479,2019-12-25,2020-01-15,,64934,882190,2
1387480,2019-12-25,2020-01-15,,64947,672789,2
1387481,2019-12-25,2020-01-15,,64977,9987,2
1387482,2019-12-25,2020-01-15,,65008,134621,2
1387483,2019-12-25,2020-01-15,,65065,87007,2
1387484,2019-12-25,2020-01-15,,65428,468985,2
1387485,2019-12-25,2020-01-15,,65584,213920,2
1387486,2019-12-25,2020-01-15,,65584,697817,2
1387487,2019-12-25,2020-01-15,,65584,778825,2
1387488,2019-12-25,2020-01-15,,65615,104481,2
1387489,2019-12-25,2020-01-15,,65615,218911,2
1387490,2019-12-25,2020-01-15,,65615,683238,2
1387491,2019-12-25,2020-01-15,,65685,454807,2
1387492,2019-12-25,2020-01-15,,65689,63272,2
1387493,2019-12-25,2020-01-15,,65689,261070,2
1387494,2019-12-25,2020-01-15,,65711,114927,2
1387495,2019-12-25,2020-01-15,,65779,45591,2
1387496,2019-12-25,2020-01-15,,66077,567746,2
1387497,2019-12-25,2020-01-15,,66122,803077,2
1387498,2019-12-25,2020-01-15,,66385,511350,2
1387499,2019-12-25,2020-01-15,,66458,772594,2
1387500,2019-12-25,2020-01-15,,66474,845062,2
1387501,2019-12-25,2020-01-15,,66502,22168,2
1387502,2019-12-25,2020-01-15,,66534,9660,2
1387503,2019-12-25,2020-01-15,,66534,881588,2
1387504,2019-12-25,2020-01-15,,66562,492873,2
1387505,2019-12-25,2020-01-15,,67067,198379,2
1387506,2019-12-25,2020-01-15,,67132,561954,2
1387507,2019-12-25,2020-01-15,,67302,547361,2
1387508,2019-12-25,2020-01-15,,67563,382605,2
1387509,2019-12-25,2020-01-15,,67571,31766,2
1387510,2019-12-25,2020-01-15,,67626,351238,2
1387511,2019-12-25,2020-01-15,,67626,603663,2
1387512,2019-12-25,2020-01-15,,67626,812149,2
1387513,2019-12-25,2020-01-15,,67831,149511,2
1387514,2019-12-25,2020-01-15,,67831,542474,2
1387515,2019-12-25,2020-01-15,,67840,478453,2
1387516,2019-12-25,2020-01-15,,67866,135663,2
1387517,2019-12-25,2020-01-15,,67869,75425,2
1387518,2019-12-25,2020-01-15,,67931,656919,2
1387519,2019-12-25,2020-01-15,,67981,421827,2
1387520,2019-12-25,2020-01-15,,68019,616031,2
1387521,2019-12-25,2020-01-15,,68027,256570,2
1387522,2019-12-25,2020-01-15,,68027,270883,2
1387523,2019-12-25,2020-01-15,,68056,436262,2
1387524,2019-12-25,2020-01-15,,68182,395447,2
1387525,2019-12-25,2020-01-15,,68287,321942,2
1387526,2019-12-25,2020-01-15,,68406,88531,2
1387527,2019-12-25,2020-01-15,,68416,425164,2
1387528,2019-12-25,2020-01-15,,68482,744643,2
1387529,2019-12-25,2020-01-15,,68549,297862,2
1387530,2019-12-25,2020-01-15,,68558,434708,2
1387531,2019-12-25,2020-01-15,,68676,625053,2
1387532,2019-12-25,2020-01-15,,68722,766815,2
1387533,2019-12-25,2020-01-15,,68732,416595,2
1387534,2019-12-25,2020-01-15,,68963,131348,2
1387535,2019-12-25,2020-01-15,,69055,753576,2
1387536,2019-12-25,2020-01-15,,69102,391886,2
1387537,2019-12-25,2020-01-15,,69221,16532,2
1387538,2019-12-25,2020-01-15,,69221,793332,2
1387539,2019-12-25,2020-01-15,,69315,698734,2
1387540,2019-12-25,2020-01-15,,69331,265082,2
1387541,2019-12-25,2020-01-15,,69334,260946,2
1387542,2019-12-25,2020-01-15,,69538,834991,2
1387543,2019-12-25,2020-01-15,,70080,430394,2
1387544,2019-12-25,2020-01-15,,70264,256661,2
1387545,2019-12-25,2020-01-15,,70348,371970,2
1387546,2019-12-25,2020-01-15,,70583,417440,2
1387547,2019-12-25,2020-01-15,,70663,764031,2
1387548,2019-12-25,2020-01-15,,70805,408321,2
1387549,2019-12-25,2020-01-15,,70885,224107,2
1387550,2019-12-25,2020-01-15,,70988,815530,2
1387551,2019-12-25,2020-01-15,,71131,640369,2
1387552,2019-12-25,2020-01-15,,71166,190925,2
1387553,2019-12-25,2020-01-15,,71213,548273,2
1387554,2019-12-25,2020-01-15,,71321,686734,2
1387555,2019-12-25,2020-01-15,,71441,791293,2
1387556,2019-12-25,2020-01-15,,71472,55637,2
1387557,2019-12-25,2020-01-15,,71836,382827,2
1387558,2019-12-25,2020-01-15,,71940,425139,2
1387559,2019-12-25,2020-01-15,,72144,54802,2
1387560,2019-12-25,2020-01-15,,72172,151645,2
1387561,2019-12-25,2020-01-15,,72205,642083,2
1387562,2019-12-25,2020-01-15,,72339,930191,2
1387563,2019-12-25,2020-01-15,,72426,891864,2
1387564,2019-12-25,2020-01-15,,72490,99136,2
1387565,2019-12-25,2020-01-15,,72818,251758,2
1387566,2019-12-25,2020-01-15,,72951,885546,2
1387567,2019-12-25,2020-01-15,,73073,27856,2
1387568,2019-12-25,2020-01-15,,73144,130955,2
1387569,2019-12-25,2020-01-15,,73537,710252,2
1387570,2019-12-25,2020-01-15,,73583,243646,2
1387571,2019-12-25,2020-01-15,,73651,224537,2
1387572,2019-12-25,2020-01-15,,73722,899214,2
1387573,2019-12-25,2020-01-15,,73740,115018,2
1387574,2019-12-25,2020-01-15,,73795,689579,2
1387575,2019-12-25,2020-01-15,,73896,622545,2
1387576,2019-12-25,2020-01-15,,73959,201637,2
1387577,2019-12-25,2020-01-15,,74177,835542,2
1387578,2019-12-25,2020-01-15,,74471,112185,2
1387579,2019-12-25,2020-01-15,,74562,117642,2
1387580,2019-12-25,2020-01-15,,74667,298160,2
1387581,2019-12-25,2020-01-15,,74716,483588,2
1387582,2019-12-25,2020-01-15,,74728,229233,2
1387583,2019-12-25,2020-01-15,,74766,600873,2
1387584,2019-12-25,2020-01-15,,74822,810283,2
1387585,2019-12-25,2020-01-15,,74841,826050,2
1387586,2019-12-25,2020-01-15,,74845,692630,2
1387587,2019-12-25,2020-01-15,,74983,281737,2
1387588,2019-12-25,2020-01-15,,74983,469911,2
1387589,2019-12-25,2020-01-15,,74983,504608,2
1387590,2019-12-25,2020-01-15,,74983,618433,2
1387591,2019-12-25,2020-01-15,,74983,786011,2
1387592,2019-12-25,2020-01-15,,75281,19640,2
1387593,2019-12-25,2020-01-15,,75512,614651,2
1387594,2019-12-25,2020-01-15,,75576,425011,2
1387595,2019-12-25,2020-01-15,,75703,246437,2
1387596,2019-12-25,2020-01-15,,75887,843741,2
1387597,2019-12-25,2020-01-15,,75890,382221,2
1387598,2019-12-25,2020-01-15,,75996,221077,2
1387599,2019-12-25,2020-01-15,,76125,661421,2
1387600,2019-12-25,2020-01-15,,76196,881041,2
1387601,2019-12-25,2020-01-15,,76256,607602,2
1387602,2019-12-25,2020-01-15,,76330,317925,2
1387603,2019-12-25,2020-01-15,,76349,101878,2
1387604,2019-12-25,2020-01-15,,76378,734302,2
1387605,2019-12-25,2020-01-15,,76529,94249,2
1387606,2019-12-25,2020-01-15,,76560,853785,2
1387607,2019-12-25,2020-01-15,,76561,360653,2
1387608,2019-12-25,2020-01-15,,76693,161448,2
1387609,2019-12-25,2020-01-15,,76758,895900,2
1387610,2019-12-25,2020-01-15,,76776,157739,2
1387611,2019-12-25,2020-01-15,,77187,107749,2
1387612,2019-12-25,2020-01-15,,77211,691159,2
1387613,2019-12-25,2020-01-15,,77232,877136,2
1387614,2019-12-25,2020-01-15,,77397,856301,2
1387615,2019-12-25,2020-01-15,,77397,918867,2
1387616,2019-12-25,2020-01-15,,77415,821844,2
1387617,2019-12-25,2020-01-15,,77466,197503,2
1387618,2019-12-25,2020-01-15,,77603,122035,2
1387619,2019-12-25,2020-01-15,,77603,587365,2
1387620,2019-12-25,2020-01-15,,77705,617072,2
1387621,2019-12-25,2020-01-15,,77817,48287,2
1387622,2019-12-25,2020-01-15,,77872,114286,2
1387623,2019-12-25,2020-01-15,,78103,140414,2
1387624,2019-12-25,2020-01-15,,78179,816903,2
1387625,2019-12-25,2020-01-15,,78210,711304,2
1387626,2019-12-25,2020-01-15,,78278,802123,2
1387627,2019-12-25,2020-01-15,,78390,382729,2
1387628,2019-12-25,2020-01-15,,78419,389091,2
1387629,2019-12-25,2020-01-15,,78526,561281,2
1387630,2019-12-25,2020-01-15,,78640,875610,2
1387631,2019-12-25,2020-01-15,,78724,75860,2
1387632,2019-12-25,2020-01-15,,78934,10814,2
1387633,2019-12-25,2020-01-15,,79158,183043,2
1387634,2019-12-25,2020-01-15,,79247,706990,2
1387635,2019-12-25,2020-01-15,,79475,529124,2
1387636,2019-12-25,2020-01-15,,79777,634357,2
1387637,2019-12-25,2020-01-15,,79927,493977,2
1387638,2019-12-25,2020-01-15,,80058,916605,2
1387639,2019-12-25,2020-01-15,,80143,916415,2
1387640,2019-12-25,2020-01-15,,80155,726809,2
1387641,2019-12-25,2020-01-15,,80180,19665,2
1387642,2019-12-25,2020-01-15,,80408,447964,2
1387643,2019-12-25,2020-01-15,,80461,104240,2
1387644,2019-12-25,2020-01-15,,80573,310771,2
1387645,2019-12-25,2020-01-15,,80585,901725,2
1387646,2019-12-25,2020-01-15,,80785,938334,2
1387647,2019-12-25,2020-01-15,,80888,140362,2
1387648,2019-12-25,2020-01-15,,81002,386295,2
1387649,2019-12-25,2020-01-15,,81090,430643,2
1387650,2019-12-25,2020-01-15,,81101,606156,2
1387651,2019-12-25,2020-01-15,,81182,863816,2
1387652,2019-12-25,2020-01-15,,81208,894045,2
1387653,2019-12-25,2020-01-15,,81220,878198,2
1387654,2019-12-25,2020-01-15,,81378,45270,2
1387655,2019-12-25,2020-01-15,,81430,240573,2
1387656,2019-12-25,2020-01-15,,81430,390352,2
1387657,2019-12-25,2020-01-15,,81430,415620,2
1387658,2019-12-25,2020-01-15,,81476,401931,2
1387659,2019-12-25,2020-01-15,,81559,344105,2
1387660,2019-12-25,2020-01-15,,81611,6634,2
1387661,2019-12-25,2020-01-15,,81625,919829,2
1387662,2019-12-25,2020-01-15,,81819,333804,2
1387663,2019-12-25,2020-01-15,,81833,111050,2
1387664,2019-12-25,2020-01-15,,81875,62239,2
1387665,2019-12-25,2020-01-15,,82086,707496,2
1387666,2019-12-25,2020-01-15,,82104,843126,2
1387667,2019-12-25,2020-01-15,,82159,678728,2
1387668,2019-12-25,2020-01-15,,82159,690707,2
1387669,2019-12-25,2020-01-15,,82289,112730,2
1387670,2019-12-25,2020-01-15,,82511,740489,2
1387671,2019-12-25,2020-01-15,,82638,307224,2
1387672,2019-12-25,2020-01-15,,82760,848065,2
1387673,2019-12-25,2020-01-15,,82999,60815,2
1387674,2019-12-25,2020-01-15,,82999,231664,2
1387675,2019-12-25,2020-01-15,,83002,951297,2
1387676,2019-12-25,2020-01-15,,83013,627873,2
1387677,2019-12-25,2020-01-15,,83083,577640,2
1387678,2019-12-25,2020-01-15,,83324,540473,2
1387679,2019-12-25,2020-01-15,,83389,442657,2
1387680,2019-12-25,2020-01-15,,83403,243148,2
1387681,2019-12-25,2020-01-15,,83436,58282,2
1387682,2019-12-25,2020-01-15,,83449,32302,2
1387683,2019-12-25,2020-01-15,,83546,377771,2
1387684,2019-12-25,2020-01-15,,83835,486590,2
1387685,2019-12-25,2020-01-15,,83947,839680,2
1387686,2019-12-25,2020-01-15,,83968,173277,2
1387687,2019-12-25,2020-01-15,,84103,139653,2
1387688,2019-12-25,2020-01-15,,84103,230018,2
1387689,2019-12-25,2020-01-15,,84103,288480,2
1387690,2019-12-25,2020-01-15,,84103,873027,2
1387691,2019-12-25,2020-01-15,,84113,26221,2
1387692,2019-12-25,2020-01-15,,84263,104316,2
1387693,2019-12-25,2020-01-15,,84394,609640,2
1387694,2019-12-25,2020-01-15,,84398,499385,2
1387695,2019-12-25,2020-01-15,,84436,92933,2
1387696,2019-12-25,2020-01-15,,84616,62792,2
1387697,2019-12-25,2020-01-15,,84898,500445,2
1387698,2019-12-25,2020-01-15,,85078,851724,2
1387699,2019-12-25,2020-01-15,,85273,323726,2
1387700,2019-12-25,2020-01-15,,85273,327265,2
1387701,2019-12-25,2020-01-15,,85283,85966,2
1387702,2019-12-25,2020-01-15,,85283,454637,2
1387703,2019-12-25,2020-01-15,,85283,694765,2
1387704,2019-12-25,2020-01-15,,85357,60259,2
1387705,2019-12-25,2020-01-15,,85357,617180,2
1387706,2019-12-25,2020-01-15,,85430,511553,2
1387707,2019-12-25,2020-01-15,,85610,44171,2
1387708,2019-12-25,2020-01-15,,85612,64640,2
1387709,2019-12-25,2020-01-15,,85727,941980,2
1387710,2019-12-25,2020-01-15,,85885,585007,2
1387711,2019-12-25,2020-01-15,,85958,437994,2
1387712,2019-12-25,2020-01-15,,85958,902803,2
1387713,2019-12-25,2020-01-15,,85958,942787,2
1387714,2019-12-25,2020-01-15,,85975,778399,2
1387715,2019-12-25,2020-01-15,,86026,446676,2
1387716,2019-12-25,2020-01-15,,86196,215145,2
1387717,2019-12-25,2020-01-15,,86301,823924,2
1387718,2019-12-25,2020-01-15,,86418,153880,2
1387719,2019-12-25,2020-01-15,,86534,455682,2
1387720,2019-12-25,2020-01-15,,86630,778402,2
1387721,2019-12-25,2020-01-15,,86700,657010,2
1387722,2019-12-25,2020-01-15,,86795,757241,2
1387723,2019-12-25,2020-01-15,,86833,53447,2
1387724,2019-12-25,2020-01-15,,86852,856655,2
1387725,2019-12-25,2020-01-15,,86885,847738,2
1387726,2019-12-25,2020-01-15,,86895,261468,2
1387727,2019-12-25,2020-01-15,,86919,350283,2
1387728,2019-12-25,2020-01-15,,86923,167036,2
1387729,2019-12-25,2020-01-15,,87033,640824,2
1387730,2019-12-25,2020-01-15,,87088,926092,2
1387731,2019-12-25,2020-01-15,,87091,16788,2
1387732,2019-12-25,2020-01-15,,87091,721172,2
1387733,2019-12-25,2020-01-15,,87210,175544,2
1387734,2019-12-25,2020-01-15,,87399,778356,2
1387735,2019-12-25,2020-01-15,,87506,191265,2
1387736,2019-12-25,2020-01-15,,87547,280203,2
1387737,2019-12-25,2020-01-15,,87708,670670,2
1387738,2019-12-25,2020-01-15,,87941,134198,2
1387739,2019-12-25,2020-01-15,,88026,218223,2
1387740,2019-12-25,2020-01-15,,88148,701527,2
1387741,2019-12-25,2020-01-15,,88164,820339,2
1387742,2019-12-25,2020-01-15,,88316,48889,2
1387743,2019-12-25,2020-01-15,,88355,594629,2
1387744,2019-12-25,2020-01-15,,88355,711079,2
1387745,2019-12-25,2020-01-15,,88630,626996,2
1387746,2019-12-25,2020-01-15,,88682,148795,2
1387747,2019-12-25,2020-01-15,,88682,689086,2
1387748,2019-12-25,2020-01-15,,88811,541192,2
1387749,2019-12-25,2020-01-15,,88831,471502,2
1387750,2019-12-25,2020-01-15,,88831,484185,2
1387751,2019-12-25,2020-01-15,,88910,439198,2
1387752,2019-12-25,2020-01-15,,88935,95126,2
1387753,2019-12-25,2020-01-15,,89043,743540,2
1387754,2019-12-25,2020-01-15,,89125,903750,2
1387755,2019-12-25,2020-01-15,,89203,198195,2
1387756,2019-12-25,2020-01-15,,89239,930376,2
1387757,2019-12-25,2020-01-15,,89315,42355,2
1387758,2019-12-25,2020-01-15,,89355,331418,2
1387759,2019-12-25,2020-01-15,,89620,792342,2
1387760,2019-12-25,2020-01-15,,89680,66319,2
1387761,2019-12-25,2020-01-15,,89853,77945,2
1387762,2019-12-25,2020-01-15,,89865,728127,2
1387763,2019-12-25,2020-01-15,,89912,810284,2
1387764,2019-12-25,2020-01-15,,90141,645214,2
1387765,2019-12-25,2020-01-15,,90245,242959,2
1387766,2019-12-25,2020-01-15,,90305,71802,2
1387767,2019-12-25,2020-01-15,,90392,768069,2
1387768,2019-12-25,2020-01-15,,90631,24586,2
1387769,2019-12-25,2020-01-15,,90631,371598,2
1387770,2019-12-25,2020-01-15,,90631,442901,2
1387771,2019-12-25,2020-01-15,,90631,583155,2
1387772,2019-12-25,2020-01-15,,90631,640717,2
1387773,2019-12-25,2020-01-15,,90682,167713,2
1387774,2019-12-25,2020-01-15,,90702,846367,2
1387775,2019-12-25,2020-01-15,,90728,806499,2
1387776,2019-12-25,2020-01-15,,90798,676053,2
1387777,2019-12-25,2020-01-15,,90837,923561,2
1387778,2019-12-25,2020-01-15,,91011,658271,2
1387779,2019-12-25,2020-01-15,,91036,233610,2
1387780,2019-12-25,2020-01-15,,91052,486378,2
1387781,2019-12-25,2020-01-15,,91084,663995,2
1387782,2019-12-25,2020-01-15,,91098,23559,2
1387783,2019-12-25,2020-01-15,,91319,164954,2
1387784,2019-12-25,2020-01-15,,91439,775613,2
1387785,2019-12-25,2020-01-15,,91496,837035,2
1387786,2019-12-25,2020-01-15,,91505,870861,2
1387787,2019-12-25,2020-01-15,,91969,230640,2
1387788,2019-12-25,2020-01-15,,91969,587586,2
1387789,2019-12-25,2020-01-15,,92043,382222,2
1387790,2019-12-25,2020-01-15,,92154,614353,2
1387791,2019-12-25,2020-01-15,,92218,712098,2
1387792,2019-12-25,2020-01-15,,92255,355730,2
1387793,2019-12-25,2020-01-15,,92297,622750,2
1387794,2019-12-25,2020-01-15,,92357,319778,2
1387795,2019-12-25,2020-01-15,,92451,513278,2
1387796,2019-12-25,2020-01-15,,92453,628350,2
1387797,2019-12-25,2020-01-15,,92462,246336,2
1387798,2019-12-25,2020-01-15,,92462,419110,2
1387799,2019-12-25,2020-01-15,,92478,334754,2
1387800,2019-12-25,2020-01-15,,92498,118422,2
1387801,2019-12-25,2020-01-15,,92541,840878,2
1387802,2019-12-25,2020-01-15,,92800,457730,2
1387803,2019-12-25,2020-01-15,,93039,245826,2
1387804,2019-12-25,2020-01-15,,93101,912066,2
1387805,2019-12-25,2020-01-15,,93112,861092,2
1387806,2019-12-25,2020-01-15,,93609,25664,2
1387807,2019-12-25,2020-01-15,,93609,432609,2
1387808,2019-12-25,2020-01-15,,93621,885958,2
1387809,2019-12-25,2020-01-15,,93677,936535,2
1387810,2019-12-25,2020-01-15,,93791,830161,2
1387811,2019-12-25,2020-01-15,,93792,542175,2
1387812,2019-12-25,2020-01-15,,93986,237478,2
1387813,2019-12-25,2020-01-15,,94234,821897,2
1387814,2019-12-25,2020-01-15,,94263,650408,2
1387815,2019-12-25,2020-01-15,,94287,533404,2
1387816,2019-12-25,2020-01-15,,94539,554640,2
1387817,2019-12-25,2020-01-15,,94583,867947,2
1387818,2019-12-25,2020-01-15,,94585,187443,2
1387819,2019-12-25,2020-01-15,,94786,164763,2
1387820,2019-12-25,2020-01-15,,94786,398315,2
1387821,2019-12-25,2020-01-15,,94967,111846,2
1387822,2019-12-25,2020-01-15,,94977,346537,2
1387823,2019-12-25,2020-01-15,,95046,802741,2
1387824,2019-12-25,2020-01-15,,95199,842169,2
1387825,2019-12-25,2020-01-15,,95233,87358,2
1387826,2019-12-25,2020-01-15,,95250,520154,2
1387827,2019-12-25,2020-01-15,,95392,146555,2
1387828,2019-12-25,2020-01-15,,95468,566752,2
1387829,2019-12-25,2020-01-15,,95500,327065,2
1387830,2019-12-25,2020-01-15,,95570,460700,2
1387831,2019-12-25,2020-01-15,,95953,225203,2
1387832,2019-12-25,2020-01-15,,95953,483581,2
1387833,2019-12-25,2020-01-15,,95953,809728,2
1387834,2019-12-25,2020-01-15,,95953,841148,2
1387835,2019-12-25,2020-01-15,,95953,857486,2
1387836,2019-12-25,2020-01-15,,95953,872736,2
1387837,2019-12-25,2020-01-15,,96012,383762,2
1387838,2019-12-25,2020-01-15,,96054,626264,2
1387839,2019-12-25,2020-01-15,,96202,867514,2
1387840,2019-12-25,2020-01-15,,96211,153752,2
1387841,2019-12-25,2020-01-15,,96390,2093,2
1387842,2019-12-25,2020-01-15,,96390,438109,2
1387843,2019-12-25,2020-01-15,,96473,206951,2
1387844,2019-12-25,2020-01-15,,96571,222867,2
1387845,2019-12-25,2020-01-15,,96601,207084,2
1387846,2019-12-25,2020-01-15,,96677,864610,2
1387847,2019-12-25,2020-01-15,,96842,588572,2
1387848,2019-12-25,2020-01-15,,97065,176033,2
1387849,2019-12-25,2020-01-15,,97139,104505,2
1387850,2019-12-25,2020-01-15,,97161,407445,2
1387851,2019-12-25,2020-01-15,,97220,560345,2
1387852,2019-12-25,2020-01-15,,97292,574088,2
1387853,2019-12-25,2020-01-15,,97356,406703,2
1387854,2019-12-25,2020-01-15,,97431,866576,2
1387855,2019-12-25,2020-01-15,,97481,70990,2
1387856,2019-12-25,2020-01-15,,97513,417980,2
1387857,2019-12-25,2020-01-15,,97557,72274,2
1387858,2019-12-25,2020-01-15,,97557,629614,2
1387859,2019-12-25,2020-01-15,,97678,150061,2
1387860,2019-12-25,2020-01-15,,97707,611735,2
1387861,2019-12-25,2020-01-15,,97983,705443,2
1387862,2019-12-25,2020-01-15,,98058,671152,2
1387863,2019-12-25,2020-01-15,,98071,573191,2
1387864,2019-12-25,2020-01-15,,98106,468092,2
1387865,2019-12-25,2020-01-15,,98120,942027,2
1387866,2019-12-25,2020-01-15,,98142,400316,2
1387867,2019-12-25,2020-01-15,,98237,646803,2
1387868,2019-12-25,2020-01-15,,98242,565134,2
1387869,2019-12-25,2020-01-15,,98391,14478,2
1387870,2019-12-25,2020-01-15,,98416,412316,2
1387871,2019-12-25,2020-01-15,,98430,46060,2
1387872,2019-12-25,2020-01-15,,98456,297404,2
1387873,2019-12-25,2020-01-15,,98483,421262,2
1387874,2019-12-25,2020-01-15,,98543,800353,2
1387875,2019-12-25,2020-01-15,,98588,875768,2
1387876,2019-12-25,2020-01-15,,98683,434112,2
1387877,2019-12-25,2020-01-15,,98730,605921,2
1387878,2019-12-25,2020-01-15,,98819,223814,2
1387879,2019-12-25,2020-01-15,,98891,624342,2
1387880,2019-12-25,2020-01-15,,98946,430914,2
1387881,2019-12-25,2020-01-15,,98960,912282,2
1387882,2019-12-25,2020-01-15,,99031,250866,2
1387883,2019-12-25,2020-01-15,,99042,331780,2
1387884,2019-12-25,2020-01-15,,99047,332300,2
1387885,2019-12-25,2020-01-15,,99114,874743,2
1387886,2019-12-25,2020-01-15,,99171,315246,2
1387887,2019-12-25,2020-01-15,,99190,628405,2
1387888,2019-12-25,2020-01-15,,99250,544638,2
1387889,2019-12-25,2020-01-15,,99355,188121,2
1387890,2019-12-25,2020-01-15,,99422,807592,2
1387891,2019-12-25,2020-01-15,,99824,441232,2
1387892,2019-12-25,2020-01-15,,99894,470409,2
1387893,2019-12-25,2020-01-15,,99894,634319,2
1387894,2019-12-25,2020-01-15,,99915,559724,2
1387895,2019-12-25,2020-01-15,,99919,698874,2
1387896,2019-12-25,2020-01-15,,100094,446526,2
1387897,2019-12-25,2020-01-15,,100300,485172,2
1387898,2019-12-25,2020-01-15,,100326,523964,2
1387899,2019-12-25,2020-01-15,,100354,604899,2
1387900,2019-12-25,2020-01-15,,100407,426901,2
1387901,2019-12-25,2020-01-15,,100530,471508,2
1387902,2019-12-25,2020-01-15,,100551,433659,2
1387903,2019-12-25,2020-01-15,,100922,288272,2
1387904,2019-12-25,2020-01-15,,100922,301402,2
1387905,2019-12-25,2020-01-15,,100953,887974,2
1387906,2019-12-25,2020-01-15,,100969,768030,2
1387907,2019-12-25,2020-01-15,,101095,227726,2
1387908,2019-12-25,2020-01-15,,101320,153321,2
1387909,2019-12-25,2020-01-15,,101329,363908,2
1387910,2019-12-25,2020-01-15,,101376,42016,2
1387911,2019-12-25,2020-01-15,,101401,729051,2
1387912,2019-12-25,2020-01-15,,101415,815259,2
1387913,2019-12-25,2020-01-15,,101468,258711,2
1387914,2019-12-25,2020-01-15,,101519,186691,2
1387915,2019-12-25,2020-01-15,,101642,949874,2
1387916,2019-12-25,2020-01-15,,101870,490628,2
1387917,2019-12-25,2020-01-15,,102139,272866,2
1387918,2019-12-25,2020-01-15,,102139,563663,2
1387919,2019-12-25,2020-01-15,,102171,837426,2
1387920,2019-12-25,2020-01-15,,102180,175545,2
1387921,2019-12-25,2020-01-15,,102229,23074,2
1387922,2019-12-25,2020-01-15,,102303,275413,2
1387923,2019-12-25,2020-01-15,,102331,241396,2
1387924,2019-12-25,2020-01-15,,102460,94942,2
1387925,2019-12-25,2020-01-15,,102560,443680,2
1387926,2019-12-25,2020-01-15,,102597,678076,2
1387927,2019-12-25,2020-01-15,,102622,274832,2
1387928,2019-12-25,2020-01-15,,102914,789517,2
1387929,2019-12-25,2020-01-15,,103245,621800,2
1387930,2019-12-25,2020-01-15,,103383,437687,2
1387931,2019-12-25,2020-01-15,,103427,856535,2
1387932,2019-12-25,2020-01-15,,103464,203886,2
1387933,2019-12-25,2020-01-15,,103488,875611,2
1387934,2019-12-25,2020-01-15,,103495,553142,2
1387935,2019-12-25,2020-01-15,,103723,542517,2
1387936,2019-12-25,2020-01-15,,103762,728560,2
1387937,2019-12-25,2020-01-15,,103805,758796,2
1387938,2019-12-25,2020-01-15,,103878,470432,2
1387939,2019-12-25,2020-01-15,,103955,548274,2
1387940,2019-12-25,2020-01-15,,103955,819916,2
1387941,2019-12-25,2020-01-15,,104013,139386,2
1387942,2019-12-25,2020-01-15,,104013,463066,2
1387943,2019-12-25,2020-01-15,,104113,203295,2
1387944,2019-12-25,2020-01-15,,104318,475868,2
1387945,2019-12-25,2020-01-15,,104473,185966,2
1387946,2019-12-25,2020-01-15,,104473,438893,2
1387947,2019-12-25,2020-01-15,,104496,686450,2
1387948,2019-12-25,2020-01-15,,104500,25968,2
1387949,2019-12-25,2020-01-15,,104519,463005,2
1387950,2019-12-25,2020-01-15,,104574,845491,2
1387951,2019-12-25,2020-01-15,,104624,711440,2
1387952,2019-12-25,2020-01-15,,104740,282107,2
1387953,2019-12-25,2020-01-15,,104746,871821,2
1387954,2019-12-25,2020-01-15,,104853,876904,2
1387955,2019-12-25,2020-01-15,,104861,800265,2
1387956,2019-12-25,2020-01-15,,104869,55371,2
1387957,2019-12-25,2020-01-15,,104897,657596,2
1387958,2019-12-25,2020-01-15,,104916,582385,2
1387959,2019-12-25,2020-01-15,,105044,824849,2
1387960,2019-12-25,2020-01-15,,105064,610927,2
1387961,2019-12-25,2020-01-15,,105492,29783,2
1387962,2019-12-25,2020-01-15,,105492,83137,2
1387963,2019-12-25,2020-01-15,,105492,627134,2
1387964,2019-12-25,2020-01-15,,105492,838339,2
1387965,2019-12-25,2020-01-15,,105507,701731,2
1387966,2019-12-25,2020-01-15,,105650,310467,2
1387967,2019-12-25,2020-01-15,,105992,333982,2
1387968,2019-12-25,2020-01-15,,106237,615676,2
1387969,2019-12-25,2020-01-15,,106242,629865,2
1387970,2019-12-25,2020-01-15,,106356,846134,2
1387971,2019-12-25,2020-01-15,,106364,88532,2
1387972,2019-12-25,2020-01-15,,106366,112119,2
1387973,2019-12-25,2020-01-15,,106366,678746,2
1387974,2019-12-25,2020-01-15,,106447,265691,2
1387975,2019-12-25,2020-01-15,,106503,460785,2
1387976,2019-12-25,2020-01-15,,106662,17608,2
1387977,2019-12-25,2020-01-15,,106678,698875,2
1387978,2019-12-25,2020-01-15,,106679,907829,2
1387979,2019-12-25,2020-01-15,,106753,206470,2
1387980,2019-12-25,2020-01-15,,106881,654804,2
1387981,2019-12-25,2020-01-15,,106904,590682,2
1387982,2019-12-25,2020-01-15,,107113,477159,2
1387983,2019-12-25,2020-01-15,,107376,379131,2
1387984,2019-12-25,2020-01-15,,107428,601647,2
1387985,2019-12-25,2020-01-15,,107705,828409,2
1387986,2019-12-25,2020-01-15,,107756,290905,2
1387987,2019-12-25,2020-01-15,,107759,778725,2
1387988,2019-12-25,2020-01-15,,107798,712016,2
1387989,2019-12-25,2020-01-15,,107916,264900,2
1387990,2019-12-25,2020-01-15,,108096,395658,2
1387991,2019-12-25,2020-01-15,,108451,773451,2
1387992,2019-12-25,2020-01-15,,108621,188195,2
1387993,2019-12-25,2020-01-15,,108621,880871,2
1387994,2019-12-25,2020-01-15,,108696,99592,2
1387995,2019-12-25,2020-01-15,,108986,129700,2
1387996,2019-12-25,2020-01-15,,109048,25928,2
1387997,2019-12-25,2020-01-15,,109374,637519,2
1387998,2019-12-25,2020-01-15,,109798,686011,2
1387999,2019-12-25,2020-01-15,,109843,758723,2
1388000,2019-12-25,2020-01-15,,109917,250635,2
1388001,2019-12-25,2020-01-15,,109917,523450,2
1388002,2019-12-25,2020-01-15,,110050,770522,2
1388003,2019-12-25,2020-01-15,,110240,67912,2
1388004,2019-12-25,2020-01-15,,110340,927489,2
1388005,2019-12-25,2020-01-15,,110371,42591,2
1388006,2019-12-25,2020-01-15,,110371,200861,2
1388007,2019-12-25,2020-01-15,,110534,121792,2
1388008,2019-12-25,2020-01-15,,110534,445437,2
1388009,2019-12-25,2020-01-15,,110534,727032,2
1388010,2019-12-25,2020-01-15,,110666,114916,2
1388011,2019-12-25,2020-01-15,,110790,604952,2
1388012,2019-12-25,2020-01-15,,110818,902708,2
1388013,2019-12-25,2020-01-15,,110847,437943,2
1388014,2019-12-25,2020-01-15,,110941,453854,2
1388015,2019-12-25,2020-01-15,,110990,287363,2
1388016,2019-12-25,2020-01-15,,110993,136877,2
1388017,2019-12-25,2020-01-15,,110993,882866,2
1388018,2019-12-25,2020-01-15,,111037,34066,2
1388019,2019-12-25,2020-01-15,,111044,182836,2
1388020,2019-12-25,2020-01-15,,111057,941715,2
1388021,2019-12-25,2020-01-15,,111070,289064,2
1388022,2019-12-25,2020-01-15,,111070,492479,2
1388023,2019-12-25,2020-01-15,,111215,774592,2
1388024,2019-12-25,2020-01-15,,111495,908505,2
1388025,2019-12-25,2020-01-15,,111988,742003,2
1388026,2019-12-25,2020-01-15,,112111,170819,2
1388027,2019-12-25,2020-01-15,,112413,139923,2
1388028,2019-12-25,2020-01-15,,112453,864684,2
1388029,2019-12-25,2020-01-15,,112464,345169,2
1388030,2019-12-25,2020-01-15,,112465,374399,2
1388031,2019-12-25,2020-01-15,,112493,764607,2
1388032,2019-12-25,2020-01-15,,112498,151197,2
1388033,2019-12-25,2020-01-15,,112615,22703,2
1388034,2019-12-25,2020-01-15,,112751,165089,2
1388035,2019-12-25,2020-01-15,,112803,109890,2
1388036,2019-12-25,2020-01-15,,112826,238604,2
1388037,2019-12-25,2020-01-15,,112909,699046,2
1388038,2019-12-25,2020-01-15,,113010,320013,2
1388039,2019-12-25,2020-01-15,,113159,290551,2
1388040,2019-12-25,2020-01-15,,113356,41058,2
1388041,2019-12-25,2020-01-15,,113356,49497,2
1388042,2019-12-25,2020-01-15,,113356,55387,2
1388043,2019-12-25,2020-01-15,,113356,926845,2
1388044,2019-12-25,2020-01-15,,113520,823197,2
1388045,2019-12-25,2020-01-15,,113538,209181,2
1388046,2019-12-25,2020-01-15,,113748,57737,2
1388047,2019-12-25,2020-01-15,,113797,775146,2
1388048,2019-12-25,2020-01-15,,113802,937896,2
1388049,2019-12-25,2020-01-15,,114026,749849,2
1388050,2019-12-25,2020-01-15,,114242,929014,2
1388051,2019-12-25,2020-01-15,,114282,649871,2
1388052,2019-12-25,2020-01-15,,114417,467629,2
1388053,2019-12-25,2020-01-15,,114501,422723,2
1388054,2019-12-25,2020-01-15,,114689,438448,2
1388055,2019-12-25,2020-01-15,,114810,89103,2
1388056,2019-12-25,2020-01-15,,114978,104241,2
1388057,2019-12-25,2020-01-15,,115076,868697,2
1388058,2019-12-25,2020-01-15,,115106,419652,2
1388059,2019-12-25,2020-01-15,,115251,835843,2
1388060,2019-12-25,2020-01-15,,115279,227039,2
1388061,2019-12-25,2020-01-15,,115433,864433,2
1388062,2019-12-25,2020-01-15,,115453,78956,2
1388063,2019-12-25,2020-01-15,,115481,508428,2
1388064,2019-12-25,2020-01-15,,115539,779737,2
1388065,2019-12-25,2020-01-15,,115617,21313,2
1388066,2019-12-25,2020-01-15,,115707,600524,2
1388067,2019-12-25,2020-01-15,,115819,617775,2
1388068,2019-12-25,2020-01-15,,115841,273412,2
1388069,2019-12-25,2020-01-15,,115959,148012,2
1388070,2019-12-25,2020-01-15,,115987,440348,2
1388071,2019-12-25,2020-01-15,,116077,547137,2
1388072,2019-12-25,2020-01-15,,116375,115946,2
1388073,2019-12-25,2020-01-15,,116375,288640,2
1388074,2019-12-25,2020-01-15,,116391,485392,2
1388075,2019-12-25,2020-01-15,,116446,290106,2
1388076,2019-12-25,2020-01-15,,116461,571363,2
1388077,2019-12-25,2020-01-15,,116525,879882,2
1388078,2019-12-25,2020-01-15,,116537,73215,2
1388079,2019-12-25,2020-01-15,,116537,891480,2
1388080,2019-12-25,2020-01-15,,116868,777725,2
1388081,2019-12-25,2020-01-15,,116977,453954,2
1388082,2019-12-25,2020-01-15,,117288,681308,2
1388083,2019-12-25,2020-01-15,,117639,765328,2
1388084,2019-12-25,2020-01-15,,117675,79855,2
1388085,2019-12-25,2020-01-15,,117678,402568,2
1388086,2019-12-25,2020-01-15,,117732,281534,2
1388087,2019-12-25,2020-01-15,,117787,261624,2
1388088,2019-12-25,2020-01-15,,117923,438417,2
1388089,2019-12-25,2020-01-15,,117923,546308,2
1388090,2019-12-25,2020-01-15,,117923,941647,2
1388091,2019-12-25,2020-01-15,,118241,466022,2
1388092,2019-12-25,2020-01-15,,118308,52302,2
1388093,2019-12-25,2020-01-15,,118317,343956,2
1388094,2019-12-25,2020-01-15,,118317,460280,2
1388095,2019-12-25,2020-01-15,,118317,606484,2
1388096,2019-12-25,2020-01-15,,118437,681108,2
1388097,2019-12-25,2020-01-15,,118461,780021,2
1388098,2019-12-25,2020-01-15,,118916,68479,2
1388099,2019-12-25,2020-01-15,,118969,912244,2
1388100,2019-12-25,2020-01-15,,119194,9834,2
1388101,2019-12-25,2020-01-15,,119194,23014,2
1388102,2019-12-25,2020-01-15,,119194,41074,2
1388103,2019-12-25,2020-01-15,,119194,81816,2
1388104,2019-12-25,2020-01-15,,119194,360240,2
1388105,2019-12-25,2020-01-15,,119194,476056,2
1388106,2019-12-25,2020-01-15,,119194,516173,2
1388107,2019-12-25,2020-01-15,,119194,550956,2
1388108,2019-12-25,2020-01-15,,119194,692037,2
1388109,2019-12-25,2020-01-15,,119194,770822,2
1388110,2019-12-25,2020-01-15,,119194,903409,2
1388111,2019-12-25,2020-01-15,,119226,31699,2
1388112,2019-12-25,2020-01-15,,119366,256769,2
1388113,2019-12-25,2020-01-15,,119430,335334,2
1388114,2019-12-25,2020-01-15,,119433,201411,2
1388115,2019-12-25,2020-01-15,,119537,384324,2
1388116,2019-12-25,2020-01-15,,119554,869405,2
1388117,2019-12-25,2020-01-15,,119823,636842,2
1388118,2019-12-25,2020-01-15,,119973,92360,2
1388119,2019-12-25,2020-01-15,,120008,527205,2
1388120,2019-12-25,2020-01-15,,120303,859183,2
1388121,2019-12-25,2020-01-15,,120351,453955,2
1388122,2019-12-25,2020-01-15,,120469,491475,2
1388123,2019-12-25,2020-01-15,,120496,815671,2
1388124,2019-12-25,2020-01-15,,120514,430502,2
1388125,2019-12-25,2020-01-15,,120631,286783,2
1388126,2019-12-25,2020-01-15,,120631,828930,2
1388127,2019-12-25,2020-01-15,,120804,107673,2
1388128,2019-12-25,2020-01-15,,120858,426785,2
1388129,2019-12-25,2020-01-15,,120881,395643,2
1388130,2019-12-25,2020-01-15,,120982,273658,2
1388131,2019-12-25,2020-01-15,,121054,896563,2
1388132,2019-12-25,2020-01-15,,121240,878413,2
1388133,2019-12-25,2020-01-15,,121339,575051,2
1388134,2019-12-25,2020-01-15,,121459,688117,2
1388135,2019-12-25,2020-01-15,,121493,911854,2
1388136,2019-12-25,2020-01-15,,121865,376865,2
1388137,2019-12-25,2020-01-15,,121890,93922,2
1388138,2019-12-25,2020-01-15,,121911,310423,2
1388139,2019-12-25,2020-01-15,,121953,499165,2
1388140,2019-12-25,2020-01-15,,121970,879776,2
1388141,2019-12-25,2020-01-15,,122004,807899,2
1388142,2019-12-25,2020-01-15,,122140,620718,2
1388143,2019-12-25,2020-01-15,,122314,533861,2
1388144,2019-12-25,2020-01-15,,122362,727340,2
1388145,2019-12-25,2020-01-15,,122426,722970,2
1388146,2019-12-25,2020-01-15,,122473,282594,2
1388147,2019-12-25,2020-01-15,,122479,198860,2
1388148,2019-12-25,2020-01-15,,122531,649973,2
1388149,2019-12-25,2020-01-15,,122543,333561,2
1388150,2019-12-25,2020-01-15,,122559,326,2
1388151,2019-12-25,2020-01-15,,122705,228724,2
1388152,2019-12-25,2020-01-15,,122897,776395,2
1388153,2019-12-25,2020-01-15,,123039,624833,2
1388154,2019-12-25,2020-01-15,,123083,38788,2
1388155,2019-12-25,2020-01-15,,123083,209547,2
1388156,2019-12-25,2020-01-15,,123083,444338,2
1388157,2019-12-25,2020-01-15,,123083,796865,2
1388158,2019-12-25,2020-01-15,,123220,14510,2
1388159,2019-12-25,2020-01-15,,123359,352491,2
1388160,2019-12-25,2020-01-15,,123472,652448,2
1388161,2019-12-25,2020-01-15,,123475,764276,2
1388162,2019-12-25,2020-01-15,,123566,86276,2
1388163,2019-12-25,2020-01-15,,123607,546360,2
1388164,2019-12-25,2020-01-15,,123610,699897,2
1388165,2019-12-25,2020-01-15,,123677,37982,2
1388166,2019-12-25,2020-01-15,,123819,769797,2
1388167,2019-12-25,2020-01-15,,123823,601979,2
1388168,2019-12-25,2020-01-15,,123834,254630,2
1388169,2019-12-25,2020-01-15,,123974,932579,2
1388170,2019-12-25,2020-01-15,,124347,398900,2
1388171,2019-12-25,2020-01-15,,124372,621893,2
1388172,2019-12-25,2020-01-15,,124536,658516,2
1388173,2019-12-25,2020-01-15,,124557,840822,2
1388174,2019-12-25,2020-01-15,,124808,895889,2
1388175,2019-12-25,2020-01-15,,124917,943196,2
1388176,2019-12-25,2020-01-15,,124959,187721,2
1388177,2019-12-25,2020-01-15,,125439,116973,2
1388178,2019-12-25,2020-01-15,,125739,683095,2
1388179,2019-12-25,2020-01-15,,126104,244696,2
1388180,2019-12-25,2020-01-15,,126109,87961,2
1388181,2019-12-25,2020-01-15,,126188,736816,2
1388182,2019-12-25,2020-01-15,,126210,111194,2
1388183,2019-12-25,2020-01-15,,126411,786570,2
1388184,2019-12-25,2020-01-15,,126489,191467,2
1388185,2019-12-25,2020-01-15,,126623,420581,2
1388186,2019-12-25,2020-01-15,,126723,532007,2
1388187,2019-12-25,2020-01-15,,126753,784457,2
1388188,2019-12-25,2020-01-15,,126879,114723,2
1388189,2019-12-25,2020-01-15,,126991,278420,2
1388190,2019-12-25,2020-01-15,,126991,698962,2
1388191,2019-12-25,2020-01-15,,127155,632915,2
1388192,2019-12-25,2020-01-15,,127300,82036,2
1388193,2019-12-25,2020-01-15,,127344,832378,2
1388194,2019-12-25,2020-01-15,,127356,946403,2
1388195,2019-12-25,2020-01-15,,127363,33825,2
1388196,2019-12-25,2020-01-15,,127363,553504,2
1388197,2019-12-25,2020-01-15,,127647,916832,2
1388198,2019-12-25,2020-01-15,,127685,167305,2
1388199,2019-12-25,2020-01-15,,127685,546938,2
1388200,2019-12-25,2020-01-15,,127685,766762,2
1388201,2019-12-25,2020-01-15,,127697,201278,2
1388202,2019-12-25,2020-01-15,,127706,58259,2
1388203,2019-12-25,2020-01-15,,127847,767938,2
1388204,2019-12-25,2020-01-15,,127884,212416,2
1388205,2019-12-25,2020-01-15,,128003,456430,2
1388206,2019-12-25,2020-01-15,,128080,712882,2
1388207,2019-12-25,2020-01-15,,128179,694664,2
1388208,2019-12-25,2020-01-15,,128184,115766,2
1388209,2019-12-25,2020-01-15,,128317,334073,2
1388210,2019-12-25,2020-01-15,,128509,680980,2
1388211,2019-12-25,2020-01-15,,128582,826696,2
1388212,2019-12-25,2020-01-15,,128582,907321,2
1388213,2019-12-25,2020-01-15,,128602,426427,2
1388214,2019-12-25,2020-01-15,,128685,50559,2
1388215,2019-12-25,2020-01-15,,128685,334963,2
1388216,2019-12-25,2020-01-15,,128685,661125,2
1388217,2019-12-25,2020-01-15,,128685,688375,2
1388218,2019-12-25,2020-01-15,,128805,191116,2
1388219,2019-12-25,2020-01-15,,128854,199076,2
1388220,2019-12-25,2020-01-15,,128885,621801,2
1388221,2019-12-25,2020-01-15,,129120,845063,2
1388222,2019-12-25,2020-01-15,,129222,817108,2
1388223,2019-12-25,2020-01-15,,129232,426093,2
1388224,2019-12-25,2020-01-15,,129376,640650,2
1388225,2019-12-25,2020-01-15,,129383,698735,2
1388226,2019-12-25,2020-01-15,,129387,219099,2
1388227,2019-12-25,2020-01-15,,129483,23361,2
1388228,2019-12-25,2020-01-15,,129483,259110,2
1388229,2019-12-25,2020-01-15,,129483,780065,2
1388230,2019-12-25,2020-01-15,,129483,847640,2
1388231,2019-12-25,2020-01-15,,129507,245177,2
1388232,2019-12-25,2020-01-15,,129534,947205,2
1388233,2019-12-25,2020-01-15,,129663,121960,2
1388234,2019-12-25,2020-01-15,,129663,725601,2
1388235,2019-12-25,2020-01-15,,129663,851812,2
1388236,2019-12-25,2020-01-15,,129896,349051,2
1388237,2019-12-25,2020-01-15,,130076,333412,2
1388238,2019-12-25,2020-01-15,,130125,66664,2
1388239,2019-12-25,2020-01-15,,130130,681722,2
1388240,2019-12-25,2020-01-15,,130172,49526,2
1388241,2019-12-25,2020-01-15,,130172,232699,2
1388242,2019-12-25,2020-01-15,,130202,629615,2
1388243,2019-12-25,2020-01-15,,130425,579357,2
1388244,2019-12-25,2020-01-15,,130439,816667,2
1388245,2019-12-25,2020-01-15,,130494,549837,2
1388246,2019-12-25,2020-01-15,,130547,762478,2
1388247,2019-12-25,2020-01-15,,130721,877114,2
1388248,2019-12-25,2020-01-15,,130799,305510,2
1388249,2019-12-25,2020-01-15,,130878,878309,2
1388250,2019-12-25,2020-01-15,,130974,204956,2
1388251,2019-12-25,2020-01-15,,131131,176197,2
1388252,2019-12-25,2020-01-15,,131190,14302,2
1388253,2019-12-25,2020-01-15,,131369,850628,2
1388254,2019-12-25,2020-01-15,,131810,348687,2
1388255,2019-12-25,2020-01-15,,131919,140206,2
1388256,2019-12-25,2020-01-15,,131940,104242,2
1388257,2019-12-25,2020-01-15,,132114,759827,2
1388258,2019-12-25,2020-01-15,,132309,377161,2
1388259,2019-12-25,2020-01-15,,132447,536692,2
1388260,2019-12-25,2020-01-15,,132447,601356,2
1388261,2019-12-25,2020-01-15,,132501,369548,2
1388262,2019-12-25,2020-01-15,,132664,759649,2
1388263,2019-12-25,2020-01-15,,132665,503614,2
1388264,2019-12-25,2020-01-15,,132769,834362,2
1388265,2019-12-25,2020-01-15,,132769,842805,2
1388266,2019-12-25,2020-01-15,,133162,863335,2
1388267,2019-12-25,2020-01-15,,133511,36803,2
1388268,2019-12-25,2020-01-15,,133613,107882,2
1388269,2019-12-25,2020-01-15,,133681,13353,2
1388270,2019-12-25,2020-01-15,,133997,360419,2
1388271,2019-12-25,2020-01-15,,134120,422370,2
1388272,2019-12-25,2020-01-15,,134153,828230,2
1388273,2019-12-25,2020-01-15,,134199,759720,2
1388274,2019-12-25,2020-01-15,,134332,57244,2
1388275,2019-12-25,2020-01-15,,134367,150389,2
1388276,2019-12-25,2020-01-15,,134367,237406,2
1388277,2019-12-25,2020-01-15,,134367,398190,2
1388278,2019-12-25,2020-01-15,,134367,795499,2
1388279,2019-12-25,2020-01-15,,134375,283161,2
1388280,2019-12-25,2020-01-15,,134446,289578,2
1388281,2019-12-25,2020-01-15,,134460,590272,2
1388282,2019-12-25,2020-01-15,,134495,151030,2
1388283,2019-12-25,2020-01-15,,134534,533952,2
1388284,2019-12-25,2020-01-15,,134576,910890,2
1388285,2019-12-25,2020-01-15,,134577,586195,2
1388286,2019-12-25,2020-01-15,,134589,492092,2
1388287,2019-12-25,2020-01-15,,134593,222065,2
1388288,2019-12-25,2020-01-15,,134828,771861,2
1388289,2019-12-25,2020-01-15,,134922,632679,2
1388290,2019-12-25,2020-01-15,,135144,362434,2
1388291,2019-12-25,2020-01-15,,135453,826480,2
1388292,2019-12-25,2020-01-15,,135523,199207,2
1388293,2019-12-25,2020-01-15,,135588,501796,2
1388294,2019-12-25,2020-01-15,,135722,795569,2
1388295,2019-12-25,2020-01-15,,135872,391842,2
1388296,2019-12-25,2020-01-15,,135937,621760,2
1388297,2019-12-25,2020-01-15,,135984,520135,2
1388298,2019-12-25,2020-01-15,,135987,850485,2
1388299,2019-12-25,2020-01-15,,136095,47066,2
1388300,2019-12-25,2020-01-15,,136138,380721,2
1388301,2019-12-25,2020-01-15,,136155,665389,2
1388302,2019-12-25,2020-01-15,,136221,595041,2
1388303,2019-12-25,2020-01-15,,136239,599388,2
1388304,2019-12-25,2020-01-15,,136252,83068,2
1388305,2019-12-25,2020-01-15,,136280,340493,2
1388306,2019-12-25,2020-01-15,,136302,545776,2
1388307,2019-12-25,2020-01-15,,136328,434319,2
1388308,2019-12-25,2020-01-15,,136353,417324,2
1388309,2019-12-25,2020-01-15,,136444,149753,2
1388310,2019-12-25,2020-01-15,,136624,882988,2
1388311,2019-12-25,2020-01-15,,136626,954934,2
1388312,2019-12-25,2020-01-15,,136995,504607,2
1388313,2019-12-25,2020-01-15,,137338,857966,2
1388314,2019-12-25,2020-01-15,,137564,661898,2
1388315,2019-12-25,2020-01-15,,137592,158522,2
1388316,2019-12-25,2020-01-15,,137609,467196,2
1388317,2019-12-25,2020-01-15,,137870,198044,2
1388318,2019-12-25,2020-01-15,,138117,568602,2
1388319,2019-12-25,2020-01-15,,138195,414710,2
1388320,2019-12-25,2020-01-15,,138587,178262,2
1388321,2019-12-25,2020-01-15,,138587,186444,2
1388322,2019-12-25,2020-01-15,,138587,298183,2
1388323,2019-12-25,2020-01-15,,138587,305780,2
1388324,2019-12-25,2020-01-15,,138587,333339,2
1388325,2019-12-25,2020-01-15,,138587,343511,2
1388326,2019-12-25,2020-01-15,,138587,417896,2
1388327,2019-12-25,2020-01-15,,138587,461997,2
1388328,2019-12-25,2020-01-15,,138587,559643,2
1388329,2019-12-25,2020-01-15,,138587,651128,2
1388330,2019-12-25,2020-01-15,,138587,832786,2
1388331,2019-12-25,2020-01-15,,138587,899099,2
1388332,2019-12-25,2020-01-15,,138595,46837,2
1388333,2019-12-25,2020-01-15,,138608,442904,2
1388334,2019-12-25,2020-01-15,,138646,323210,2
1388335,2019-12-25,2020-01-15,,138795,35667,2
1388336,2019-12-25,2020-01-15,,138843,950634,2
1388337,2019-12-25,2020-01-15,,139290,924544,2
1388338,2019-12-25,2020-01-15,,139647,229134,2
1388339,2019-12-25,2020-01-15,,139770,104506,2
1388340,2019-12-25,2020-01-15,,139770,845064,2
1388341,2019-12-25,2020-01-15,,139811,785172,2
1388342,2019-12-25,2020-01-15,,139981,487796,2
1388343,2019-12-25,2020-01-15,,140085,568298,2
1388344,2019-12-25,2020-01-15,,140146,219357,2
1388345,2019-12-25,2020-01-15,,140150,137559,2
1388346,2019-12-25,2020-01-15,,140361,497385,2
1388347,2019-12-25,2020-01-15,,140367,358404,2
1388348,2019-12-25,2020-01-15,,140437,485330,2
1388349,2019-12-25,2020-01-15,,140583,832953,2
1388350,2019-12-25,2020-01-15,,140695,734737,2
1388351,2019-12-25,2020-01-15,,140712,658202,2
1388352,2019-12-25,2020-01-15,,140922,663764,2
1388353,2019-12-25,2020-01-15,,140973,99359,2
1388354,2019-12-25,2020-01-15,,141208,283292,2
1388355,2019-12-25,2020-01-15,,141268,68764,2
1388356,2019-12-25,2020-01-15,,141319,262098,2
1388357,2019-12-25,2020-01-15,,141538,91946,2
1388358,2019-12-25,2020-01-15,,141538,125007,2
1388359,2019-12-25,2020-01-15,,141538,171018,2
1388360,2019-12-25,2020-01-15,,141538,872562,2
1388361,2019-12-25,2020-01-15,,141538,927198,2
1388362,2019-12-25,2020-01-15,,141609,825893,2
1388363,2019-12-25,2020-01-15,,141729,575558,2
1388364,2019-12-25,2020-01-15,,141873,151099,2
1388365,2019-12-25,2020-01-15,,141964,111770,2
1388366,2019-12-25,2020-01-15,,142215,584436,2
1388367,2019-12-25,2020-01-15,,142233,197218,2
1388368,2019-12-25,2020-01-15,,142233,492553,2
1388369,2019-12-25,2020-01-15,,142299,690904,2
1388370,2019-12-25,2020-01-15,,142502,613144,2
1388371,2019-12-25,2020-01-15,,142506,705686,2
1388372,2019-12-25,2020-01-15,,142552,98491,2
1388373,2019-12-25,2020-01-15,,142622,97784,2
1388374,2019-12-25,2020-01-15,,142630,322411,2
1388375,2019-12-25,2020-01-15,,143026,309928,2
1388376,2019-12-25,2020-01-15,,143026,515917,2
1388377,2019-12-25,2020-01-15,,143220,881500,2
1388378,2019-12-25,2020-01-15,,143338,495633,2
1388379,2019-12-25,2020-01-15,,143356,423624,2
1388380,2019-12-25,2020-01-15,,143363,307914,2
1388381,2019-12-25,2020-01-15,,143451,632449,2
1388382,2019-12-25,2020-01-15,,143466,658391,2
1388383,2019-12-25,2020-01-15,,143474,454915,2
1388384,2019-12-25,2020-01-15,,143484,527987,2
1388385,2019-12-25,2020-01-15,,143531,832854,2
1388386,2019-12-25,2020-01-15,,143593,262545,2
1388387,2019-12-25,2020-01-15,,143713,709679,2
1388388,2019-12-25,2020-01-15,,143713,813871,2
1388389,2019-12-25,2020-01-15,,143713,923276,2
1388390,2019-12-25,2020-01-15,,143713,927166,2
1388391,2019-12-25,2020-01-15,,143713,935048,2
1388392,2019-12-25,2020-01-15,,143888,123392,2
1388393,2019-12-25,2020-01-15,,144083,822161,2
1388394,2019-12-25,2020-01-15,,144140,374268,2
1388395,2019-12-25,2020-01-15,,144164,377984,2
1388396,2019-12-25,2020-01-15,,144212,44257,2
1388397,2019-12-25,2020-01-15,,144336,743756,2
1388398,2019-12-25,2020-01-15,,144513,357477,2
1388399,2019-12-25,2020-01-15,,144881,469022,2
1388400,2019-12-25,2020-01-15,,144887,792115,2
1388401,2019-12-25,2020-01-15,,145032,288212,2
1388402,2019-12-25,2020-01-15,,145046,869530,2
1388403,2019-12-25,2020-01-15,,145136,571572,2
1388404,2019-12-25,2020-01-15,,145191,836864,2
1388405,2019-12-25,2020-01-15,,145274,562816,2
1388406,2019-12-25,2020-01-15,,145429,20017,2
1388407,2019-12-25,2020-01-15,,145631,656051,2
1388408,2019-12-25,2020-01-15,,145634,176441,2
1388409,2019-12-25,2020-01-15,,145715,226257,2
1388410,2019-12-25,2020-01-15,,145776,849525,2
1388411,2019-12-25,2020-01-15,,146222,91474,2
1388412,2019-12-25,2020-01-15,,146245,46569,2
1388413,2019-12-25,2020-01-15,,146252,681221,2
1388414,2019-12-25,2020-01-15,,146285,382730,2
1388415,2019-12-25,2020-01-15,,146515,506417,2
1388416,2019-12-25,2020-01-15,,146602,698736,2
1388417,2019-12-25,2020-01-15,,146663,707853,2
1388418,2019-12-25,2020-01-15,,146848,195139,2
1388419,2019-12-25,2020-01-15,,147032,915900,2
1388420,2019-12-25,2020-01-15,,147130,301337,2
1388421,2019-12-25,2020-01-15,,147180,345836,2
1388422,2019-12-25,2020-01-15,,147452,448894,2
1388423,2019-12-25,2020-01-15,,147489,96071,2
1388424,2019-12-25,2020-01-15,,147489,654630,2
1388425,2019-12-25,2020-01-15,,147489,744667,2
1388426,2019-12-25,2020-01-15,,147659,427478,2
1388427,2019-12-25,2020-01-15,,147688,64870,2
1388428,2019-12-25,2020-01-15,,147688,72266,2
1388429,2019-12-25,2020-01-15,,147841,60607,2
1388430,2019-12-25,2020-01-15,,148097,862549,2
1388431,2019-12-25,2020-01-15,,148171,684940,2
1388432,2019-12-25,2020-01-15,,148172,89459,2
1388433,2019-12-25,2020-01-15,,148189,726247,2
1388434,2019-12-25,2020-01-15,,148354,474639,2
1388435,2019-12-25,2020-01-15,,148395,398764,2
1388436,2019-12-25,2020-01-15,,148401,613931,2
1388437,2019-12-25,2020-01-15,,148506,522161,2
1388438,2019-12-25,2020-01-15,,148608,101323,2
1388439,2019-12-25,2020-01-15,,148608,434573,2
1388440,2019-12-25,2020-01-15,,148608,660669,2
1388441,2019-12-25,2020-01-15,,148608,802743,2
1388442,2019-12-25,2020-01-15,,148628,577835,2
1388443,2019-12-25,2020-01-15,,148709,732565,2
1388444,2019-12-25,2020-01-15,,148759,649092,2
1388445,2019-12-25,2020-01-15,,148914,366444,2
1388446,2019-12-25,2020-01-15,,148935,429238,2
1388447,2019-12-25,2020-01-15,,149124,609976,2
1388448,2019-12-25,2020-01-15,,149353,71475,2
1388449,2019-12-25,2020-01-15,,149568,261553,2
1388450,2019-12-25,2020-01-15,,149602,154991,2
1388451,2019-12-25,2020-01-15,,149602,220844,2
1388452,2019-12-25,2020-01-15,,149602,350363,2
1388453,2019-12-25,2020-01-15,,149602,949634,2
1388454,2019-12-25,2020-01-15,,149647,863380,2
1388455,2019-12-25,2020-01-15,,149848,131754,2
1388456,2019-12-25,2020-01-15,,149900,374893,2
1388457,2019-12-25,2020-01-15,,150025,635657,2
1388458,2019-12-25,2020-01-15,,150028,938624,2
1388459,2019-12-25,2020-01-15,,150212,692584,2
1388460,2019-12-25,2020-01-15,,150245,362959,2
1388461,2019-12-25,2020-01-15,,150245,505909,2
1388462,2019-12-25,2020-01-15,,150245,892652,2
1388463,2019-12-25,2020-01-15,,150266,320917,2
1388464,2019-12-25,2020-01-15,,150266,709232,2
1388465,2019-12-25,2020-01-15,,150618,114625,2
1388466,2019-12-25,2020-01-15,,150683,759344,2
1388467,2019-12-25,2020-01-15,,150745,343596,2
1388468,2019-12-25,2020-01-15,,150978,757837,2
1388469,2019-12-25,2020-01-15,,150979,303751,2
1388470,2019-12-25,2020-01-15,,150998,460268,2
1388471,2019-12-25,2020-01-15,,150998,671420,2
1388472,2019-12-25,2020-01-15,,151019,597709,2
1388473,2019-12-25,2020-01-15,,151190,818351,2
1388474,2019-12-25,2020-01-15,,151331,229384,2
1388475,2019-12-25,2020-01-15,,151384,20778,2
1388476,2019-12-25,2020-01-15,,151526,541375,2
1388477,2019-12-25,2020-01-15,,151741,688701,2
1388478,2019-12-25,2020-01-15,,152082,692248,2
1388479,2019-12-25,2020-01-15,,152211,115367,2
1388480,2019-12-25,2020-01-15,,152234,305316,2
1388481,2019-12-25,2020-01-15,,152527,340086,2
1388482,2019-12-25,2020-01-15,,152535,73216,2
1388483,2019-12-25,2020-01-15,,152535,171010,2
1388484,2019-12-25,2020-01-15,,152535,222063,2
1388485,2019-12-25,2020-01-15,,152535,258704,2
1388486,2019-12-25,2020-01-15,,152535,326225,2
1388487,2019-12-25,2020-01-15,,152535,394075,2
1388488,2019-12-25,2020-01-15,,152535,515766,2
1388489,2019-12-25,2020-01-15,,152535,883794,2
1388490,2019-12-25,2020-01-15,,152535,921587,2
1388491,2019-12-25,2020-01-15,,152597,429440,2
1388492,2019-12-25,2020-01-15,,152737,526431,2
1388493,2019-12-25,2020-01-15,,152921,86528,2
1388494,2019-12-25,2020-01-15,,152921,415089,2
1388495,2019-12-25,2020-01-15,,152921,849773,2
1388496,2019-12-25,2020-01-15,,152921,924478,2
1388497,2019-12-25,2020-01-15,,152951,803887,2
1388498,2019-12-25,2020-01-15,,152970,338994,2
1388499,2019-12-25,2020-01-15,,153147,517412,2
1388500,2019-12-25,2020-01-15,,153243,734627,2
1388501,2019-12-25,2020-01-15,,153283,13999,2
1388502,2019-12-25,2020-01-15,,153399,795080,2
1388503,2019-12-25,2020-01-15,,153416,331831,2
1388504,2019-12-25,2020-01-15,,153521,86146,2
1388505,2019-12-25,2020-01-15,,153572,479250,2
1388506,2019-12-25,2020-01-15,,153636,506813,2
1388507,2019-12-25,2020-01-15,,153636,711244,2
1388508,2019-12-25,2020-01-15,,153642,527581,2
1388509,2019-12-25,2020-01-15,,153758,599269,2
1388510,2019-12-25,2020-01-15,,153819,253561,2
1388511,2019-12-25,2020-01-15,,154090,339931,2
1388512,2019-12-25,2020-01-15,,154237,426442,2
1388513,2019-12-25,2020-01-15,,154290,381202,2
1388514,2019-12-25,2020-01-15,,154307,267683,2
1388515,2019-12-25,2020-01-15,,154334,360166,2
1388516,2019-12-25,2020-01-15,,154355,54348,2
1388517,2019-12-25,2020-01-15,,154389,748653,2
1388518,2019-12-25,2020-01-15,,154483,309591,2
1388519,2019-12-25,2020-01-15,,154622,380127,2
1388520,2019-12-25,2020-01-15,,155046,671634,2
1388521,2019-12-25,2020-01-15,,155068,307186,2
1388522,2019-12-25,2020-01-15,,155240,955311,2
1388523,2019-12-25,2020-01-15,,155358,778391,2
1388524,2019-12-25,2020-01-15,,155454,617523,2
1388525,2019-12-25,2020-01-15,,155486,156524,2
1388526,2019-12-25,2020-01-15,,155486,664556,2
1388527,2019-12-25,2020-01-15,,155495,795949,2
1388528,2019-12-25,2020-01-15,,155614,306457,2
1388529,2019-12-25,2020-01-15,,155709,515459,2
1388530,2019-12-25,2020-01-15,,155759,139699,2
1388531,2019-12-25,2020-01-15,,155760,622103,2
1388532,2019-12-25,2020-01-15,,155891,100144,2
1388533,2019-12-25,2020-01-15,,155958,180019,2
1388534,2019-12-25,2020-01-15,,155985,380889,2
1388535,2019-12-25,2020-01-15,,155985,383800,2
1388536,2019-12-25,2020-01-15,,155985,642583,2
1388537,2019-12-25,2020-01-15,,155999,567929,2
1388538,2019-12-25,2020-01-15,,156056,71344,2
1388539,2019-12-25,2020-01-15,,156251,13161,2
1388540,2019-12-25,2020-01-15,,156251,220288,2
1388541,2019-12-25,2020-01-15,,156251,448831,2
1388542,2019-12-25,2020-01-15,,156405,106810,2
1388543,2019-12-25,2020-01-15,,156453,615163,2
1388544,2019-12-25,2020-01-15,,156456,497257,2
1388545,2019-12-25,2020-01-15,,156457,124302,2
1388546,2019-12-25,2020-01-15,,156478,80727,2
1388547,2019-12-25,2020-01-15,,156519,372412,2
1388548,2019-12-25,2020-01-15,,156679,677170,2
1388549,2019-12-25,2020-01-15,,156851,638327,2
1388550,2019-12-25,2020-01-15,,157112,76590,2
1388551,2019-12-25,2020-01-15,,157266,375533,2
1388552,2019-12-25,2020-01-15,,157507,434290,2
1388553,2019-12-25,2020-01-15,,157581,561943,2
1388554,2019-12-25,2020-01-15,,157729,277490,2
1388555,2019-12-25,2020-01-15,,157741,734493,2
1388556,2019-12-25,2020-01-15,,157758,613559,2
1388557,2019-12-25,2020-01-15,,157942,435485,2
1388558,2019-12-25,2020-01-15,,158058,678046,2
1388559,2019-12-25,2020-01-15,,158270,669639,2
1388560,2019-12-25,2020-01-15,,158315,626236,2
1388561,2019-12-25,2020-01-15,,158449,678770,2
1388562,2019-12-25,2020-01-15,,158645,122036,2
1388563,2019-12-25,2020-01-15,,158666,153635,2
1388564,2019-12-25,2020-01-15,,158666,446349,2
1388565,2019-12-25,2020-01-15,,158666,670942,2
1388566,2019-12-25,2020-01-15,,158669,14931,2
1388567,2019-12-25,2020-01-15,,158686,156568,2
1388568,2019-12-25,2020-01-15,,158723,105384,2
1388569,2019-12-25,2020-01-15,,158775,665392,2
1388570,2019-12-25,2020-01-15,,158811,780283,2
1388571,2019-12-25,2020-01-15,,159168,516169,2
1388572,2019-12-25,2020-01-15,,159294,334507,2
1388573,2019-12-25,2020-01-15,,159303,590791,2
1388574,2019-12-25,2020-01-15,,159466,375619,2
1388575,2019-12-25,2020-01-15,,159472,732074,2
1388576,2019-12-25,2020-01-15,,159511,92599,2
1388577,2019-12-26,2020-01-16,,16,599999,2
1388578,2019-12-26,2020-01-16,,43,484074,2
1388579,2019-12-26,2020-01-16,,156,124182,2
1388580,2019-12-26,2020-01-16,,156,306017,2
1388581,2019-12-26,2020-01-16,,240,625813,2
1388582,2019-12-26,2020-01-16,,280,354295,2
1388583,2019-12-26,2020-01-16,,430,132802,2
1388584,2019-12-26,2020-01-16,,512,955548,2
1388585,2019-12-26,2020-01-16,,523,134855,2
1388586,2019-12-26,2020-01-16,,724,176757,2
1388587,2019-12-26,2020-01-16,,739,121650,2
1388588,2019-12-26,2020-01-16,,769,287932,2
1388589,2019-12-26,2020-01-16,,769,443681,2
1388590,2019-12-26,2020-01-16,,967,647913,2
1388591,2019-12-26,2020-01-16,,1070,380392,2
1388592,2019-12-26,2020-01-16,,1081,267734,2
1388593,2019-12-26,2020-01-16,,1228,404509,2
1388594,2019-12-26,2020-01-16,,1253,313801,2
1388595,2019-12-26,2020-01-16,,1254,564292,2
1388596,2019-12-26,2020-01-16,,1358,180525,2
1388597,2019-12-26,2020-01-16,,1358,802675,2
1388598,2019-12-26,2020-01-16,,1445,875509,2
1388599,2019-12-26,2020-01-16,,1499,398009,2
1388600,2019-12-26,2020-01-16,,1509,406267,2
1388601,2019-12-26,2020-01-16,,1529,128242,2
1388602,2019-12-26,2020-01-16,,1550,605552,2
1388603,2019-12-26,2020-01-16,,1739,546926,2
1388604,2019-12-26,2020-01-16,,2022,14936,2
1388605,2019-12-26,2020-01-16,,2022,22314,2
1388606,2019-12-26,2020-01-16,,2022,169639,2
1388607,2019-12-26,2020-01-16,,2022,504307,2
1388608,2019-12-26,2020-01-16,,2022,671121,2
1388609,2019-12-26,2020-01-16,,2022,913399,2
1388610,2019-12-26,2020-01-16,,2022,952818,2
1388611,2019-12-26,2020-01-16,,2092,903019,2
1388612,2019-12-26,2020-01-16,,2237,21907,2
1388613,2019-12-26,2020-01-16,,2285,226734,2
1388614,2019-12-26,2020-01-16,,2299,204924,2
1388615,2019-12-26,2020-01-16,,2314,192487,2
1388616,2019-12-26,2020-01-16,,2546,687474,2
1388617,2019-12-26,2020-01-16,,2816,504007,2
1388618,2019-12-26,2020-01-16,,2858,154004,2
1388619,2019-12-26,2020-01-16,,2858,167336,2
1388620,2019-12-26,2020-01-16,,2915,405552,2
1388621,2019-12-26,2020-01-16,,2995,59798,2
1388622,2019-12-26,2020-01-16,,3358,808016,2
1388623,2019-12-26,2020-01-16,,3378,529200,2
1388624,2019-12-26,2020-01-16,,3420,65602,2
1388625,2019-12-26,2020-01-16,,3498,799083,2
1388626,2019-12-26,2020-01-16,,3535,130486,2
1388627,2019-12-26,2020-01-16,,3710,127292,2
1388628,2019-12-26,2020-01-16,,3819,111206,2
1388629,2019-12-26,2020-01-16,,3819,312401,2
1388630,2019-12-26,2020-01-16,,3819,647305,2
1388631,2019-12-26,2020-01-16,,3819,700951,2
1388632,2019-12-26,2020-01-16,,3819,736270,2
1388633,2019-12-26,2020-01-16,,3819,748934,2
1388634,2019-12-26,2020-01-16,,3821,119937,2
1388635,2019-12-26,2020-01-16,,3870,195978,2
1388636,2019-12-26,2020-01-16,,3877,929926,2
1388637,2019-12-26,2020-01-16,,3936,287828,2
1388638,2019-12-26,2020-01-16,,4121,348421,2
1388639,2019-12-26,2020-01-16,,4121,624058,2
1388640,2019-12-26,2020-01-16,,4148,586744,2
1388641,2019-12-26,2020-01-16,,4474,495414,2
1388642,2019-12-26,2020-01-16,,4517,172515,2
1388643,2019-12-26,2020-01-16,,4530,213338,2
1388644,2019-12-26,2020-01-16,,4660,896085,2
1388645,2019-12-26,2020-01-16,,4712,365176,2
1388646,2019-12-26,2020-01-16,,4744,89474,2
1388647,2019-12-26,2020-01-16,,4774,117954,2
1388648,2019-12-26,2020-01-16,,4796,380309,2
1388649,2019-12-26,2020-01-16,,5079,397599,2
1388650,2019-12-26,2020-01-16,,5237,52542,2
1388651,2019-12-26,2020-01-16,,5394,16995,2
1388652,2019-12-26,2020-01-16,,5442,682997,2
1388653,2019-12-26,2020-01-16,,5482,629396,2
1388654,2019-12-26,2020-01-16,,5617,949492,2
1388655,2019-12-26,2020-01-16,,5660,334788,2
1388656,2019-12-26,2020-01-16,,5665,660426,2
1388657,2019-12-26,2020-01-16,,5674,858101,2
1388658,2019-12-26,2020-01-16,,5713,827562,2
1388659,2019-12-26,2020-01-16,,5817,913921,2
1388660,2019-12-26,2020-01-16,,5870,90536,2
1388661,2019-12-26,2020-01-16,,5933,300984,2
1388662,2019-12-26,2020-01-16,,6006,342000,2
1388663,2019-12-26,2020-01-16,,6052,870019,2
1388664,2019-12-26,2020-01-16,,6255,466463,2
1388665,2019-12-26,2020-01-16,,6287,649521,2
1388666,2019-12-26,2020-01-16,,6415,267652,2
1388667,2019-12-26,2020-01-16,,6513,217992,2
1388668,2019-12-26,2020-01-16,,6517,151340,2
1388669,2019-12-26,2020-01-16,,6517,815575,2
1388670,2019-12-26,2020-01-16,,6582,543131,2
1388671,2019-12-26,2020-01-16,,6708,910624,2
1388672,2019-12-26,2020-01-16,,6818,513077,2
1388673,2019-12-26,2020-01-16,,6845,268966,2
1388674,2019-12-26,2020-01-16,,6951,251241,2
1388675,2019-12-26,2020-01-16,,7203,896056,2
1388676,2019-12-26,2020-01-16,,7216,926043,2
1388677,2019-12-26,2020-01-16,,7307,183522,2
1388678,2019-12-26,2020-01-16,,7543,100998,2
1388679,2019-12-26,2020-01-16,,7558,864229,2
1388680,2019-12-26,2020-01-16,,7611,810974,2
1388681,2019-12-26,2020-01-16,,7757,278716,2
1388682,2019-12-26,2020-01-16,,7805,642014,2
1388683,2019-12-26,2020-01-16,,8015,251242,2
1388684,2019-12-26,2020-01-16,,8163,157080,2
1388685,2019-12-26,2020-01-16,,8171,391254,2
1388686,2019-12-26,2020-01-16,,8206,436256,2
1388687,2019-12-26,2020-01-16,,8206,842171,2
1388688,2019-12-26,2020-01-16,,8229,665443,2
1388689,2019-12-26,2020-01-16,,8249,34761,2
1388690,2019-12-26,2020-01-16,,8249,391121,2
1388691,2019-12-26,2020-01-16,,8269,521698,2
1388692,2019-12-26,2020-01-16,,8284,58344,2
1388693,2019-12-26,2020-01-16,,8330,116578,2
1388694,2019-12-26,2020-01-16,,8491,542810,2
1388695,2019-12-26,2020-01-16,,8511,621694,2
1388696,2019-12-26,2020-01-16,,8610,609862,2
1388697,2019-12-26,2020-01-16,,8740,633998,2
1388698,2019-12-26,2020-01-16,,8958,222741,2
1388699,2019-12-26,2020-01-16,,9048,178553,2
1388700,2019-12-26,2020-01-16,,9104,698737,2
1388701,2019-12-26,2020-01-16,,9300,21075,2
1388702,2019-12-26,2020-01-16,,9332,229649,2
1388703,2019-12-26,2020-01-16,,9405,398595,2
1388704,2019-12-26,2020-01-16,,9604,507237,2
1388705,2019-12-26,2020-01-16,,10083,454846,2
1388706,2019-12-26,2020-01-16,,10086,424535,2
1388707,2019-12-26,2020-01-16,,10103,434216,2
1388708,2019-12-26,2020-01-16,,10121,821650,2
1388709,2019-12-26,2020-01-16,,10124,212807,2
1388710,2019-12-26,2020-01-16,,10145,309758,2
1388711,2019-12-26,2020-01-16,,10179,819156,2
1388712,2019-12-26,2020-01-16,,10202,142492,2
1388713,2019-12-26,2020-01-16,,10202,705505,2
1388714,2019-12-26,2020-01-16,,10211,360517,2
1388715,2019-12-26,2020-01-16,,10220,911,2
1388716,2019-12-26,2020-01-16,,10220,800840,2
1388717,2019-12-26,2020-01-16,,10399,534660,2
1388718,2019-12-26,2020-01-16,,10432,51027,2
1388719,2019-12-26,2020-01-16,,10703,835046,2
1388720,2019-12-26,2020-01-16,,10734,924282,2
1388721,2019-12-26,2020-01-16,,10740,117155,2
1388722,2019-12-26,2020-01-16,,10776,565438,2
1388723,2019-12-26,2020-01-16,,10829,650183,2
1388724,2019-12-26,2020-01-16,,11138,700133,2
1388725,2019-12-26,2020-01-16,,11237,493109,2
1388726,2019-12-26,2020-01-16,,11387,423472,2
1388727,2019-12-26,2020-01-16,,11404,527017,2
1388728,2019-12-26,2020-01-16,,11408,949662,2
1388729,2019-12-26,2020-01-16,,11584,106932,2
1388730,2019-12-26,2020-01-16,,11653,916293,2
1388731,2019-12-26,2020-01-16,,11658,564322,2
1388732,2019-12-26,2020-01-16,,11822,89846,2
1388733,2019-12-26,2020-01-16,,11854,750040,2
1388734,2019-12-26,2020-01-16,,12362,307309,2
1388735,2019-12-26,2020-01-16,,12459,391844,2
1388736,2019-12-26,2020-01-16,,12581,833287,2
1388737,2019-12-26,2020-01-16,,12713,629691,2
1388738,2019-12-26,2020-01-16,,12723,462130,2
1388739,2019-12-26,2020-01-16,,12813,443682,2
1388740,2019-12-26,2020-01-16,,12846,811679,2
1388741,2019-12-26,2020-01-16,,12921,814168,2
1388742,2019-12-26,2020-01-16,,12931,866031,2
1388743,2019-12-26,2020-01-16,,13004,584743,2
1388744,2019-12-26,2020-01-16,,13087,560734,2
1388745,2019-12-26,2020-01-16,,13102,796279,2
1388746,2019-12-26,2020-01-16,,13377,502301,2
1388747,2019-12-26,2020-01-16,,13384,492845,2
1388748,2019-12-26,2020-01-16,,13786,648372,2
1388749,2019-12-26,2020-01-16,,13839,339441,2
1388750,2019-12-26,2020-01-16,,13839,421982,2
1388751,2019-12-26,2020-01-16,,13839,484416,2
1388752,2019-12-26,2020-01-16,,13839,847345,2
1388753,2019-12-26,2020-01-16,,13839,891129,2
1388754,2019-12-26,2020-01-16,,13839,908129,2
1388755,2019-12-26,2020-01-16,,13839,931825,2
1388756,2019-12-26,2020-01-16,,13896,696503,2
1388757,2019-12-26,2020-01-16,,13977,485382,2
1388758,2019-12-26,2020-01-16,,14113,302393,2
1388759,2019-12-26,2020-01-16,,14132,265489,2
1388760,2019-12-26,2020-01-16,,14315,81748,2
1388761,2019-12-26,2020-01-16,,14766,437860,2
1388762,2019-12-26,2020-01-16,,14867,809086,2
1388763,2019-12-26,2020-01-16,,15039,741241,2
1388764,2019-12-26,2020-01-16,,15096,486574,2
1388765,2019-12-26,2020-01-16,,15096,775833,2
1388766,2019-12-26,2020-01-16,,15276,614725,2
1388767,2019-12-26,2020-01-16,,15309,164259,2
1388768,2019-12-26,2020-01-16,,15324,295035,2
1388769,2019-12-26,2020-01-16,,15324,566874,2
1388770,2019-12-26,2020-01-16,,15581,693968,2
1388771,2019-12-26,2020-01-16,,15852,278717,2
1388772,2019-12-26,2020-01-16,,15881,889475,2
1388773,2019-12-26,2020-01-16,,15977,343869,2
1388774,2019-12-26,2020-01-16,,16000,698738,2
1388775,2019-12-26,2020-01-16,,16011,864021,2
1388776,2019-12-26,2020-01-16,,16015,465130,2
1388777,2019-12-26,2020-01-16,,16172,90551,2
1388778,2019-12-26,2020-01-16,,16172,348524,2
1388779,2019-12-26,2020-01-16,,16172,547418,2
1388780,2019-12-26,2020-01-16,,16363,737842,2
1388781,2019-12-26,2020-01-16,,16405,115643,2
1388782,2019-12-26,2020-01-16,,16405,307090,2
1388783,2019-12-26,2020-01-16,,16424,646993,2
1388784,2019-12-26,2020-01-16,,16568,829340,2
1388785,2019-12-26,2020-01-16,,16603,199829,2
1388786,2019-12-26,2020-01-16,,16606,186228,2
1388787,2019-12-26,2020-01-16,,16635,144172,2
1388788,2019-12-26,2020-01-16,,16727,808382,2
1388789,2019-12-26,2020-01-16,,16744,213238,2
1388790,2019-12-26,2020-01-16,,16799,621594,2
1388791,2019-12-26,2020-01-16,,17023,680112,2
1388792,2019-12-26,2020-01-16,,17123,107982,2
1388793,2019-12-26,2020-01-16,,17277,452222,2
1388794,2019-12-26,2020-01-16,,17319,66693,2
1388795,2019-12-26,2020-01-16,,17328,104023,2
1388796,2019-12-26,2020-01-16,,17373,900430,2
1388797,2019-12-26,2020-01-16,,17619,421263,2
1388798,2019-12-26,2020-01-16,,17825,594515,2
1388799,2019-12-26,2020-01-16,,18095,625433,2
1388800,2019-12-26,2020-01-16,,18193,223820,2
1388801,2019-12-26,2020-01-16,,18371,47017,2
1388802,2019-12-26,2020-01-16,,18371,513884,2
1388803,2019-12-26,2020-01-16,,18371,741872,2
1388804,2019-12-26,2020-01-16,,18514,14502,2
1388805,2019-12-26,2020-01-16,,18601,617591,2
1388806,2019-12-26,2020-01-16,,18690,763289,2
1388807,2019-12-26,2020-01-16,,18726,748458,2
1388808,2019-12-26,2020-01-16,,18728,528310,2
1388809,2019-12-26,2020-01-16,,18766,570358,2
1388810,2019-12-26,2020-01-16,,19021,420336,2
1388811,2019-12-26,2020-01-16,,19249,109111,2
1388812,2019-12-26,2020-01-16,,19316,565995,2
1388813,2019-12-26,2020-01-16,,19375,271283,2
1388814,2019-12-26,2020-01-16,,19420,690868,2
1388815,2019-12-26,2020-01-16,,19420,694160,2
1388816,2019-12-26,2020-01-16,,19420,797288,2
1388817,2019-12-26,2020-01-16,,19420,816791,2
1388818,2019-12-26,2020-01-16,,19521,385415,2
1388819,2019-12-26,2020-01-16,,19521,413197,2
1388820,2019-12-26,2020-01-16,,19530,508670,2
1388821,2019-12-26,2020-01-16,,19537,850801,2
1388822,2019-12-26,2020-01-16,,19545,185797,2
1388823,2019-12-26,2020-01-16,,19572,356891,2
1388824,2019-12-26,2020-01-16,,19582,577172,2
1388825,2019-12-26,2020-01-16,,19595,117430,2
1388826,2019-12-26,2020-01-16,,20018,732279,2
1388827,2019-12-26,2020-01-16,,20031,100363,2
1388828,2019-12-26,2020-01-16,,20169,118122,2
1388829,2019-12-26,2020-01-16,,20209,384809,2
1388830,2019-12-26,2020-01-16,,20209,819917,2
1388831,2019-12-26,2020-01-16,,20365,805242,2
1388832,2019-12-26,2020-01-16,,20367,115947,2
1388833,2019-12-26,2020-01-16,,20377,398927,2
1388834,2019-12-26,2020-01-16,,20423,505535,2
1388835,2019-12-26,2020-01-16,,20460,406528,2
1388836,2019-12-26,2020-01-16,,20467,217199,2
1388837,2019-12-26,2020-01-16,,20522,652012,2
1388838,2019-12-26,2020-01-16,,20580,398957,2
1388839,2019-12-26,2020-01-16,,20662,815303,2
1388840,2019-12-26,2020-01-16,,20819,464382,2
1388841,2019-12-26,2020-01-16,,20929,300828,2
1388842,2019-12-26,2020-01-16,,20990,147376,2
1388843,2019-12-26,2020-01-16,,21060,909238,2
1388844,2019-12-26,2020-01-16,,21192,414590,2
1388845,2019-12-26,2020-01-16,,21245,899390,2
1388846,2019-12-26,2020-01-16,,21364,104572,2
1388847,2019-12-26,2020-01-16,,21383,338283,2
1388848,2019-12-26,2020-01-16,,21434,931030,2
1388849,2019-12-26,2020-01-16,,21566,365561,2
1388850,2019-12-26,2020-01-16,,21673,533996,2
1388851,2019-12-26,2020-01-16,,21717,851971,2
1388852,2019-12-26,2020-01-16,,21799,938841,2
1388853,2019-12-26,2020-01-16,,21888,519679,2
1388854,2019-12-26,2020-01-16,,21891,937529,2
1388855,2019-12-26,2020-01-16,,22244,82553,2
1388856,2019-12-26,2020-01-16,,22294,424954,2
1388857,2019-12-26,2020-01-16,,22318,596897,2
1388858,2019-12-26,2020-01-16,,22346,83787,2
1388859,2019-12-26,2020-01-16,,22443,803555,2
1388860,2019-12-26,2020-01-16,,22473,304589,2
1388861,2019-12-26,2020-01-16,,22511,480723,2
1388862,2019-12-26,2020-01-16,,22537,815304,2
1388863,2019-12-26,2020-01-16,,22578,481232,2
1388864,2019-12-26,2020-01-16,,22593,18249,2
1388865,2019-12-26,2020-01-16,,22630,932536,2
1388866,2019-12-26,2020-01-16,,22717,855632,2
1388867,2019-12-26,2020-01-16,,22835,596314,2
1388868,2019-12-26,2020-01-16,,23141,609190,2
1388869,2019-12-26,2020-01-16,,23193,657938,2
1388870,2019-12-26,2020-01-16,,23277,563685,2
1388871,2019-12-26,2020-01-16,,23919,894432,2
1388872,2019-12-26,2020-01-16,,24175,167049,2
1388873,2019-12-26,2020-01-16,,24263,808383,2
1388874,2019-12-26,2020-01-16,,24312,706676,2
1388875,2019-12-26,2020-01-16,,24487,886565,2
1388876,2019-12-26,2020-01-16,,24708,38905,2
1388877,2019-12-26,2020-01-16,,24797,487108,2
1388878,2019-12-26,2020-01-16,,25005,803773,2
1388879,2019-12-26,2020-01-16,,25046,188223,2
1388880,2019-12-26,2020-01-16,,25046,515369,2
1388881,2019-12-26,2020-01-16,,25046,880888,2
1388882,2019-12-26,2020-01-16,,25209,305532,2
1388883,2019-12-26,2020-01-16,,25431,774617,2
1388884,2019-12-26,2020-01-16,,25528,600973,2
1388885,2019-12-26,2020-01-16,,25730,569033,2
1388886,2019-12-26,2020-01-16,,25769,342491,2
1388887,2019-12-26,2020-01-16,,25987,121763,2
1388888,2019-12-26,2020-01-16,,26025,909210,2
1388889,2019-12-26,2020-01-16,,26109,27588,2
1388890,2019-12-26,2020-01-16,,26109,925669,2
1388891,2019-12-26,2020-01-16,,26240,46105,2
1388892,2019-12-26,2020-01-16,,26270,896487,2
1388893,2019-12-26,2020-01-16,,26522,173725,2
1388894,2019-12-26,2020-01-16,,26522,311802,2
1388895,2019-12-26,2020-01-16,,26522,893402,2
1388896,2019-12-26,2020-01-16,,26572,212891,2
1388897,2019-12-26,2020-01-16,,26615,414884,2
1388898,2019-12-26,2020-01-16,,26658,465510,2
1388899,2019-12-26,2020-01-16,,26699,50669,2
1388900,2019-12-26,2020-01-16,,26756,101359,2
1388901,2019-12-26,2020-01-16,,26966,495771,2
1388902,2019-12-26,2020-01-16,,26966,557284,2
1388903,2019-12-26,2020-01-16,,26966,730921,2
1388904,2019-12-26,2020-01-16,,26966,929809,2
1388905,2019-12-26,2020-01-16,,26984,418990,2
1388906,2019-12-26,2020-01-16,,27013,225358,2
1388907,2019-12-26,2020-01-16,,27111,229823,2
1388908,2019-12-26,2020-01-16,,27266,696199,2
1388909,2019-12-26,2020-01-16,,27440,698739,2
1388910,2019-12-26,2020-01-16,,27440,844943,2
1388911,2019-12-26,2020-01-16,,27555,871075,2
1388912,2019-12-26,2020-01-16,,27584,72490,2
1388913,2019-12-26,2020-01-16,,27665,953865,2
1388914,2019-12-26,2020-01-16,,27699,369280,2
1388915,2019-12-26,2020-01-16,,27709,736904,2
1388916,2019-12-26,2020-01-16,,27715,478823,2
1388917,2019-12-26,2020-01-16,,27884,21300,2
1388918,2019-12-26,2020-01-16,,27884,819834,2
1388919,2019-12-26,2020-01-16,,27950,814904,2
1388920,2019-12-26,2020-01-16,,27988,413317,2
1388921,2019-12-26,2020-01-16,,27988,555752,2
1388922,2019-12-26,2020-01-16,,27988,762166,2
1388923,2019-12-26,2020-01-16,,28029,289233,2
1388924,2019-12-26,2020-01-16,,28029,673093,2
1388925,2019-12-26,2020-01-16,,28029,780760,2
1388926,2019-12-26,2020-01-16,,28029,816619,2
1388927,2019-12-26,2020-01-16,,28195,608890,2
1388928,2019-12-26,2020-01-16,,28262,236902,2
1388929,2019-12-26,2020-01-16,,28384,910295,2
1388930,2019-12-26,2020-01-16,,28558,622049,2
1388931,2019-12-26,2020-01-16,,28576,733480,2
1388932,2019-12-26,2020-01-16,,28699,41988,2
1388933,2019-12-26,2020-01-16,,28723,637859,2
1388934,2019-12-26,2020-01-16,,28860,722733,2
1388935,2019-12-26,2020-01-16,,29084,221792,2
1388936,2019-12-26,2020-01-16,,29204,817645,2
1388937,2019-12-26,2020-01-16,,29450,613593,2
1388938,2019-12-26,2020-01-16,,29597,731828,2
1388939,2019-12-26,2020-01-16,,29651,322342,2
1388940,2019-12-26,2020-01-16,,29746,285700,2
1388941,2019-12-26,2020-01-16,,29756,553121,2
1388942,2019-12-26,2020-01-16,,29766,596980,2
1388943,2019-12-26,2020-01-16,,30056,468881,2
1388944,2019-12-26,2020-01-16,,30078,565864,2
1388945,2019-12-26,2020-01-16,,30136,426098,2
1388946,2019-12-26,2020-01-16,,30136,527455,2
1388947,2019-12-26,2020-01-16,,30162,750169,2
1388948,2019-12-26,2020-01-16,,30162,864888,2
1388949,2019-12-26,2020-01-16,,30271,351402,2
1388950,2019-12-26,2020-01-16,,30279,521188,2
1388951,2019-12-26,2020-01-16,,30476,384341,2
1388952,2019-12-26,2020-01-16,,30542,187830,2
1388953,2019-12-26,2020-01-16,,30551,931258,2
1388954,2019-12-26,2020-01-16,,30580,34390,2
1388955,2019-12-26,2020-01-16,,30751,177123,2
1388956,2019-12-26,2020-01-16,,30811,829244,2
1388957,2019-12-26,2020-01-16,,30858,339873,2
1388958,2019-12-26,2020-01-16,,31031,839715,2
1388959,2019-12-26,2020-01-16,,31256,608355,2
1388960,2019-12-26,2020-01-16,,31256,726110,2
1388961,2019-12-26,2020-01-16,,31297,77946,2
1388962,2019-12-26,2020-01-16,,31297,163257,2
1388963,2019-12-26,2020-01-16,,31297,679943,2
1388964,2019-12-26,2020-01-16,,31344,625065,2
1388965,2019-12-26,2020-01-16,,31398,649496,2
1388966,2019-12-26,2020-01-16,,31464,186701,2
1388967,2019-12-26,2020-01-16,,31601,338639,2
1388968,2019-12-26,2020-01-16,,31663,882378,2
1388969,2019-12-26,2020-01-16,,31710,522698,2
1388970,2019-12-26,2020-01-16,,31719,773633,2
1388971,2019-12-26,2020-01-16,,31765,425717,2
1388972,2019-12-26,2020-01-16,,31903,435133,2
1388973,2019-12-26,2020-01-16,,31923,66741,2
1388974,2019-12-26,2020-01-16,,31923,932625,2
1388975,2019-12-26,2020-01-16,,31929,19289,2
1388976,2019-12-26,2020-01-16,,32156,203147,2
1388977,2019-12-26,2020-01-16,,32573,400207,2
1388978,2019-12-26,2020-01-16,,32645,664949,2
1388979,2019-12-26,2020-01-16,,32829,81435,2
1388980,2019-12-26,2020-01-16,,32836,308084,2
1388981,2019-12-26,2020-01-16,,32922,518810,2
1388982,2019-12-26,2020-01-16,,32945,172313,2
1388983,2019-12-26,2020-01-16,,32955,632138,2
1388984,2019-12-26,2020-01-16,,33017,735877,2
1388985,2019-12-26,2020-01-16,,33126,410256,2
1388986,2019-12-26,2020-01-16,,33134,338835,2
1388987,2019-12-26,2020-01-16,,33162,371412,2
1388988,2019-12-26,2020-01-16,,33162,932537,2
1388989,2019-12-26,2020-01-16,,33348,865163,2
1388990,2019-12-26,2020-01-16,,33533,762879,2
1388991,2019-12-26,2020-01-16,,33536,532727,2
1388992,2019-12-26,2020-01-16,,33571,193968,2
1388993,2019-12-26,2020-01-16,,33584,370303,2
1388994,2019-12-26,2020-01-16,,33603,643843,2
1388995,2019-12-26,2020-01-16,,33655,548045,2
1388996,2019-12-26,2020-01-16,,34074,318592,2
1388997,2019-12-26,2020-01-16,,34074,336297,2
1388998,2019-12-26,2020-01-16,,34074,750115,2
1388999,2019-12-26,2020-01-16,,34101,873232,2
1389000,2019-12-26,2020-01-16,,34593,91812,2
1389001,2019-12-26,2020-01-16,,34665,212093,2
1389002,2019-12-26,2020-01-16,,34850,385913,2
1389003,2019-12-26,2020-01-16,,34850,474238,2
1389004,2019-12-26,2020-01-16,,34979,176745,2
1389005,2019-12-26,2020-01-16,,34995,201838,2
1389006,2019-12-26,2020-01-16,,35110,381898,2
1389007,2019-12-26,2020-01-16,,35116,212699,2
1389008,2019-12-26,2020-01-16,,35437,4576,2
1389009,2019-12-26,2020-01-16,,35744,30682,2
1389010,2019-12-26,2020-01-16,,35781,900329,2
1389011,2019-12-26,2020-01-16,,35819,453073,2
1389012,2019-12-26,2020-01-16,,36309,159215,2
1389013,2019-12-26,2020-01-16,,36375,946974,2
1389014,2019-12-26,2020-01-16,,36406,598127,2
1389015,2019-12-26,2020-01-16,,36478,722626,2
1389016,2019-12-26,2020-01-16,,36833,621695,2
1389017,2019-12-26,2020-01-16,,36928,46047,2
1389018,2019-12-26,2020-01-16,,36928,596861,2
1389019,2019-12-26,2020-01-16,,36955,487218,2
1389020,2019-12-26,2020-01-16,,36960,475910,2
1389021,2019-12-26,2020-01-16,,37056,584826,2
1389022,2019-12-26,2020-01-16,,37069,330559,2
1389023,2019-12-26,2020-01-16,,37220,133087,2
1389024,2019-12-26,2020-01-16,,37412,370347,2
1389025,2019-12-26,2020-01-16,,37449,497504,2
1389026,2019-12-26,2020-01-16,,37523,561808,2
1389027,2019-12-26,2020-01-16,,37706,653717,2
1389028,2019-12-26,2020-01-16,,37734,261991,2
1389029,2019-12-26,2020-01-16,,37799,21865,2
1389030,2019-12-26,2020-01-16,,37894,795326,2
1389031,2019-12-26,2020-01-16,,37963,202223,2
1389032,2019-12-26,2020-01-16,,38050,737870,2
1389033,2019-12-26,2020-01-16,,38303,93623,2
1389034,2019-12-26,2020-01-16,,38580,65237,2
1389035,2019-12-26,2020-01-16,,38618,173434,2
1389036,2019-12-26,2020-01-16,,38954,474274,2
1389037,2019-12-26,2020-01-16,,38969,813493,2
1389038,2019-12-26,2020-01-16,,39050,612877,2
1389039,2019-12-26,2020-01-16,,39120,678120,2
1389040,2019-12-26,2020-01-16,,39317,874732,2
1389041,2019-12-26,2020-01-16,,39569,153159,2
1389042,2019-12-26,2020-01-16,,39645,230917,2
1389043,2019-12-26,2020-01-16,,39645,443242,2
1389044,2019-12-26,2020-01-16,,39714,926760,2
1389045,2019-12-26,2020-01-16,,39766,284636,2
1389046,2019-12-26,2020-01-16,,39916,225746,2
1389047,2019-12-26,2020-01-16,,39928,223772,2
1389048,2019-12-26,2020-01-16,,39981,937302,2
1389049,2019-12-26,2020-01-16,,39998,247640,2
1389050,2019-12-26,2020-01-16,,40042,180230,2
1389051,2019-12-26,2020-01-16,,40080,383836,2
1389052,2019-12-26,2020-01-16,,40080,699925,2
1389053,2019-12-26,2020-01-16,,40138,387581,2
1389054,2019-12-26,2020-01-16,,40176,139610,2
1389055,2019-12-26,2020-01-16,,40202,794406,2
1389056,2019-12-26,2020-01-16,,40208,451084,2
1389057,2019-12-26,2020-01-16,,40269,732620,2
1389058,2019-12-26,2020-01-16,,40291,536635,2
1389059,2019-12-26,2020-01-16,,40333,857577,2
1389060,2019-12-26,2020-01-16,,40456,399569,2
1389061,2019-12-26,2020-01-16,,40526,383967,2
1389062,2019-12-26,2020-01-16,,40587,290391,2
1389063,2019-12-26,2020-01-16,,40597,910625,2
1389064,2019-12-26,2020-01-16,,40688,21342,2
1389065,2019-12-26,2020-01-16,,40794,489539,2
1389066,2019-12-26,2020-01-16,,40908,216599,2
1389067,2019-12-26,2020-01-16,,40908,254149,2
1389068,2019-12-26,2020-01-16,,40965,448069,2
1389069,2019-12-26,2020-01-16,,40971,97905,2
1389070,2019-12-26,2020-01-16,,40975,492837,2
1389071,2019-12-26,2020-01-16,,40975,505384,2
1389072,2019-12-26,2020-01-16,,40991,232414,2
1389073,2019-12-26,2020-01-16,,41063,248464,2
1389074,2019-12-26,2020-01-16,,41074,333485,2
1389075,2019-12-26,2020-01-16,,41128,764618,2
1389076,2019-12-26,2020-01-16,,41187,272459,2
1389077,2019-12-26,2020-01-16,,41187,388119,2
1389078,2019-12-26,2020-01-16,,41187,463411,2
1389079,2019-12-26,2020-01-16,,41187,500238,2
1389080,2019-12-26,2020-01-16,,41187,547187,2
1389081,2019-12-26,2020-01-16,,41187,886253,2
1389082,2019-12-26,2020-01-16,,41349,106357,2
1389083,2019-12-26,2020-01-16,,41485,889915,2
1389084,2019-12-26,2020-01-16,,41511,119055,2
1389085,2019-12-26,2020-01-16,,41754,503384,2
1389086,2019-12-26,2020-01-16,,41788,635392,2
1389087,2019-12-26,2020-01-16,,41827,440764,2
1389088,2019-12-26,2020-01-16,,41888,392588,2
1389089,2019-12-26,2020-01-16,,42016,229013,2
1389090,2019-12-26,2020-01-16,,42089,220376,2
1389091,2019-12-26,2020-01-16,,42152,801667,2
1389092,2019-12-26,2020-01-16,,42155,589797,2
1389093,2019-12-26,2020-01-16,,42247,152979,2
1389094,2019-12-26,2020-01-16,,42286,642289,2
1389095,2019-12-26,2020-01-16,,42379,479251,2
1389096,2019-12-26,2020-01-16,,42379,606418,2
1389097,2019-12-26,2020-01-16,,42418,246123,2
1389098,2019-12-26,2020-01-16,,42453,305541,2
1389099,2019-12-26,2020-01-16,,42557,735908,2
1389100,2019-12-26,2020-01-16,,42804,634358,2
1389101,2019-12-26,2020-01-16,,42826,660900,2
1389102,2019-12-26,2020-01-16,,42979,822965,2
1389103,2019-12-26,2020-01-16,,43112,828628,2
1389104,2019-12-26,2020-01-16,,43241,161767,2
1389105,2019-12-26,2020-01-16,,43262,451931,2
1389106,2019-12-26,2020-01-16,,43412,421491,2
1389107,2019-12-26,2020-01-16,,43526,416523,2
1389108,2019-12-26,2020-01-16,,43615,851774,2
1389109,2019-12-26,2020-01-16,,43642,14460,2
1389110,2019-12-26,2020-01-16,,43787,245606,2
1389111,2019-12-26,2020-01-16,,43809,731988,2
1389112,2019-12-26,2020-01-16,,43818,734791,2
1389113,2019-12-26,2020-01-16,,43841,730052,2
1389114,2019-12-26,2020-01-16,,43886,136073,2
1389115,2019-12-26,2020-01-16,,43914,117643,2
1389116,2019-12-26,2020-01-16,,43942,276557,2
1389117,2019-12-26,2020-01-16,,44187,836523,2
1389118,2019-12-26,2020-01-16,,44187,899342,2
1389119,2019-12-26,2020-01-16,,44308,37361,2
1389120,2019-12-26,2020-01-16,,44529,413482,2
1389121,2019-12-26,2020-01-16,,44810,394176,2
1389122,2019-12-26,2020-01-16,,44900,511427,2
1389123,2019-12-26,2020-01-16,,44923,355909,2
1389124,2019-12-26,2020-01-16,,44944,695005,2
1389125,2019-12-26,2020-01-16,,45002,934623,2
1389126,2019-12-26,2020-01-16,,45177,583201,2
1389127,2019-12-26,2020-01-16,,45190,706000,2
1389128,2019-12-26,2020-01-16,,45263,910970,2
1389129,2019-12-26,2020-01-16,,45295,97313,2
1389130,2019-12-26,2020-01-16,,45484,275506,2
1389131,2019-12-26,2020-01-16,,45489,609602,2
1389132,2019-12-26,2020-01-16,,45559,150937,2
1389133,2019-12-26,2020-01-16,,45578,175546,2
1389134,2019-12-26,2020-01-16,,45587,358951,2
1389135,2019-12-26,2020-01-16,,45657,466090,2
1389136,2019-12-26,2020-01-16,,45792,242872,2
1389137,2019-12-26,2020-01-16,,45896,816320,2
1389138,2019-12-26,2020-01-16,,45916,388361,2
1389139,2019-12-26,2020-01-16,,46034,903014,2
1389140,2019-12-26,2020-01-16,,46061,341815,2
1389141,2019-12-26,2020-01-16,,46125,327081,2
1389142,2019-12-26,2020-01-16,,46270,14264,2
1389143,2019-12-26,2020-01-16,,46270,310680,2
1389144,2019-12-26,2020-01-16,,46445,422179,2
1389145,2019-12-26,2020-01-16,,46459,402611,2
1389146,2019-12-26,2020-01-16,,46688,858767,2
1389147,2019-12-26,2020-01-16,,46692,4679,2
1389148,2019-12-26,2020-01-16,,46964,679665,2
1389149,2019-12-26,2020-01-16,,47176,53813,2
1389150,2019-12-26,2020-01-16,,47340,96455,2
1389151,2019-12-26,2020-01-16,,47340,819835,2
1389152,2019-12-26,2020-01-16,,47465,875510,2
1389153,2019-12-26,2020-01-16,,47490,41735,2
1389154,2019-12-26,2020-01-16,,47513,59514,2
1389155,2019-12-26,2020-01-16,,47513,98721,2
1389156,2019-12-26,2020-01-16,,47513,259475,2
1389157,2019-12-26,2020-01-16,,47513,284803,2
1389158,2019-12-26,2020-01-16,,47513,819129,2
1389159,2019-12-26,2020-01-16,,47542,447324,2
1389160,2019-12-26,2020-01-16,,47558,544135,2
1389161,2019-12-26,2020-01-16,,47558,823790,2
1389162,2019-12-26,2020-01-16,,47575,758572,2
1389163,2019-12-26,2020-01-16,,47631,740255,2
1389164,2019-12-26,2020-01-16,,47636,346,2
1389165,2019-12-26,2020-01-16,,47636,427058,2
1389166,2019-12-26,2020-01-16,,47701,115325,2
1389167,2019-12-26,2020-01-16,,47747,115646,2
1389168,2019-12-26,2020-01-16,,47747,155101,2
1389169,2019-12-26,2020-01-16,,47758,613231,2
1389170,2019-12-26,2020-01-16,,47851,189552,2
1389171,2019-12-26,2020-01-16,,47932,106544,2
1389172,2019-12-26,2020-01-16,,48078,297470,2
1389173,2019-12-26,2020-01-16,,48186,146503,2
1389174,2019-12-26,2020-01-16,,48190,482082,2
1389175,2019-12-26,2020-01-16,,48305,535669,2
1389176,2019-12-26,2020-01-16,,48334,212620,2
1389177,2019-12-26,2020-01-16,,48403,598136,2
1389178,2019-12-26,2020-01-16,,48403,889577,2
1389179,2019-12-26,2020-01-16,,48427,81437,2
1389180,2019-12-26,2020-01-16,,48440,76674,2
1389181,2019-12-26,2020-01-16,,48492,757107,2
1389182,2019-12-26,2020-01-16,,48515,179838,2
1389183,2019-12-26,2020-01-16,,48603,674284,2
1389184,2019-12-26,2020-01-16,,48610,346592,2
1389185,2019-12-26,2020-01-16,,48819,588096,2
1389186,2019-12-26,2020-01-16,,48886,698963,2
1389187,2019-12-26,2020-01-16,,49091,613185,2
1389188,2019-12-26,2020-01-16,,49195,398759,2
1389189,2019-12-26,2020-01-16,,49291,771875,2
1389190,2019-12-26,2020-01-16,,49356,224988,2
1389191,2019-12-26,2020-01-16,,49598,333075,2
1389192,2019-12-26,2020-01-16,,49609,735878,2
1389193,2019-12-26,2020-01-16,,49675,949951,2
1389194,2019-12-26,2020-01-16,,49718,400513,2
1389195,2019-12-26,2020-01-16,,49785,685413,2
1389196,2019-12-26,2020-01-16,,49833,434238,2
1389197,2019-12-26,2020-01-16,,49970,740373,2
1389198,2019-12-26,2020-01-16,,50142,929518,2
1389199,2019-12-26,2020-01-16,,50174,455436,2
1389200,2019-12-26,2020-01-16,,50262,6477,2
1389201,2019-12-26,2020-01-16,,50335,898959,2
1389202,2019-12-26,2020-01-16,,50781,148300,2
1389203,2019-12-26,2020-01-16,,50781,421456,2
1389204,2019-12-26,2020-01-16,,50789,308121,2
1389205,2019-12-26,2020-01-16,,50885,241698,2
1389206,2019-12-26,2020-01-16,,50936,362514,2
1389207,2019-12-26,2020-01-16,,50936,952511,2
1389208,2019-12-26,2020-01-16,,51549,413318,2
1389209,2019-12-26,2020-01-16,,51578,683682,2
1389210,2019-12-26,2020-01-16,,51614,396864,2
1389211,2019-12-26,2020-01-16,,51655,342938,2
1389212,2019-12-26,2020-01-16,,51747,627576,2
1389213,2019-12-26,2020-01-16,,51766,98926,2
1389214,2019-12-26,2020-01-16,,52029,6154,2
1389215,2019-12-26,2020-01-16,,52029,81336,2
1389216,2019-12-26,2020-01-16,,52051,36454,2
1389217,2019-12-26,2020-01-16,,52188,857497,2
1389218,2019-12-26,2020-01-16,,52263,534703,2
1389219,2019-12-26,2020-01-16,,52299,830025,2
1389220,2019-12-26,2020-01-16,,52416,376614,2
1389221,2019-12-26,2020-01-16,,52699,503876,2
1389222,2019-12-26,2020-01-16,,52785,810613,2
1389223,2019-12-26,2020-01-16,,52873,619822,2
1389224,2019-12-26,2020-01-16,,52881,576482,2
1389225,2019-12-26,2020-01-16,,52894,25599,2
1389226,2019-12-26,2020-01-16,,53009,215305,2
1389227,2019-12-26,2020-01-16,,53162,298539,2
1389228,2019-12-26,2020-01-16,,53213,93865,2
1389229,2019-12-26,2020-01-16,,53269,423566,2
1389230,2019-12-26,2020-01-16,,53321,474625,2
1389231,2019-12-26,2020-01-16,,53420,917021,2
1389232,2019-12-26,2020-01-16,,53582,633180,2
1389233,2019-12-26,2020-01-16,,53598,413319,2
1389234,2019-12-26,2020-01-16,,54055,549667,2
1389235,2019-12-26,2020-01-16,,54334,343484,2
1389236,2019-12-26,2020-01-16,,54398,369009,2
1389237,2019-12-26,2020-01-16,,54532,63974,2
1389238,2019-12-26,2020-01-16,,54543,809876,2
1389239,2019-12-26,2020-01-16,,54763,360457,2
1389240,2019-12-26,2020-01-16,,54778,526944,2
1389241,2019-12-26,2020-01-16,,54783,499710,2
1389242,2019-12-26,2020-01-16,,54857,722919,2
1389243,2019-12-26,2020-01-16,,55016,221908,2
1389244,2019-12-26,2020-01-16,,55051,497964,2
1389245,2019-12-26,2020-01-16,,55153,573582,2
1389246,2019-12-26,2020-01-16,,55332,310110,2
1389247,2019-12-26,2020-01-16,,55371,421680,2
1389248,2019-12-26,2020-01-16,,55418,518159,2
1389249,2019-12-26,2020-01-16,,55462,88533,2
1389250,2019-12-26,2020-01-16,,55462,445466,2
1389251,2019-12-26,2020-01-16,,55634,175969,2
1389252,2019-12-26,2020-01-16,,55674,771304,2
1389253,2019-12-26,2020-01-16,,55744,142734,2
1389254,2019-12-26,2020-01-16,,55763,684306,2
1389255,2019-12-26,2020-01-16,,55898,654774,2
1389256,2019-12-26,2020-01-16,,55997,264430,2
1389257,2019-12-26,2020-01-16,,56301,387622,2
1389258,2019-12-26,2020-01-16,,56333,883802,2
1389259,2019-12-26,2020-01-16,,56345,844000,2
1389260,2019-12-26,2020-01-16,,56433,613637,2
1389261,2019-12-26,2020-01-16,,56520,395197,2
1389262,2019-12-26,2020-01-16,,56686,505393,2
1389263,2019-12-26,2020-01-16,,56919,35402,2
1389264,2019-12-26,2020-01-16,,57223,96869,2
1389265,2019-12-26,2020-01-16,,57223,700955,2
1389266,2019-12-26,2020-01-16,,57300,796361,2
1389267,2019-12-26,2020-01-16,,57331,481561,2
1389268,2019-12-26,2020-01-16,,57416,160529,2
1389269,2019-12-26,2020-01-16,,57419,387078,2
1389270,2019-12-26,2020-01-16,,57446,693040,2
1389271,2019-12-26,2020-01-16,,57598,378498,2
1389272,2019-12-26,2020-01-16,,57620,902826,2
1389273,2019-12-26,2020-01-16,,57701,58567,2
1389274,2019-12-26,2020-01-16,,57784,504442,2
1389275,2019-12-26,2020-01-16,,57803,30175,2
1389276,2019-12-26,2020-01-16,,57870,743894,2
1389277,2019-12-26,2020-01-16,,57882,330017,2
1389278,2019-12-26,2020-01-16,,57906,856242,2
1389279,2019-12-26,2020-01-16,,58216,955615,2
1389280,2019-12-26,2020-01-16,,58600,395497,2
1389281,2019-12-26,2020-01-16,,58627,126037,2
1389282,2019-12-26,2020-01-16,,58749,831858,2
1389283,2019-12-26,2020-01-16,,58770,213332,2
1389284,2019-12-26,2020-01-16,,59203,653997,2
1389285,2019-12-26,2020-01-16,,59284,910863,2
1389286,2019-12-26,2020-01-16,,59404,739933,2
1389287,2019-12-26,2020-01-16,,59527,319151,2
1389288,2019-12-26,2020-01-16,,59683,832172,2
1389289,2019-12-26,2020-01-16,,59739,492838,2
1389290,2019-12-26,2020-01-16,,59884,101272,2
1389291,2019-12-26,2020-01-16,,59901,486537,2
1389292,2019-12-26,2020-01-16,,60003,724615,2
1389293,2019-12-26,2020-01-16,,60033,249855,2
1389294,2019-12-26,2020-01-16,,60072,503360,2
1389295,2019-12-26,2020-01-16,,60106,480736,2
1389296,2019-12-26,2020-01-16,,60106,550590,2
1389297,2019-12-26,2020-01-16,,60106,910626,2
1389298,2019-12-26,2020-01-16,,60115,326969,2
1389299,2019-12-26,2020-01-16,,60357,636887,2
1389300,2019-12-26,2020-01-16,,60357,744444,2
1389301,2019-12-26,2020-01-16,,60621,164483,2
1389302,2019-12-26,2020-01-16,,60621,584377,2
1389303,2019-12-26,2020-01-16,,60621,756524,2
1389304,2019-12-26,2020-01-16,,60641,280472,2
1389305,2019-12-26,2020-01-16,,60902,456130,2
1389306,2019-12-26,2020-01-16,,61096,492532,2
1389307,2019-12-26,2020-01-16,,61166,754291,2
1389308,2019-12-26,2020-01-16,,61187,443829,2
1389309,2019-12-26,2020-01-16,,61224,129878,2
1389310,2019-12-26,2020-01-16,,61253,78789,2
1389311,2019-12-26,2020-01-16,,61275,495182,2
1389312,2019-12-26,2020-01-16,,61512,800637,2
1389313,2019-12-26,2020-01-16,,61616,558152,2
1389314,2019-12-26,2020-01-16,,61661,737843,2
1389315,2019-12-26,2020-01-16,,61755,10867,2
1389316,2019-12-26,2020-01-16,,62265,569719,2
1389317,2019-12-26,2020-01-16,,62335,31764,2
1389318,2019-12-26,2020-01-16,,62335,35352,2
1389319,2019-12-26,2020-01-16,,62335,142964,2
1389320,2019-12-26,2020-01-16,,62335,890522,2
1389321,2019-12-26,2020-01-16,,62481,706855,2
1389322,2019-12-26,2020-01-16,,62572,770060,2
1389323,2019-12-26,2020-01-16,,62719,937061,2
1389324,2019-12-26,2020-01-16,,62826,731631,2
1389325,2019-12-26,2020-01-16,,62903,43162,2
1389326,2019-12-26,2020-01-16,,62923,61512,2
1389327,2019-12-26,2020-01-16,,62950,684747,2
1389328,2019-12-26,2020-01-16,,63015,172483,2
1389329,2019-12-26,2020-01-16,,63028,781998,2
1389330,2019-12-26,2020-01-16,,63290,58260,2
1389331,2019-12-26,2020-01-16,,63290,66912,2
1389332,2019-12-26,2020-01-16,,63353,255338,2
1389333,2019-12-26,2020-01-16,,63379,701892,2
1389334,2019-12-26,2020-01-16,,63581,183973,2
1389335,2019-12-26,2020-01-16,,63772,841416,2
1389336,2019-12-26,2020-01-16,,64285,6533,2
1389337,2019-12-26,2020-01-16,,64285,148676,2
1389338,2019-12-26,2020-01-16,,64285,479506,2
1389339,2019-12-26,2020-01-16,,64355,236596,2
1389340,2019-12-26,2020-01-16,,64394,398796,2
1389341,2019-12-26,2020-01-16,,64446,286562,2
1389342,2019-12-26,2020-01-16,,64454,429361,2
1389343,2019-12-26,2020-01-16,,64516,571674,2
1389344,2019-12-26,2020-01-16,,64627,224268,2
1389345,2019-12-26,2020-01-16,,64631,796996,2
1389346,2019-12-26,2020-01-16,,64649,643438,2
1389347,2019-12-26,2020-01-16,,64671,391964,2
1389348,2019-12-26,2020-01-16,,64989,799674,2
1389349,2019-12-26,2020-01-16,,65077,229216,2
1389350,2019-12-26,2020-01-16,,65142,382329,2
1389351,2019-12-26,2020-01-16,,65213,627490,2
1389352,2019-12-26,2020-01-16,,65336,128969,2
1389353,2019-12-26,2020-01-16,,65360,256583,2
1389354,2019-12-26,2020-01-16,,65384,103302,2
1389355,2019-12-26,2020-01-16,,65423,790771,2
1389356,2019-12-26,2020-01-16,,65689,463227,2
1389357,2019-12-26,2020-01-16,,65689,615106,2
1389358,2019-12-26,2020-01-16,,65689,790360,2
1389359,2019-12-26,2020-01-16,,65805,755672,2
1389360,2019-12-26,2020-01-16,,65814,645396,2
1389361,2019-12-26,2020-01-16,,65944,810752,2
1389362,2019-12-26,2020-01-16,,66031,180626,2
1389363,2019-12-26,2020-01-16,,66122,25818,2
1389364,2019-12-26,2020-01-16,,66122,46660,2
1389365,2019-12-26,2020-01-16,,66122,842904,2
1389366,2019-12-26,2020-01-16,,66129,390493,2
1389367,2019-12-26,2020-01-16,,66155,529935,2
1389368,2019-12-26,2020-01-16,,66175,470729,2
1389369,2019-12-26,2020-01-16,,66502,585013,2
1389370,2019-12-26,2020-01-16,,66574,552012,2
1389371,2019-12-26,2020-01-16,,66759,589076,2
1389372,2019-12-26,2020-01-16,,66977,144917,2
1389373,2019-12-26,2020-01-16,,66995,389625,2
1389374,2019-12-26,2020-01-16,,67144,214879,2
1389375,2019-12-26,2020-01-16,,67175,759339,2
1389376,2019-12-26,2020-01-16,,67190,218112,2
1389377,2019-12-26,2020-01-16,,67472,207168,2
1389378,2019-12-26,2020-01-16,,67571,586990,2
1389379,2019-12-26,2020-01-16,,67571,890530,2
1389380,2019-12-26,2020-01-16,,67791,157483,2
1389381,2019-12-26,2020-01-16,,67865,769083,2
1389382,2019-12-26,2020-01-16,,67886,408206,2
1389383,2019-12-26,2020-01-16,,67940,317840,2
1389384,2019-12-26,2020-01-16,,67970,690245,2
1389385,2019-12-26,2020-01-16,,67970,921743,2
1389386,2019-12-26,2020-01-16,,68092,591327,2
1389387,2019-12-26,2020-01-16,,68182,317325,2
1389388,2019-12-26,2020-01-16,,68182,353935,2
1389389,2019-12-26,2020-01-16,,68307,417030,2
1389390,2019-12-26,2020-01-16,,68307,865274,2
1389391,2019-12-26,2020-01-16,,68326,666454,2
1389392,2019-12-26,2020-01-16,,68361,735547,2
1389393,2019-12-26,2020-01-16,,68406,39749,2
1389394,2019-12-26,2020-01-16,,68406,127321,2
1389395,2019-12-26,2020-01-16,,68416,743523,2
1389396,2019-12-26,2020-01-16,,68424,392105,2
1389397,2019-12-26,2020-01-16,,68782,144544,2
1389398,2019-12-26,2020-01-16,,68782,220807,2
1389399,2019-12-26,2020-01-16,,68877,669633,2
1389400,2019-12-26,2020-01-16,,68959,247120,2
1389401,2019-12-26,2020-01-16,,68984,633469,2
1389402,2019-12-26,2020-01-16,,69026,405459,2
1389403,2019-12-26,2020-01-16,,69075,713859,2
1389404,2019-12-26,2020-01-16,,69076,613417,2
1389405,2019-12-26,2020-01-16,,69180,510946,2
1389406,2019-12-26,2020-01-16,,69221,703241,2
1389407,2019-12-26,2020-01-16,,69300,455146,2
1389408,2019-12-26,2020-01-16,,69320,94505,2
1389409,2019-12-26,2020-01-16,,69374,511629,2
1389410,2019-12-26,2020-01-16,,69435,770440,2
1389411,2019-12-26,2020-01-16,,69530,506834,2
1389412,2019-12-26,2020-01-16,,69803,367496,2
1389413,2019-12-26,2020-01-16,,69803,726807,2
1389414,2019-12-26,2020-01-16,,69873,877050,2
1389415,2019-12-26,2020-01-16,,69893,79397,2
1389416,2019-12-26,2020-01-16,,70109,104323,2
1389417,2019-12-26,2020-01-16,,70146,591116,2
1389418,2019-12-26,2020-01-16,,70392,873430,2
1389419,2019-12-26,2020-01-16,,70593,599337,2
1389420,2019-12-26,2020-01-16,,70663,215182,2
1389421,2019-12-26,2020-01-16,,70885,118129,2
1389422,2019-12-26,2020-01-16,,70885,829555,2
1389423,2019-12-26,2020-01-16,,70885,896698,2
1389424,2019-12-26,2020-01-16,,71008,883789,2
1389425,2019-12-26,2020-01-16,,71044,25819,2
1389426,2019-12-26,2020-01-16,,71044,424533,2
1389427,2019-12-26,2020-01-16,,71112,49558,2
1389428,2019-12-26,2020-01-16,,71185,124651,2
1389429,2019-12-26,2020-01-16,,71205,807262,2
1389430,2019-12-26,2020-01-16,,71208,209529,2
1389431,2019-12-26,2020-01-16,,71265,333076,2
1389432,2019-12-26,2020-01-16,,71265,699909,2
1389433,2019-12-26,2020-01-16,,71265,846906,2
1389434,2019-12-26,2020-01-16,,71422,856758,2
1389435,2019-12-26,2020-01-16,,71441,59353,2
1389436,2019-12-26,2020-01-16,,71441,204013,2
1389437,2019-12-26,2020-01-16,,71553,799000,2
1389438,2019-12-26,2020-01-16,,71637,427306,2
1389439,2019-12-26,2020-01-16,,71720,428621,2
1389440,2019-12-26,2020-01-16,,71784,732748,2
1389441,2019-12-26,2020-01-16,,71846,699406,2
1389442,2019-12-26,2020-01-16,,71869,55633,2
1389443,2019-12-26,2020-01-16,,71983,368971,2
1389444,2019-12-26,2020-01-16,,71997,768804,2
1389445,2019-12-26,2020-01-16,,72119,389406,2
1389446,2019-12-26,2020-01-16,,72119,607499,2
1389447,2019-12-26,2020-01-16,,72137,663515,2
1389448,2019-12-26,2020-01-16,,72148,722800,2
1389449,2019-12-26,2020-01-16,,72148,742192,2
1389450,2019-12-26,2020-01-16,,72173,497598,2
1389451,2019-12-26,2020-01-16,,72173,870108,2
1389452,2019-12-26,2020-01-16,,72209,74166,2
1389453,2019-12-26,2020-01-16,,72263,92020,2
1389454,2019-12-26,2020-01-16,,72339,337351,2
1389455,2019-12-26,2020-01-16,,72373,237734,2
1389456,2019-12-26,2020-01-16,,72491,58449,2
1389457,2019-12-26,2020-01-16,,72493,732566,2
1389458,2019-12-26,2020-01-16,,72493,740725,2
1389459,2019-12-26,2020-01-16,,72526,644344,2
1389460,2019-12-26,2020-01-16,,72620,520746,2
1389461,2019-12-26,2020-01-16,,72711,317980,2
1389462,2019-12-26,2020-01-16,,72753,847538,2
1389463,2019-12-26,2020-01-16,,72753,899301,2
1389464,2019-12-26,2020-01-16,,72868,612497,2
1389465,2019-12-26,2020-01-16,,72903,122501,2
1389466,2019-12-26,2020-01-16,,72903,485220,2
1389467,2019-12-26,2020-01-16,,72933,9302,2
1389468,2019-12-26,2020-01-16,,73013,407292,2
1389469,2019-12-26,2020-01-16,,73048,369997,2
1389470,2019-12-26,2020-01-16,,73183,336414,2
1389471,2019-12-26,2020-01-16,,73480,730217,2
1389472,2019-12-26,2020-01-16,,73513,47228,2
1389473,2019-12-26,2020-01-16,,73576,745753,2
1389474,2019-12-26,2020-01-16,,73740,791267,2
1389475,2019-12-26,2020-01-16,,73969,363815,2
1389476,2019-12-26,2020-01-16,,73994,751029,2
1389477,2019-12-26,2020-01-16,,74043,226275,2
1389478,2019-12-26,2020-01-16,,74302,321406,2
1389479,2019-12-26,2020-01-16,,74304,860407,2
1389480,2019-12-26,2020-01-16,,74313,925222,2
1389481,2019-12-26,2020-01-16,,74624,801843,2
1389482,2019-12-26,2020-01-16,,74630,149802,2
1389483,2019-12-26,2020-01-16,,74654,27599,2
1389484,2019-12-26,2020-01-16,,74679,818634,2
1389485,2019-12-26,2020-01-16,,74791,113539,2
1389486,2019-12-26,2020-01-16,,74822,665081,2
1389487,2019-12-26,2020-01-16,,74838,96661,2
1389488,2019-12-26,2020-01-16,,74838,823980,2
1389489,2019-12-26,2020-01-16,,74983,690733,2
1389490,2019-12-26,2020-01-16,,75005,821496,2
1389491,2019-12-26,2020-01-16,,75147,256911,2
1389492,2019-12-26,2020-01-16,,75216,833076,2
1389493,2019-12-26,2020-01-16,,75283,585629,2
1389494,2019-12-26,2020-01-16,,75314,927363,2
1389495,2019-12-26,2020-01-16,,75329,668450,2
1389496,2019-12-26,2020-01-16,,75419,730474,2
1389497,2019-12-26,2020-01-16,,75430,355554,2
1389498,2019-12-26,2020-01-16,,75485,640225,2
1389499,2019-12-26,2020-01-16,,75711,51813,2
1389500,2019-12-26,2020-01-16,,75711,689185,2
1389501,2019-12-26,2020-01-16,,75711,705801,2
1389502,2019-12-26,2020-01-16,,75711,751880,2
1389503,2019-12-26,2020-01-16,,75785,55599,2
1389504,2019-12-26,2020-01-16,,75925,330937,2
1389505,2019-12-26,2020-01-16,,76107,741766,2
1389506,2019-12-26,2020-01-16,,76540,99250,2
1389507,2019-12-26,2020-01-16,,76727,165248,2
1389508,2019-12-26,2020-01-16,,76730,76371,2
1389509,2019-12-26,2020-01-16,,76736,444612,2
1389510,2019-12-26,2020-01-16,,76751,376629,2
1389511,2019-12-26,2020-01-16,,76758,32094,2
1389512,2019-12-26,2020-01-16,,76906,9094,2
1389513,2019-12-26,2020-01-16,,76954,146483,2
1389514,2019-12-26,2020-01-16,,76985,470433,2
1389515,2019-12-26,2020-01-16,,77054,90498,2
1389516,2019-12-26,2020-01-16,,77054,750141,2
1389517,2019-12-26,2020-01-16,,77225,321716,2
1389518,2019-12-26,2020-01-16,,77362,836634,2
1389519,2019-12-26,2020-01-16,,77398,354257,2
1389520,2019-12-26,2020-01-16,,77510,42971,2
1389521,2019-12-26,2020-01-16,,77541,275731,2
1389522,2019-12-26,2020-01-16,,77573,128411,2
1389523,2019-12-26,2020-01-16,,77852,36873,2
1389524,2019-12-26,2020-01-16,,77852,364886,2
1389525,2019-12-26,2020-01-16,,77852,679613,2
1389526,2019-12-26,2020-01-16,,77864,606464,2
1389527,2019-12-26,2020-01-16,,77930,87506,2
1389528,2019-12-26,2020-01-16,,77993,326570,2
1389529,2019-12-26,2020-01-16,,78026,829646,2
1389530,2019-12-26,2020-01-16,,78037,888295,2
1389531,2019-12-26,2020-01-16,,78103,205069,2
1389532,2019-12-26,2020-01-16,,78304,762746,2
1389533,2019-12-26,2020-01-16,,78551,437274,2
1389534,2019-12-26,2020-01-16,,78620,169581,2
1389535,2019-12-26,2020-01-16,,78754,818428,2
1389536,2019-12-26,2020-01-16,,78764,413320,2
1389537,2019-12-26,2020-01-16,,78796,568752,2
1389538,2019-12-26,2020-01-16,,78808,800778,2
1389539,2019-12-26,2020-01-16,,78869,74273,2
1389540,2019-12-26,2020-01-16,,78882,422910,2
1389541,2019-12-26,2020-01-16,,79123,175547,2
1389542,2019-12-26,2020-01-16,,79349,634341,2
1389543,2019-12-26,2020-01-16,,79459,948635,2
1389544,2019-12-26,2020-01-16,,79475,50946,2
1389545,2019-12-26,2020-01-16,,79759,570145,2
1389546,2019-12-26,2020-01-16,,79797,469277,2
1389547,2019-12-26,2020-01-16,,79923,799959,2
1389548,2019-12-26,2020-01-16,,79950,191402,2
1389549,2019-12-26,2020-01-16,,79966,52241,2
1389550,2019-12-26,2020-01-16,,80023,484338,2
1389551,2019-12-26,2020-01-16,,80046,109157,2
1389552,2019-12-26,2020-01-16,,80094,417032,2
1389553,2019-12-26,2020-01-16,,80094,437202,2
1389554,2019-12-26,2020-01-16,,80094,865276,2
1389555,2019-12-26,2020-01-16,,80247,805710,2
1389556,2019-12-26,2020-01-16,,80315,707787,2
1389557,2019-12-26,2020-01-16,,80337,117518,2
1389558,2019-12-26,2020-01-16,,80812,443683,2
1389559,2019-12-26,2020-01-16,,80948,321719,2
1389560,2019-12-26,2020-01-16,,81004,241868,2
1389561,2019-12-26,2020-01-16,,81105,378160,2
1389562,2019-12-26,2020-01-16,,81177,77054,2
1389563,2019-12-26,2020-01-16,,81222,304335,2
1389564,2019-12-26,2020-01-16,,81315,16533,2
1389565,2019-12-26,2020-01-16,,81641,604424,2
1389566,2019-12-26,2020-01-16,,81695,210370,2
1389567,2019-12-26,2020-01-16,,81731,659859,2
1389568,2019-12-26,2020-01-16,,81750,303526,2
1389569,2019-12-26,2020-01-16,,81767,897032,2
1389570,2019-12-26,2020-01-16,,81867,299712,2
1389571,2019-12-26,2020-01-16,,81955,156992,2
1389572,2019-12-26,2020-01-16,,82020,527101,2
1389573,2019-12-26,2020-01-16,,82103,189852,2
1389574,2019-12-26,2020-01-16,,82207,713118,2
1389575,2019-12-26,2020-01-16,,82306,107979,2
1389576,2019-12-26,2020-01-16,,82760,160855,2
1389577,2019-12-26,2020-01-16,,82771,720100,2
1389578,2019-12-26,2020-01-16,,82895,322343,2
1389579,2019-12-26,2020-01-16,,82900,943096,2
1389580,2019-12-26,2020-01-16,,83083,127966,2
1389581,2019-12-26,2020-01-16,,83146,909239,2
1389582,2019-12-26,2020-01-16,,83206,25130,2
1389583,2019-12-26,2020-01-16,,83336,509729,2
1389584,2019-12-26,2020-01-16,,83403,219506,2
1389585,2019-12-26,2020-01-16,,83403,271867,2
1389586,2019-12-26,2020-01-16,,83420,557903,2
1389587,2019-12-26,2020-01-16,,83420,558929,2
1389588,2019-12-26,2020-01-16,,83474,226575,2
1389589,2019-12-26,2020-01-16,,83503,925319,2
1389590,2019-12-26,2020-01-16,,83544,908405,2
1389591,2019-12-26,2020-01-16,,83693,641803,2
1389592,2019-12-26,2020-01-16,,83716,14740,2
1389593,2019-12-26,2020-01-16,,83785,191122,2
1389594,2019-12-26,2020-01-16,,83990,418355,2
1389595,2019-12-26,2020-01-16,,84072,561027,2
1389596,2019-12-26,2020-01-16,,84103,182401,2
1389597,2019-12-26,2020-01-16,,84103,430144,2
1389598,2019-12-26,2020-01-16,,84103,476783,2
1389599,2019-12-26,2020-01-16,,84135,844944,2
1389600,2019-12-26,2020-01-16,,84163,278691,2
1389601,2019-12-26,2020-01-16,,84214,82428,2
1389602,2019-12-26,2020-01-16,,84214,571770,2
1389603,2019-12-26,2020-01-16,,84214,610716,2
1389604,2019-12-26,2020-01-16,,84436,311996,2
1389605,2019-12-26,2020-01-16,,84436,320091,2
1389606,2019-12-26,2020-01-16,,84438,682998,2
1389607,2019-12-26,2020-01-16,,84445,774880,2
1389608,2019-12-26,2020-01-16,,84461,241765,2
1389609,2019-12-26,2020-01-16,,84495,538825,2
1389610,2019-12-26,2020-01-16,,84496,136872,2
1389611,2019-12-26,2020-01-16,,84496,527810,2
1389612,2019-12-26,2020-01-16,,84496,587584,2
1389613,2019-12-26,2020-01-16,,84619,832544,2
1389614,2019-12-26,2020-01-16,,84797,333088,2
1389615,2019-12-26,2020-01-16,,84885,131118,2
1389616,2019-12-26,2020-01-16,,84890,188214,2
1389617,2019-12-26,2020-01-16,,84914,38796,2
1389618,2019-12-26,2020-01-16,,84914,425452,2
1389619,2019-12-26,2020-01-16,,84914,452861,2
1389620,2019-12-26,2020-01-16,,84914,796896,2
1389621,2019-12-26,2020-01-16,,84922,809068,2
1389622,2019-12-26,2020-01-16,,85233,791387,2
1389623,2019-12-26,2020-01-16,,85496,390423,2
1389624,2019-12-26,2020-01-16,,85595,330399,2
1389625,2019-12-26,2020-01-16,,85642,415024,2
1389626,2019-12-26,2020-01-16,,85700,287449,2
1389627,2019-12-26,2020-01-16,,85765,299117,2
1389628,2019-12-26,2020-01-16,,85895,494827,2
1389629,2019-12-26,2020-01-16,,85958,201391,2
1389630,2019-12-26,2020-01-16,,85958,612145,2
1389631,2019-12-26,2020-01-16,,86026,185087,2
1389632,2019-12-26,2020-01-16,,86037,405378,2
1389633,2019-12-26,2020-01-16,,86301,606193,2
1389634,2019-12-26,2020-01-16,,86332,202590,2
1389635,2019-12-26,2020-01-16,,86348,843149,2
1389636,2019-12-26,2020-01-16,,86442,41348,2
1389637,2019-12-26,2020-01-16,,86510,88534,2
1389638,2019-12-26,2020-01-16,,86510,546943,2
1389639,2019-12-26,2020-01-16,,86652,902069,2
1389640,2019-12-26,2020-01-16,,86852,277281,2
1389641,2019-12-26,2020-01-16,,86883,783992,2
1389642,2019-12-26,2020-01-16,,87119,620965,2
1389643,2019-12-26,2020-01-16,,87566,393778,2
1389644,2019-12-26,2020-01-16,,87654,598895,2
1389645,2019-12-26,2020-01-16,,87668,726619,2
1389646,2019-12-26,2020-01-16,,87767,887159,2
1389647,2019-12-26,2020-01-16,,87926,502560,2
1389648,2019-12-26,2020-01-16,,87983,140533,2
1389649,2019-12-26,2020-01-16,,88026,371741,2
1389650,2019-12-26,2020-01-16,,88069,671181,2
1389651,2019-12-26,2020-01-16,,88344,952273,2
1389652,2019-12-26,2020-01-16,,88380,487778,2
1389653,2019-12-26,2020-01-16,,88490,730404,2
1389654,2019-12-26,2020-01-16,,88493,330018,2
1389655,2019-12-26,2020-01-16,,88499,308219,2
1389656,2019-12-26,2020-01-16,,88499,823933,2
1389657,2019-12-26,2020-01-16,,88536,508603,2
1389658,2019-12-26,2020-01-16,,88536,526665,2
1389659,2019-12-26,2020-01-16,,88536,808815,2
1389660,2019-12-26,2020-01-16,,88686,767037,2
1389661,2019-12-26,2020-01-16,,88778,680556,2
1389662,2019-12-26,2020-01-16,,88794,33989,2
1389663,2019-12-26,2020-01-16,,88868,197208,2
1389664,2019-12-26,2020-01-16,,88915,453546,2
1389665,2019-12-26,2020-01-16,,89015,213970,2
1389666,2019-12-26,2020-01-16,,89015,417724,2
1389667,2019-12-26,2020-01-16,,89029,290247,2
1389668,2019-12-26,2020-01-16,,89139,506230,2
1389669,2019-12-26,2020-01-16,,89146,475671,2
1389670,2019-12-26,2020-01-16,,89163,62160,2
1389671,2019-12-26,2020-01-16,,89232,730182,2
1389672,2019-12-26,2020-01-16,,89336,41059,2
1389673,2019-12-26,2020-01-16,,89336,501710,2
1389674,2019-12-26,2020-01-16,,89336,561539,2
1389675,2019-12-26,2020-01-16,,89336,748212,2
1389676,2019-12-26,2020-01-16,,89398,112984,2
1389677,2019-12-26,2020-01-16,,89445,197190,2
1389678,2019-12-26,2020-01-16,,89522,619720,2
1389679,2019-12-26,2020-01-16,,89522,713890,2
1389680,2019-12-26,2020-01-16,,89524,662567,2
1389681,2019-12-26,2020-01-16,,89749,559557,2
1389682,2019-12-26,2020-01-16,,89757,833056,2
1389683,2019-12-26,2020-01-16,,89871,35838,2
1389684,2019-12-26,2020-01-16,,90141,379570,2
1389685,2019-12-26,2020-01-16,,90141,557727,2
1389686,2019-12-26,2020-01-16,,90393,953816,2
1389687,2019-12-26,2020-01-16,,90410,178548,2
1389688,2019-12-26,2020-01-16,,90473,159416,2
1389689,2019-12-26,2020-01-16,,90578,371633,2
1389690,2019-12-26,2020-01-16,,90578,475289,2
1389691,2019-12-26,2020-01-16,,90707,880894,2
1389692,2019-12-26,2020-01-16,,90830,14503,2
1389693,2019-12-26,2020-01-16,,90830,479326,2
1389694,2019-12-26,2020-01-16,,90830,579482,2
1389695,2019-12-26,2020-01-16,,90848,476366,2
1389696,2019-12-26,2020-01-16,,91142,477743,2
1389697,2019-12-26,2020-01-16,,91248,205103,2
1389698,2019-12-26,2020-01-16,,91264,35380,2
1389699,2019-12-26,2020-01-16,,91538,840337,2
1389700,2019-12-26,2020-01-16,,91659,129114,2
1389701,2019-12-26,2020-01-16,,91659,174755,2
1389702,2019-12-26,2020-01-16,,91659,737851,2
1389703,2019-12-26,2020-01-16,,91699,674266,2
1389704,2019-12-26,2020-01-16,,91742,121793,2
1389705,2019-12-26,2020-01-16,,91742,169956,2
1389706,2019-12-26,2020-01-16,,91742,198739,2
1389707,2019-12-26,2020-01-16,,91742,317888,2
1389708,2019-12-26,2020-01-16,,91742,378524,2
1389709,2019-12-26,2020-01-16,,91742,413198,2
1389710,2019-12-26,2020-01-16,,91742,469435,2
1389711,2019-12-26,2020-01-16,,91742,483589,2
1389712,2019-12-26,2020-01-16,,91742,649539,2
1389713,2019-12-26,2020-01-16,,91742,784755,2
1389714,2019-12-26,2020-01-16,,91742,881576,2
1389715,2019-12-26,2020-01-16,,91816,280127,2
1389716,2019-12-26,2020-01-16,,91829,764416,2
1389717,2019-12-26,2020-01-16,,91878,6139,2
1389718,2019-12-26,2020-01-16,,92106,897817,2
1389719,2019-12-26,2020-01-16,,92318,705987,2
1389720,2019-12-26,2020-01-16,,92425,699241,2
1389721,2019-12-26,2020-01-16,,92427,135009,2
1389722,2019-12-26,2020-01-16,,92460,275987,2
1389723,2019-12-26,2020-01-16,,92501,39402,2
1389724,2019-12-26,2020-01-16,,92725,394154,2
1389725,2019-12-26,2020-01-16,,92737,591640,2
1389726,2019-12-26,2020-01-16,,92792,188196,2
1389727,2019-12-26,2020-01-16,,92870,412988,2
1389728,2019-12-26,2020-01-16,,93050,322504,2
1389729,2019-12-26,2020-01-16,,93078,243883,2
1389730,2019-12-26,2020-01-16,,93234,16061,2
1389731,2019-12-26,2020-01-16,,93280,802744,2
1389732,2019-12-26,2020-01-16,,93280,885419,2
1389733,2019-12-26,2020-01-16,,93411,624809,2
1389734,2019-12-26,2020-01-16,,93498,722996,2
1389735,2019-12-26,2020-01-16,,93689,266132,2
1389736,2019-12-26,2020-01-16,,93705,935643,2
1389737,2019-12-26,2020-01-16,,93860,918527,2
1389738,2019-12-26,2020-01-16,,93881,11573,2
1389739,2019-12-26,2020-01-16,,93973,910573,2
1389740,2019-12-26,2020-01-16,,94004,347999,2
1389741,2019-12-26,2020-01-16,,94063,449801,2
1389742,2019-12-26,2020-01-16,,94214,3002,2
1389743,2019-12-26,2020-01-16,,94309,774663,2
1389744,2019-12-26,2020-01-16,,94356,504367,2
1389745,2019-12-26,2020-01-16,,94630,524228,2
1389746,2019-12-26,2020-01-16,,94736,623381,2
1389747,2019-12-26,2020-01-16,,94736,772823,2
1389748,2019-12-26,2020-01-16,,94740,936439,2
1389749,2019-12-26,2020-01-16,,94752,120940,2
1389750,2019-12-26,2020-01-16,,94936,247320,2
1389751,2019-12-26,2020-01-16,,94975,791948,2
1389752,2019-12-26,2020-01-16,,95037,676598,2
1389753,2019-12-26,2020-01-16,,95046,366483,2
1389754,2019-12-26,2020-01-16,,95088,206622,2
1389755,2019-12-26,2020-01-16,,95290,669996,2
1389756,2019-12-26,2020-01-16,,95430,547317,2
1389757,2019-12-26,2020-01-16,,95430,682999,2
1389758,2019-12-26,2020-01-16,,95459,933688,2
1389759,2019-12-26,2020-01-16,,95590,366484,2
1389760,2019-12-26,2020-01-16,,95743,753764,2
1389761,2019-12-26,2020-01-16,,95812,875511,2
1389762,2019-12-26,2020-01-16,,95863,192629,2
1389763,2019-12-26,2020-01-16,,96000,590273,2
1389764,2019-12-26,2020-01-16,,96010,214262,2
1389765,2019-12-26,2020-01-16,,96160,836663,2
1389766,2019-12-26,2020-01-16,,96202,633345,2
1389767,2019-12-26,2020-01-16,,96390,2793,2
1389768,2019-12-26,2020-01-16,,96427,382395,2
1389769,2019-12-26,2020-01-16,,96609,708049,2
1389770,2019-12-26,2020-01-16,,96636,263700,2
1389771,2019-12-26,2020-01-16,,96700,498847,2
1389772,2019-12-26,2020-01-16,,96743,344821,2
1389773,2019-12-26,2020-01-16,,96823,924890,2
1389774,2019-12-26,2020-01-16,,97013,297335,2
1389775,2019-12-26,2020-01-16,,97065,939003,2
1389776,2019-12-26,2020-01-16,,97171,732457,2
1389777,2019-12-26,2020-01-16,,97203,927175,2
1389778,2019-12-26,2020-01-16,,97475,715021,2
1389779,2019-12-26,2020-01-16,,97521,373924,2
1389780,2019-12-26,2020-01-16,,97547,63688,2
1389781,2019-12-26,2020-01-16,,97751,517606,2
1389782,2019-12-26,2020-01-16,,97751,646415,2
1389783,2019-12-26,2020-01-16,,97860,181177,2
1389784,2019-12-26,2020-01-16,,97872,764251,2
1389785,2019-12-26,2020-01-16,,97915,440567,2
1389786,2019-12-26,2020-01-16,,98105,372964,2
1389787,2019-12-26,2020-01-16,,98445,678494,2
1389788,2019-12-26,2020-01-16,,98472,922185,2
1389789,2019-12-26,2020-01-16,,98836,691273,2
1389790,2019-12-26,2020-01-16,,98870,219102,2
1389791,2019-12-26,2020-01-16,,98872,925810,2
1389792,2019-12-26,2020-01-16,,99066,323869,2
1389793,2019-12-26,2020-01-16,,99179,552583,2
1389794,2019-12-26,2020-01-16,,99303,383268,2
1389795,2019-12-26,2020-01-16,,99322,23075,2
1389796,2019-12-26,2020-01-16,,99322,465655,2
1389797,2019-12-26,2020-01-16,,99355,786825,2
1389798,2019-12-26,2020-01-16,,99424,404107,2
1389799,2019-12-26,2020-01-16,,99440,345600,2
1389800,2019-12-26,2020-01-16,,99833,55348,2
1389801,2019-12-26,2020-01-16,,99885,461143,2
1389802,2019-12-26,2020-01-16,,100341,73459,2
1389803,2019-12-26,2020-01-16,,100613,560672,2
1389804,2019-12-26,2020-01-16,,100617,922517,2
1389805,2019-12-26,2020-01-16,,100762,491672,2
1389806,2019-12-26,2020-01-16,,100808,904745,2
1389807,2019-12-26,2020-01-16,,100835,456081,2
1389808,2019-12-26,2020-01-16,,100938,533971,2
1389809,2019-12-26,2020-01-16,,101005,504436,2
1389810,2019-12-26,2020-01-16,,101131,844951,2
1389811,2019-12-26,2020-01-16,,101143,565598,2
1389812,2019-12-26,2020-01-16,,101143,875907,2
1389813,2019-12-26,2020-01-16,,101201,596734,2
1389814,2019-12-26,2020-01-16,,101392,225225,2
1389815,2019-12-26,2020-01-16,,101401,836696,2
1389816,2019-12-26,2020-01-16,,101505,145141,2
1389817,2019-12-26,2020-01-16,,101567,642724,2
1389818,2019-12-26,2020-01-16,,101581,831841,2
1389819,2019-12-26,2020-01-16,,101590,872014,2
1389820,2019-12-26,2020-01-16,,101603,571142,2
1389821,2019-12-26,2020-01-16,,102056,9225,2
1389822,2019-12-26,2020-01-16,,102139,5143,2
1389823,2019-12-26,2020-01-16,,102176,66471,2
1389824,2019-12-26,2020-01-16,,102226,149506,2
1389825,2019-12-26,2020-01-16,,102310,535953,2
1389826,2019-12-26,2020-01-16,,102366,412362,2
1389827,2019-12-26,2020-01-16,,102618,481834,2
1389828,2019-12-26,2020-01-16,,102653,570647,2
1389829,2019-12-26,2020-01-16,,102723,223837,2
1389830,2019-12-26,2020-01-16,,102751,359965,2
1389831,2019-12-26,2020-01-16,,102859,734419,2
1389832,2019-12-26,2020-01-16,,102977,107508,2
1389833,2019-12-26,2020-01-16,,103014,211127,2
1389834,2019-12-26,2020-01-16,,103014,378383,2
1389835,2019-12-26,2020-01-16,,103445,425996,2
1389836,2019-12-26,2020-01-16,,103516,674181,2
1389837,2019-12-26,2020-01-16,,103654,133210,2
1389838,2019-12-26,2020-01-16,,103667,640365,2
1389839,2019-12-26,2020-01-16,,103762,41075,2
1389840,2019-12-26,2020-01-16,,103766,55758,2
1389841,2019-12-26,2020-01-16,,103921,468882,2
1389842,2019-12-26,2020-01-16,,103955,538017,2
1389843,2019-12-26,2020-01-16,,103997,711080,2
1389844,2019-12-26,2020-01-16,,104013,76649,2
1389845,2019-12-26,2020-01-16,,104022,81821,2
1389846,2019-12-26,2020-01-16,,104022,693686,2
1389847,2019-12-26,2020-01-16,,104201,606359,2
1389848,2019-12-26,2020-01-16,,104233,498059,2
1389849,2019-12-26,2020-01-16,,104271,858331,2
1389850,2019-12-26,2020-01-16,,104493,93972,2
1389851,2019-12-26,2020-01-16,,104622,460803,2
1389852,2019-12-26,2020-01-16,,104740,832758,2
1389853,2019-12-26,2020-01-16,,104761,638659,2
1389854,2019-12-26,2020-01-16,,104853,545028,2
1389855,2019-12-26,2020-01-16,,104869,608433,2
1389856,2019-12-26,2020-01-16,,105018,794028,2
1389857,2019-12-26,2020-01-16,,105221,386418,2
1389858,2019-12-26,2020-01-16,,105320,587440,2
1389859,2019-12-26,2020-01-16,,105398,44846,2
1389860,2019-12-26,2020-01-16,,105444,17687,2
1389861,2019-12-26,2020-01-16,,105492,938604,2
1389862,2019-12-26,2020-01-16,,105537,49506,2
1389863,2019-12-26,2020-01-16,,105605,203738,2
1389864,2019-12-26,2020-01-16,,105691,726948,2
1389865,2019-12-26,2020-01-16,,105883,144903,2
1389866,2019-12-26,2020-01-16,,105935,829799,2
1389867,2019-12-26,2020-01-16,,106003,336251,2
1389868,2019-12-26,2020-01-16,,106190,380347,2
1389869,2019-12-26,2020-01-16,,106242,81743,2
1389870,2019-12-26,2020-01-16,,106242,115632,2
1389871,2019-12-26,2020-01-16,,106354,714769,2
1389872,2019-12-26,2020-01-16,,106356,114626,2
1389873,2019-12-26,2020-01-16,,106356,427661,2
1389874,2019-12-26,2020-01-16,,106595,576042,2
1389875,2019-12-26,2020-01-16,,106617,81065,2
1389876,2019-12-26,2020-01-16,,106793,501681,2
1389877,2019-12-26,2020-01-16,,106811,427468,2
1389878,2019-12-26,2020-01-16,,106851,170474,2
1389879,2019-12-26,2020-01-16,,106884,901877,2
1389880,2019-12-26,2020-01-16,,106905,124745,2
1389881,2019-12-26,2020-01-16,,107035,676621,2
1389882,2019-12-26,2020-01-16,,107164,411798,2
1389883,2019-12-26,2020-01-16,,107166,300865,2
1389884,2019-12-26,2020-01-16,,107387,139931,2
1389885,2019-12-26,2020-01-16,,107390,483253,2
1389886,2019-12-26,2020-01-16,,107392,433142,2
1389887,2019-12-26,2020-01-16,,107532,800839,2
1389888,2019-12-26,2020-01-16,,107970,922432,2
1389889,2019-12-26,2020-01-16,,108086,535250,2
1389890,2019-12-26,2020-01-16,,108297,87541,2
1389891,2019-12-26,2020-01-16,,108400,686707,2
1389892,2019-12-26,2020-01-16,,108524,850111,2
1389893,2019-12-26,2020-01-16,,108569,811222,2
1389894,2019-12-26,2020-01-16,,108591,405228,2
1389895,2019-12-26,2020-01-16,,108798,252357,2
1389896,2019-12-26,2020-01-16,,108894,190944,2
1389897,2019-12-26,2020-01-16,,108904,688867,2
1389898,2019-12-26,2020-01-16,,109211,469720,2
1389899,2019-12-26,2020-01-16,,109373,882315,2
1389900,2019-12-26,2020-01-16,,109415,620717,2
1389901,2019-12-26,2020-01-16,,109508,527449,2
1389902,2019-12-26,2020-01-16,,109561,632391,2
1389903,2019-12-26,2020-01-16,,109819,542300,2
1389904,2019-12-26,2020-01-16,,109917,232739,2
1389905,2019-12-26,2020-01-16,,109917,740363,2
1389906,2019-12-26,2020-01-16,,110348,873808,2
1389907,2019-12-26,2020-01-16,,110439,932553,2
1389908,2019-12-26,2020-01-16,,110461,809394,2
1389909,2019-12-26,2020-01-16,,110703,846349,2
1389910,2019-12-26,2020-01-16,,110916,110595,2
1389911,2019-12-26,2020-01-16,,110916,533419,2
1389912,2019-12-26,2020-01-16,,110916,595645,2
1389913,2019-12-26,2020-01-16,,110992,413412,2
1389914,2019-12-26,2020-01-16,,111115,864816,2
1389915,2019-12-26,2020-01-16,,111184,625700,2
1389916,2019-12-26,2020-01-16,,111202,405734,2
1389917,2019-12-26,2020-01-16,,111230,796362,2
1389918,2019-12-26,2020-01-16,,111311,129721,2
1389919,2019-12-26,2020-01-16,,111331,738414,2
1389920,2019-12-26,2020-01-16,,111541,215479,2
1389921,2019-12-26,2020-01-16,,111555,588258,2
1389922,2019-12-26,2020-01-16,,111557,1084,2
1389923,2019-12-26,2020-01-16,,111692,574904,2
1389924,2019-12-26,2020-01-16,,112054,641963,2
1389925,2019-12-26,2020-01-16,,112056,49527,2
1389926,2019-12-26,2020-01-16,,112056,391679,2
1389927,2019-12-26,2020-01-16,,112056,408151,2
1389928,2019-12-26,2020-01-16,,112105,404049,2
1389929,2019-12-26,2020-01-16,,112398,517447,2
1389930,2019-12-26,2020-01-16,,112498,424385,2
1389931,2019-12-26,2020-01-16,,112531,98361,2
1389932,2019-12-26,2020-01-16,,112573,13101,2
1389933,2019-12-26,2020-01-16,,112636,514042,2
1389934,2019-12-26,2020-01-16,,112706,193577,2
1389935,2019-12-26,2020-01-16,,112771,304404,2
1389936,2019-12-26,2020-01-16,,112786,755406,2
1389937,2019-12-26,2020-01-16,,113237,468999,2
1389938,2019-12-26,2020-01-16,,113287,92719,2
1389939,2019-12-26,2020-01-16,,113399,197375,2
1389940,2019-12-26,2020-01-16,,113413,260959,2
1389941,2019-12-26,2020-01-16,,113449,121231,2
1389942,2019-12-26,2020-01-16,,113527,191436,2
1389943,2019-12-26,2020-01-16,,113610,48699,2
1389944,2019-12-26,2020-01-16,,113678,467307,2
1389945,2019-12-26,2020-01-16,,113700,610949,2
1389946,2019-12-26,2020-01-16,,113708,524585,2
1389947,2019-12-26,2020-01-16,,113708,829972,2
1389948,2019-12-26,2020-01-16,,113748,868838,2
1389949,2019-12-26,2020-01-16,,113785,106214,2
1389950,2019-12-26,2020-01-16,,113856,139459,2
1389951,2019-12-26,2020-01-16,,114075,14517,2
1389952,2019-12-26,2020-01-16,,114104,699521,2
1389953,2019-12-26,2020-01-16,,114117,5060,2
1389954,2019-12-26,2020-01-16,,114221,96169,2
1389955,2019-12-26,2020-01-16,,114288,123573,2
1389956,2019-12-26,2020-01-16,,114312,329392,2
1389957,2019-12-26,2020-01-16,,114398,564458,2
1389958,2019-12-26,2020-01-16,,114573,436290,2
1389959,2019-12-26,2020-01-16,,114587,783742,2
1389960,2019-12-26,2020-01-16,,114603,188224,2
1389961,2019-12-26,2020-01-16,,114620,829326,2
1389962,2019-12-26,2020-01-16,,114690,452508,2
1389963,2019-12-26,2020-01-16,,114854,581515,2
1389964,2019-12-26,2020-01-16,,114880,669460,2
1389965,2019-12-26,2020-01-16,,114941,954001,2
1389966,2019-12-26,2020-01-16,,114997,430544,2
1389967,2019-12-26,2020-01-16,,115105,354337,2
1389968,2019-12-26,2020-01-16,,115529,159447,2
1389969,2019-12-26,2020-01-16,,115583,954649,2
1389970,2019-12-26,2020-01-16,,115613,80058,2
1389971,2019-12-26,2020-01-16,,115693,469248,2
1389972,2019-12-26,2020-01-16,,115752,10328,2
1389973,2019-12-26,2020-01-16,,115768,132779,2
1389974,2019-12-26,2020-01-16,,116068,357297,2
1389975,2019-12-26,2020-01-16,,116084,814794,2
1389976,2019-12-26,2020-01-16,,116207,665286,2
1389977,2019-12-26,2020-01-16,,116242,761668,2
1389978,2019-12-26,2020-01-16,,116346,614480,2
1389979,2019-12-26,2020-01-16,,116371,630796,2
1389980,2019-12-26,2020-01-16,,116375,267292,2
1389981,2019-12-26,2020-01-16,,116375,386218,2
1389982,2019-12-26,2020-01-16,,116553,935984,2
1389983,2019-12-26,2020-01-16,,116716,900904,2
1389984,2019-12-26,2020-01-16,,116976,811032,2
1389985,2019-12-26,2020-01-16,,117102,683000,2
1389986,2019-12-26,2020-01-16,,117102,743544,2
1389987,2019-12-26,2020-01-16,,117140,809761,2
1389988,2019-12-26,2020-01-16,,117288,238743,2
1389989,2019-12-26,2020-01-16,,117288,482860,2
1389990,2019-12-26,2020-01-16,,117410,157972,2
1389991,2019-12-26,2020-01-16,,117410,336941,2
1389992,2019-12-26,2020-01-16,,117410,479402,2
1389993,2019-12-26,2020-01-16,,117580,782838,2
1389994,2019-12-26,2020-01-16,,117678,349828,2
1389995,2019-12-26,2020-01-16,,117678,382077,2
1389996,2019-12-26,2020-01-16,,117720,882940,2
1389997,2019-12-26,2020-01-16,,117744,55009,2
1389998,2019-12-26,2020-01-16,,117815,475468,2
1389999,2019-12-26,2020-01-16,,117830,548680,2
1390000,2019-12-26,2020-01-16,,117923,16089,2
1390001,2019-12-26,2020-01-16,,117923,21072,2
1390002,2019-12-26,2020-01-16,,117923,38111,2
1390003,2019-12-26,2020-01-16,,117923,68332,2
1390004,2019-12-26,2020-01-16,,117923,285427,2
1390005,2019-12-26,2020-01-16,,117923,331554,2
1390006,2019-12-26,2020-01-16,,117923,476017,2
1390007,2019-12-26,2020-01-16,,118140,522574,2
1390008,2019-12-26,2020-01-16,,118226,289696,2
1390009,2019-12-26,2020-01-16,,118234,443972,2
1390010,2019-12-26,2020-01-16,,118293,813233,2
1390011,2019-12-26,2020-01-16,,118518,518396,2
1390012,2019-12-26,2020-01-16,,118528,513789,2
1390013,2019-12-26,2020-01-16,,118568,381268,2
1390014,2019-12-26,2020-01-16,,118586,305386,2
1390015,2019-12-26,2020-01-16,,118606,462873,2
1390016,2019-12-26,2020-01-16,,118735,723249,2
1390017,2019-12-26,2020-01-16,,118780,791847,2
1390018,2019-12-26,2020-01-16,,118896,468763,2
1390019,2019-12-26,2020-01-16,,118912,89467,2
1390020,2019-12-26,2020-01-16,,119459,393781,2
1390021,2019-12-26,2020-01-16,,119459,841604,2
1390022,2019-12-26,2020-01-16,,119810,49708,2
1390023,2019-12-26,2020-01-16,,119821,621077,2
1390024,2019-12-26,2020-01-16,,119821,763685,2
1390025,2019-12-26,2020-01-16,,119891,202996,2
1390026,2019-12-26,2020-01-16,,119910,217710,2
1390027,2019-12-26,2020-01-16,,119915,560579,2
1390028,2019-12-26,2020-01-16,,120240,345022,2
1390029,2019-12-26,2020-01-16,,120461,821315,2
1390030,2019-12-26,2020-01-16,,120473,739443,2
1390031,2019-12-26,2020-01-16,,120530,81817,2
1390032,2019-12-26,2020-01-16,,120555,344877,2
1390033,2019-12-26,2020-01-16,,120565,188197,2
1390034,2019-12-26,2020-01-16,,120631,397375,2
1390035,2019-12-26,2020-01-16,,120631,577641,2
1390036,2019-12-26,2020-01-16,,120631,828772,2
1390037,2019-12-26,2020-01-16,,120697,654369,2
1390038,2019-12-26,2020-01-16,,120858,616872,2
1390039,2019-12-26,2020-01-16,,121189,201981,2
1390040,2019-12-26,2020-01-16,,121312,164586,2
1390041,2019-12-26,2020-01-16,,121331,564635,2
1390042,2019-12-26,2020-01-16,,121372,311325,2
1390043,2019-12-26,2020-01-16,,121396,729344,2
1390044,2019-12-26,2020-01-16,,121698,191266,2
1390045,2019-12-26,2020-01-16,,121911,863777,2
1390046,2019-12-26,2020-01-16,,121970,699047,2
1390047,2019-12-26,2020-01-16,,122007,391507,2
1390048,2019-12-26,2020-01-16,,122293,189641,2
1390049,2019-12-26,2020-01-16,,122605,829327,2
1390050,2019-12-26,2020-01-16,,122707,683239,2
1390051,2019-12-26,2020-01-16,,122735,691007,2
1390052,2019-12-26,2020-01-16,,122790,122380,2
1390053,2019-12-26,2020-01-16,,122997,109143,2
1390054,2019-12-26,2020-01-16,,123025,781090,2
1390055,2019-12-26,2020-01-16,,123060,465928,2
1390056,2019-12-26,2020-01-16,,123119,105900,2
1390057,2019-12-26,2020-01-16,,123226,204761,2
1390058,2019-12-26,2020-01-16,,123266,614362,2
1390059,2019-12-26,2020-01-16,,123310,472662,2
1390060,2019-12-26,2020-01-16,,123467,113727,2
1390061,2019-12-26,2020-01-16,,123564,445165,2
1390062,2019-12-26,2020-01-16,,123610,479300,2
1390063,2019-12-26,2020-01-16,,123685,420732,2
1390064,2019-12-26,2020-01-16,,123836,656923,2
1390065,2019-12-26,2020-01-16,,124086,823126,2
1390066,2019-12-26,2020-01-16,,124210,82329,2
1390067,2019-12-26,2020-01-16,,124236,5104,2
1390068,2019-12-26,2020-01-16,,124239,480724,2
1390069,2019-12-26,2020-01-16,,124454,893593,2
1390070,2019-12-26,2020-01-16,,124740,852589,2
1390071,2019-12-26,2020-01-16,,124832,701426,2
1390072,2019-12-26,2020-01-16,,124837,189086,2
1390073,2019-12-26,2020-01-16,,125112,18773,2
1390074,2019-12-26,2020-01-16,,125138,629397,2
1390075,2019-12-26,2020-01-16,,125249,75820,2
1390076,2019-12-26,2020-01-16,,125433,386211,2
1390077,2019-12-26,2020-01-16,,125496,72246,2
1390078,2019-12-26,2020-01-16,,125496,355869,2
1390079,2019-12-26,2020-01-16,,125584,884000,2
1390080,2019-12-26,2020-01-16,,125907,254369,2
1390081,2019-12-26,2020-01-16,,125941,127293,2
1390082,2019-12-26,2020-01-16,,126147,707264,2
1390083,2019-12-26,2020-01-16,,126310,88624,2
1390084,2019-12-26,2020-01-16,,126467,504910,2
1390085,2019-12-26,2020-01-16,,126505,828458,2
1390086,2019-12-26,2020-01-16,,126546,818372,2
1390087,2019-12-26,2020-01-16,,126604,411727,2
1390088,2019-12-26,2020-01-16,,126662,419105,2
1390089,2019-12-26,2020-01-16,,126819,171823,2
1390090,2019-12-26,2020-01-16,,126822,764564,2
1390091,2019-12-26,2020-01-16,,126829,444849,2
1390092,2019-12-26,2020-01-16,,126832,877086,2
1390093,2019-12-26,2020-01-16,,126978,330834,2
1390094,2019-12-26,2020-01-16,,127136,719220,2
1390095,2019-12-26,2020-01-16,,127183,782138,2
1390096,2019-12-26,2020-01-16,,127333,355242,2
1390097,2019-12-26,2020-01-16,,127628,179677,2
1390098,2019-12-26,2020-01-16,,127628,612803,2
1390099,2019-12-26,2020-01-16,,127628,858529,2
1390100,2019-12-26,2020-01-16,,127685,60248,2
1390101,2019-12-26,2020-01-16,,127685,115636,2
1390102,2019-12-26,2020-01-16,,127737,311527,2
1390103,2019-12-26,2020-01-16,,127737,492839,2
1390104,2019-12-26,2020-01-16,,127737,951523,2
1390105,2019-12-26,2020-01-16,,127741,757755,2
1390106,2019-12-26,2020-01-16,,127779,360751,2
1390107,2019-12-26,2020-01-16,,128095,484094,2
1390108,2019-12-26,2020-01-16,,128095,631713,2
1390109,2019-12-26,2020-01-16,,128177,478729,2
1390110,2019-12-26,2020-01-16,,128240,362139,2
1390111,2019-12-26,2020-01-16,,128438,603615,2
1390112,2019-12-26,2020-01-16,,128463,639205,2
1390113,2019-12-26,2020-01-16,,128498,843752,2
1390114,2019-12-26,2020-01-16,,128509,864817,2
1390115,2019-12-26,2020-01-16,,128674,74222,2
1390116,2019-12-26,2020-01-16,,128685,837150,2
1390117,2019-12-26,2020-01-16,,128687,633427,2
1390118,2019-12-26,2020-01-16,,128934,684039,2
1390119,2019-12-26,2020-01-16,,129132,395225,2
1390120,2019-12-26,2020-01-16,,129138,111365,2
1390121,2019-12-26,2020-01-16,,129292,182534,2
1390122,2019-12-26,2020-01-16,,129327,130547,2
1390123,2019-12-26,2020-01-16,,129483,904304,2
1390124,2019-12-26,2020-01-16,,129534,586537,2
1390125,2019-12-26,2020-01-16,,129628,835610,2
1390126,2019-12-26,2020-01-16,,129663,447181,2
1390127,2019-12-26,2020-01-16,,129896,180311,2
1390128,2019-12-26,2020-01-16,,129896,212852,2
1390129,2019-12-26,2020-01-16,,129896,320054,2
1390130,2019-12-26,2020-01-16,,130018,735581,2
1390131,2019-12-26,2020-01-16,,130130,798512,2
1390132,2019-12-26,2020-01-16,,130542,627941,2
1390133,2019-12-26,2020-01-16,,130608,184349,2
1390134,2019-12-26,2020-01-16,,130655,549877,2
1390135,2019-12-26,2020-01-16,,130948,744798,2
1390136,2019-12-26,2020-01-16,,131082,706794,2
1390137,2019-12-26,2020-01-16,,131109,138161,2
1390138,2019-12-26,2020-01-16,,131165,185590,2
1390139,2019-12-26,2020-01-16,,131380,497180,2
1390140,2019-12-26,2020-01-16,,131523,216887,2
1390141,2019-12-26,2020-01-16,,131533,27720,2
1390142,2019-12-26,2020-01-16,,131687,19500,2
1390143,2019-12-26,2020-01-16,,131689,572892,2
1390144,2019-12-26,2020-01-16,,131873,432932,2
1390145,2019-12-26,2020-01-16,,131981,67979,2
1390146,2019-12-26,2020-01-16,,132144,288932,2
1390147,2019-12-26,2020-01-16,,132144,872794,2
1390148,2019-12-26,2020-01-16,,132285,861975,2
1390149,2019-12-26,2020-01-16,,132414,840372,2
1390150,2019-12-26,2020-01-16,,132742,146857,2
1390151,2019-12-26,2020-01-16,,132846,285280,2
1390152,2019-12-26,2020-01-16,,132891,503853,2
1390153,2019-12-26,2020-01-16,,132911,602580,2
1390154,2019-12-26,2020-01-16,,133060,413587,2
1390155,2019-12-26,2020-01-16,,133215,795430,2
1390156,2019-12-26,2020-01-16,,133287,297864,2
1390157,2019-12-26,2020-01-16,,133375,283078,2
1390158,2019-12-26,2020-01-16,,133511,528199,2
1390159,2019-12-26,2020-01-16,,133517,936919,2
1390160,2019-12-26,2020-01-16,,133574,791211,2
1390161,2019-12-26,2020-01-16,,133646,632654,2
1390162,2019-12-26,2020-01-16,,133646,875769,2
1390163,2019-12-26,2020-01-16,,133720,417022,2
1390164,2019-12-26,2020-01-16,,133721,219419,2
1390165,2019-12-26,2020-01-16,,133743,603969,2
1390166,2019-12-26,2020-01-16,,133749,820045,2
1390167,2019-12-26,2020-01-16,,133814,327591,2
1390168,2019-12-26,2020-01-16,,133924,892925,2
1390169,2019-12-26,2020-01-16,,134120,101806,2
1390170,2019-12-26,2020-01-16,,134129,418009,2
1390171,2019-12-26,2020-01-16,,134303,47197,2
1390172,2019-12-26,2020-01-16,,134367,216777,2
1390173,2019-12-26,2020-01-16,,134518,734550,2
1390174,2019-12-26,2020-01-16,,134576,327298,2
1390175,2019-12-26,2020-01-16,,134576,899746,2
1390176,2019-12-26,2020-01-16,,134580,119860,2
1390177,2019-12-26,2020-01-16,,134589,626684,2
1390178,2019-12-26,2020-01-16,,134591,588708,2
1390179,2019-12-26,2020-01-16,,134687,694656,2
1390180,2019-12-26,2020-01-16,,134748,814911,2
1390181,2019-12-26,2020-01-16,,134777,139286,2
1390182,2019-12-26,2020-01-16,,134914,635468,2
1390183,2019-12-26,2020-01-16,,134947,121043,2
1390184,2019-12-26,2020-01-16,,135088,773941,2
1390185,2019-12-26,2020-01-16,,135102,189760,2
1390186,2019-12-26,2020-01-16,,135268,412076,2
1390187,2019-12-26,2020-01-16,,135331,175129,2
1390188,2019-12-26,2020-01-16,,135344,278433,2
1390189,2019-12-26,2020-01-16,,135613,771845,2
1390190,2019-12-26,2020-01-16,,135770,567518,2
1390191,2019-12-26,2020-01-16,,135904,455672,2
1390192,2019-12-26,2020-01-16,,135937,151399,2
1390193,2019-12-26,2020-01-16,,136008,216314,2
1390194,2019-12-26,2020-01-16,,136081,841001,2
1390195,2019-12-26,2020-01-16,,136082,161538,2
1390196,2019-12-26,2020-01-16,,136145,472738,2
1390197,2019-12-26,2020-01-16,,136274,413321,2
1390198,2019-12-26,2020-01-16,,136275,173611,2
1390199,2019-12-26,2020-01-16,,136315,798140,2
1390200,2019-12-26,2020-01-16,,136353,406254,2
1390201,2019-12-26,2020-01-16,,136471,702416,2
1390202,2019-12-26,2020-01-16,,136522,675999,2
1390203,2019-12-26,2020-01-16,,136665,711110,2
1390204,2019-12-26,2020-01-16,,136708,130418,2
1390205,2019-12-26,2020-01-16,,136806,851519,2
1390206,2019-12-26,2020-01-16,,137085,3204,2
1390207,2019-12-26,2020-01-16,,137398,334964,2
1390208,2019-12-26,2020-01-16,,137398,683001,2
1390209,2019-12-26,2020-01-16,,137564,483752,2
1390210,2019-12-26,2020-01-16,,137711,482879,2
1390211,2019-12-26,2020-01-16,,137727,65791,2
1390212,2019-12-26,2020-01-16,,137738,687136,2
1390213,2019-12-26,2020-01-16,,137796,926079,2
1390214,2019-12-26,2020-01-16,,138008,815291,2
1390215,2019-12-26,2020-01-16,,138156,653152,2
1390216,2019-12-26,2020-01-16,,138156,670656,2
1390217,2019-12-26,2020-01-16,,138194,712277,2
1390218,2019-12-26,2020-01-16,,138216,893045,2
1390219,2019-12-26,2020-01-16,,138223,326468,2
1390220,2019-12-26,2020-01-16,,138223,902671,2
1390221,2019-12-26,2020-01-16,,138434,904487,2
1390222,2019-12-26,2020-01-16,,138495,753515,2
1390223,2019-12-26,2020-01-16,,138547,319385,2
1390224,2019-12-26,2020-01-16,,138587,430179,2
1390225,2019-12-26,2020-01-16,,138587,575157,2
1390226,2019-12-26,2020-01-16,,138587,846907,2
1390227,2019-12-26,2020-01-16,,138914,759760,2
1390228,2019-12-26,2020-01-16,,139072,107011,2
1390229,2019-12-26,2020-01-16,,139091,809079,2
1390230,2019-12-26,2020-01-16,,139142,829541,2
1390231,2019-12-26,2020-01-16,,139144,631774,2
1390232,2019-12-26,2020-01-16,,139266,669824,2
1390233,2019-12-26,2020-01-16,,139498,197695,2
1390234,2019-12-26,2020-01-16,,139749,116876,2
1390235,2019-12-26,2020-01-16,,139756,719482,2
1390236,2019-12-26,2020-01-16,,139758,933907,2
1390237,2019-12-26,2020-01-16,,139780,510673,2
1390238,2019-12-26,2020-01-16,,139780,772824,2
1390239,2019-12-26,2020-01-16,,139938,588616,2
1390240,2019-12-26,2020-01-16,,140274,581385,2
1390241,2019-12-26,2020-01-16,,140293,274687,2
1390242,2019-12-26,2020-01-16,,140322,919841,2
1390243,2019-12-26,2020-01-16,,140774,256614,2
1390244,2019-12-26,2020-01-16,,140777,207420,2
1390245,2019-12-26,2020-01-16,,141027,9571,2
1390246,2019-12-26,2020-01-16,,141138,554674,2
1390247,2019-12-26,2020-01-16,,141139,453920,2
1390248,2019-12-26,2020-01-16,,141428,388445,2
1390249,2019-12-26,2020-01-16,,141443,896661,2
1390250,2019-12-26,2020-01-16,,141448,603441,2
1390251,2019-12-26,2020-01-16,,141548,368748,2
1390252,2019-12-26,2020-01-16,,141594,470789,2
1390253,2019-12-26,2020-01-16,,141865,33613,2
1390254,2019-12-26,2020-01-16,,141918,282132,2
1390255,2019-12-26,2020-01-16,,141918,348457,2
1390256,2019-12-26,2020-01-16,,141918,681594,2
1390257,2019-12-26,2020-01-16,,141992,577237,2
1390258,2019-12-26,2020-01-16,,141999,615624,2
1390259,2019-12-26,2020-01-16,,142082,181482,2
1390260,2019-12-26,2020-01-16,,142130,93092,2
1390261,2019-12-26,2020-01-16,,142130,789340,2
1390262,2019-12-26,2020-01-16,,142138,671385,2
1390263,2019-12-26,2020-01-16,,142190,873516,2
1390264,2019-12-26,2020-01-16,,142203,945813,2
1390265,2019-12-26,2020-01-16,,142402,340854,2
1390266,2019-12-26,2020-01-16,,142457,769340,2
1390267,2019-12-26,2020-01-16,,142510,164827,2
1390268,2019-12-26,2020-01-16,,142589,287440,2
1390269,2019-12-26,2020-01-16,,142684,891050,2
1390270,2019-12-26,2020-01-16,,142710,588586,2
1390271,2019-12-26,2020-01-16,,142787,706163,2
1390272,2019-12-26,2020-01-16,,142847,599350,2
1390273,2019-12-26,2020-01-16,,143026,310970,2
1390274,2019-12-26,2020-01-16,,143134,7030,2
1390275,2019-12-26,2020-01-16,,143135,829631,2
1390276,2019-12-26,2020-01-16,,143147,772242,2
1390277,2019-12-26,2020-01-16,,143390,62730,2
1390278,2019-12-26,2020-01-16,,143451,207988,2
1390279,2019-12-26,2020-01-16,,143484,51781,2
1390280,2019-12-26,2020-01-16,,143547,871468,2
1390281,2019-12-26,2020-01-16,,143618,453633,2
1390282,2019-12-26,2020-01-16,,143845,100173,2
1390283,2019-12-26,2020-01-16,,143996,579921,2
1390284,2019-12-26,2020-01-16,,144170,564622,2
1390285,2019-12-26,2020-01-16,,144181,225098,2
1390286,2019-12-26,2020-01-16,,144216,413322,2
1390287,2019-12-26,2020-01-16,,144252,231706,2
1390288,2019-12-26,2020-01-16,,144373,248456,2
1390289,2019-12-26,2020-01-16,,144387,902856,2
1390290,2019-12-26,2020-01-16,,144475,204142,2
1390291,2019-12-26,2020-01-16,,144480,388536,2
1390292,2019-12-26,2020-01-16,,144519,737169,2
1390293,2019-12-26,2020-01-16,,144563,195148,2
1390294,2019-12-26,2020-01-16,,144831,495783,2
1390295,2019-12-26,2020-01-16,,144910,633555,2
1390296,2019-12-26,2020-01-16,,145362,375072,2
1390297,2019-12-26,2020-01-16,,145531,212797,2
1390298,2019-12-26,2020-01-16,,145567,783624,2
1390299,2019-12-26,2020-01-16,,145697,725923,2
1390300,2019-12-26,2020-01-16,,145715,727159,2
1390301,2019-12-26,2020-01-16,,145932,862690,2
1390302,2019-12-26,2020-01-16,,145968,773262,2
1390303,2019-12-26,2020-01-16,,145968,791885,2
1390304,2019-12-26,2020-01-16,,146068,900855,2
1390305,2019-12-26,2020-01-16,,146077,786298,2
1390306,2019-12-26,2020-01-16,,146145,591851,2
1390307,2019-12-26,2020-01-16,,146186,51850,2
1390308,2019-12-26,2020-01-16,,146383,60535,2
1390309,2019-12-26,2020-01-16,,146396,944562,2
1390310,2019-12-26,2020-01-16,,146468,688329,2
1390311,2019-12-26,2020-01-16,,146570,776259,2
1390312,2019-12-26,2020-01-16,,146605,453987,2
1390313,2019-12-26,2020-01-16,,146642,709938,2
1390314,2019-12-26,2020-01-16,,146728,683813,2
1390315,2019-12-26,2020-01-16,,146730,81749,2
1390316,2019-12-26,2020-01-16,,146733,398166,2
1390317,2019-12-26,2020-01-16,,146733,948613,2
1390318,2019-12-26,2020-01-16,,146800,110505,2
1390319,2019-12-26,2020-01-16,,146800,151033,2
1390320,2019-12-26,2020-01-16,,146800,183112,2
1390321,2019-12-26,2020-01-16,,146800,188574,2
1390322,2019-12-26,2020-01-16,,146800,391799,2
1390323,2019-12-26,2020-01-16,,146815,9063,2
1390324,2019-12-26,2020-01-16,,146819,718730,2
1390325,2019-12-26,2020-01-16,,146865,833126,2
1390326,2019-12-26,2020-01-16,,146909,563394,2
1390327,2019-12-26,2020-01-16,,146981,876265,2
1390328,2019-12-26,2020-01-16,,147130,698876,2
1390329,2019-12-26,2020-01-16,,147334,9580,2
1390330,2019-12-26,2020-01-16,,147513,413464,2
1390331,2019-12-26,2020-01-16,,147968,160224,2
1390332,2019-12-26,2020-01-16,,148139,556434,2
1390333,2019-12-26,2020-01-16,,148310,285284,2
1390334,2019-12-26,2020-01-16,,148361,20286,2
1390335,2019-12-26,2020-01-16,,148372,209641,2
1390336,2019-12-26,2020-01-16,,148583,238888,2
1390337,2019-12-26,2020-01-16,,148583,385669,2
1390338,2019-12-26,2020-01-16,,148583,619878,2
1390339,2019-12-26,2020-01-16,,148687,769180,2
1390340,2019-12-26,2020-01-16,,148687,792865,2
1390341,2019-12-26,2020-01-16,,148755,174060,2
1390342,2019-12-26,2020-01-16,,148756,552806,2
1390343,2019-12-26,2020-01-16,,148804,426564,2
1390344,2019-12-26,2020-01-16,,148837,951220,2
1390345,2019-12-26,2020-01-16,,149225,700608,2
1390346,2019-12-26,2020-01-16,,149284,761989,2
1390347,2019-12-26,2020-01-16,,149536,605210,2
1390348,2019-12-26,2020-01-16,,149602,392032,2
1390349,2019-12-26,2020-01-16,,149615,946989,2
1390350,2019-12-26,2020-01-16,,149707,67999,2
1390351,2019-12-26,2020-01-16,,149768,3944,2
1390352,2019-12-26,2020-01-16,,149852,640734,2
1390353,2019-12-26,2020-01-16,,150028,308055,2
1390354,2019-12-26,2020-01-16,,150063,72599,2
1390355,2019-12-26,2020-01-16,,150136,124307,2
1390356,2019-12-26,2020-01-16,,150209,806444,2
1390357,2019-12-26,2020-01-16,,150239,741156,2
1390358,2019-12-26,2020-01-16,,150473,102299,2
1390359,2019-12-26,2020-01-16,,150549,260110,2
1390360,2019-12-26,2020-01-16,,150618,150632,2
1390361,2019-12-26,2020-01-16,,150658,219164,2
1390362,2019-12-26,2020-01-16,,150822,49528,2
1390363,2019-12-26,2020-01-16,,150822,553429,2
1390364,2019-12-26,2020-01-16,,150822,713470,2
1390365,2019-12-26,2020-01-16,,150822,951429,2
1390366,2019-12-26,2020-01-16,,150829,823146,2
1390367,2019-12-26,2020-01-16,,150848,159934,2
1390368,2019-12-26,2020-01-16,,150848,569488,2
1390369,2019-12-26,2020-01-16,,150862,479128,2
1390370,2019-12-26,2020-01-16,,150981,13352,2
1390371,2019-12-26,2020-01-16,,151047,100332,2
1390372,2019-12-26,2020-01-16,,151079,363819,2
1390373,2019-12-26,2020-01-16,,151148,21695,2
1390374,2019-12-26,2020-01-16,,151148,819785,2
1390375,2019-12-26,2020-01-16,,151296,366438,2
1390376,2019-12-26,2020-01-16,,151296,476844,2
1390377,2019-12-26,2020-01-16,,151358,556690,2
1390378,2019-12-26,2020-01-16,,151414,164621,2
1390379,2019-12-26,2020-01-16,,151738,905155,2
1390380,2019-12-26,2020-01-16,,151777,177727,2
1390381,2019-12-26,2020-01-16,,151791,95014,2
1390382,2019-12-26,2020-01-16,,151791,454643,2
1390383,2019-12-26,2020-01-16,,151791,750217,2
1390384,2019-12-26,2020-01-16,,151933,82722,2
1390385,2019-12-26,2020-01-16,,152165,753570,2
1390386,2019-12-26,2020-01-16,,152202,166951,2
1390387,2019-12-26,2020-01-16,,152207,89306,2
1390388,2019-12-26,2020-01-16,,152240,376500,2
1390389,2019-12-26,2020-01-16,,152267,644927,2
1390390,2019-12-26,2020-01-16,,152319,105294,2
1390391,2019-12-26,2020-01-16,,152384,754598,2
1390392,2019-12-26,2020-01-16,,152425,320487,2
1390393,2019-12-26,2020-01-16,,152426,466434,2
1390394,2019-12-26,2020-01-16,,152430,444609,2
1390395,2019-12-26,2020-01-16,,152500,67571,2
1390396,2019-12-26,2020-01-16,,152656,490444,2
1390397,2019-12-26,2020-01-16,,152812,237682,2
1390398,2019-12-26,2020-01-16,,152828,254563,2
1390399,2019-12-26,2020-01-16,,152904,933627,2
1390400,2019-12-26,2020-01-16,,152969,622546,2
1390401,2019-12-26,2020-01-16,,153194,631540,2
1390402,2019-12-26,2020-01-16,,153212,906252,2
1390403,2019-12-26,2020-01-16,,153216,309537,2
1390404,2019-12-26,2020-01-16,,153258,258466,2
1390405,2019-12-26,2020-01-16,,153392,14000,2
1390406,2019-12-26,2020-01-16,,153392,326571,2
1390407,2019-12-26,2020-01-16,,153392,380877,2
1390408,2019-12-26,2020-01-16,,153392,492518,2
1390409,2019-12-26,2020-01-16,,153392,603161,2
1390410,2019-12-26,2020-01-16,,153392,719596,2
1390411,2019-12-26,2020-01-16,,153392,844396,2
1390412,2019-12-26,2020-01-16,,153392,851743,2
1390413,2019-12-26,2020-01-16,,153419,751602,2
1390414,2019-12-26,2020-01-16,,153494,738970,2
1390415,2019-12-26,2020-01-16,,153570,496582,2
1390416,2019-12-26,2020-01-16,,153636,88543,2
1390417,2019-12-26,2020-01-16,,153636,92370,2
1390418,2019-12-26,2020-01-16,,153636,413413,2
1390419,2019-12-26,2020-01-16,,153636,546949,2
1390420,2019-12-26,2020-01-16,,153636,671198,2
1390421,2019-12-26,2020-01-16,,153636,868873,2
1390422,2019-12-26,2020-01-16,,153750,358521,2
1390423,2019-12-26,2020-01-16,,153758,702327,2
1390424,2019-12-26,2020-01-16,,153797,788650,2
1390425,2019-12-26,2020-01-16,,153819,612678,2
1390426,2019-12-26,2020-01-16,,153909,446196,2
1390427,2019-12-26,2020-01-16,,153912,488273,2
1390428,2019-12-26,2020-01-16,,153951,726730,2
1390429,2019-12-26,2020-01-16,,153953,356956,2
1390430,2019-12-26,2020-01-16,,154078,145023,2
1390431,2019-12-26,2020-01-16,,154114,290626,2
1390432,2019-12-26,2020-01-16,,154326,823888,2
1390433,2019-12-26,2020-01-16,,154482,415369,2
1390434,2019-12-26,2020-01-16,,154509,237151,2
1390435,2019-12-26,2020-01-16,,154579,860138,2
1390436,2019-12-26,2020-01-16,,154855,32523,2
1390437,2019-12-26,2020-01-16,,154928,817080,2
1390438,2019-12-26,2020-01-16,,154983,128355,2
1390439,2019-12-26,2020-01-16,,155046,354124,2
1390440,2019-12-26,2020-01-16,,155142,109361,2
1390441,2019-12-26,2020-01-16,,155156,35326,2
1390442,2019-12-26,2020-01-16,,155181,365669,2
1390443,2019-12-26,2020-01-16,,155301,510384,2
1390444,2019-12-26,2020-01-16,,155468,441242,2
1390445,2019-12-26,2020-01-16,,155666,55997,2
1390446,2019-12-26,2020-01-16,,155753,151354,2
1390447,2019-12-26,2020-01-16,,155782,603376,2
1390448,2019-12-26,2020-01-16,,155809,811793,2
1390449,2019-12-26,2020-01-16,,155817,571737,2
1390450,2019-12-26,2020-01-16,,155841,194588,2
1390451,2019-12-26,2020-01-16,,155874,518982,2
1390452,2019-12-26,2020-01-16,,155921,465431,2
1390453,2019-12-26,2020-01-16,,156251,167714,2
1390454,2019-12-26,2020-01-16,,156251,689209,2
1390455,2019-12-26,2020-01-16,,156265,175903,2
1390456,2019-12-26,2020-01-16,,156295,77266,2
1390457,2019-12-26,2020-01-16,,156315,747946,2
1390458,2019-12-26,2020-01-16,,156496,637323,2
1390459,2019-12-26,2020-01-16,,156549,880727,2
1390460,2019-12-26,2020-01-16,,156912,733960,2
1390461,2019-12-26,2020-01-16,,157032,761055,2
1390462,2019-12-26,2020-01-16,,157062,577699,2
1390463,2019-12-26,2020-01-16,,157062,864058,2
1390464,2019-12-26,2020-01-16,,157111,879266,2
1390465,2019-12-26,2020-01-16,,157212,745824,2
1390466,2019-12-26,2020-01-16,,157243,279327,2
1390467,2019-12-26,2020-01-16,,157252,755513,2
1390468,2019-12-26,2020-01-16,,157422,430916,2
1390469,2019-12-26,2020-01-16,,157689,630223,2
1390470,2019-12-26,2020-01-16,,157689,704881,2
1390471,2019-12-26,2020-01-16,,158077,218607,2
1390472,2019-12-26,2020-01-16,,158077,416832,2
1390473,2019-12-26,2020-01-16,,158077,479131,2
1390474,2019-12-26,2020-01-16,,158077,736497,2
1390475,2019-12-26,2020-01-16,,158077,760197,2
1390476,2019-12-26,2020-01-16,,158077,911588,2
1390477,2019-12-26,2020-01-16,,158236,804457,2
1390478,2019-12-26,2020-01-16,,158356,555672,2
1390479,2019-12-26,2020-01-16,,158465,837432,2
1390480,2019-12-26,2020-01-16,,158669,908759,2
1390481,2019-12-26,2020-01-16,,158744,237479,2
1390482,2019-12-26,2020-01-16,,158751,873650,2
1390483,2019-12-26,2020-01-16,,158768,278354,2
1390484,2019-12-26,2020-01-16,,158882,819519,2
1390485,2019-12-26,2020-01-16,,159067,201372,2
1390486,2019-12-26,2020-01-16,,159078,627607,2
1390487,2019-12-26,2020-01-16,,159141,350383,2
1390488,2019-12-26,2020-01-16,,159187,341146,2
1390489,2019-12-26,2020-01-16,,159227,62365,2
1390490,2019-12-26,2020-01-16,,159283,779488,2
1390491,2019-12-26,2020-01-16,,159563,898396,2
1390492,2019-12-27,2020-01-17,,188,802948,2
1390493,2019-12-27,2020-01-17,,430,27909,2
1390494,2019-12-27,2020-01-17,,430,156113,2
1390495,2019-12-27,2020-01-17,,430,460258,2
1390496,2019-12-27,2020-01-17,,430,530991,2
1390497,2019-12-27,2020-01-17,,430,755350,2
1390498,2019-12-27,2020-01-17,,474,859134,2
1390499,2019-12-27,2020-01-17,,502,592871,2
1390500,2019-12-27,2020-01-17,,534,319075,2
1390501,2019-12-27,2020-01-17,,785,34740,2
1390502,2019-12-27,2020-01-17,,827,544708,2
1390503,2019-12-27,2020-01-17,,951,121849,2
1390504,2019-12-27,2020-01-17,,951,190332,2
1390505,2019-12-27,2020-01-17,,951,426589,2
1390506,2019-12-27,2020-01-17,,1058,44623,2
1390507,2019-12-27,2020-01-17,,1081,909332,2
1390508,2019-12-27,2020-01-17,,1220,692409,2
1390509,2019-12-27,2020-01-17,,1315,175700,2
1390510,2019-12-27,2020-01-17,,1315,819896,2
1390511,2019-12-27,2020-01-17,,1315,861785,2
1390512,2019-12-27,2020-01-17,,1516,118198,2
1390513,2019-12-27,2020-01-17,,1739,859930,2
1390514,2019-12-27,2020-01-17,,1946,699668,2
1390515,2019-12-27,2020-01-17,,2234,844933,2
1390516,2019-12-27,2020-01-17,,2457,872015,2
1390517,2019-12-27,2020-01-17,,2471,566977,2
1390518,2019-12-27,2020-01-17,,2569,436770,2
1390519,2019-12-27,2020-01-17,,2796,105617,2
1390520,2019-12-27,2020-01-17,,2878,638818,2
1390521,2019-12-27,2020-01-17,,3053,81034,2
1390522,2019-12-27,2020-01-17,,3345,36830,2
1390523,2019-12-27,2020-01-17,,3465,698877,2
1390524,2019-12-27,2020-01-17,,3537,75028,2
1390525,2019-12-27,2020-01-17,,3751,569536,2
1390526,2019-12-27,2020-01-17,,3774,111064,2
1390527,2019-12-27,2020-01-17,,3819,719028,2
1390528,2019-12-27,2020-01-17,,3871,843753,2
1390529,2019-12-27,2020-01-17,,3974,728066,2
1390530,2019-12-27,2020-01-17,,4030,831187,2
1390531,2019-12-27,2020-01-17,,4048,920411,2
1390532,2019-12-27,2020-01-17,,4113,382371,2
1390533,2019-12-27,2020-01-17,,4121,147402,2
1390534,2019-12-27,2020-01-17,,4121,233799,2
1390535,2019-12-27,2020-01-17,,4121,298541,2
1390536,2019-12-27,2020-01-17,,4121,475830,2
1390537,2019-12-27,2020-01-17,,4121,926927,2
1390538,2019-12-27,2020-01-17,,4710,394687,2
1390539,2019-12-27,2020-01-17,,4720,197191,2
1390540,2019-12-27,2020-01-17,,4769,399340,2
1390541,2019-12-27,2020-01-17,,4795,124828,2
1390542,2019-12-27,2020-01-17,,4876,640465,2
1390543,2019-12-27,2020-01-17,,4978,862992,2
1390544,2019-12-27,2020-01-17,,5041,802676,2
1390545,2019-12-27,2020-01-17,,5146,655551,2
1390546,2019-12-27,2020-01-17,,5151,203855,2
1390547,2019-12-27,2020-01-17,,5174,194788,2
1390548,2019-12-27,2020-01-17,,5527,21345,2
1390549,2019-12-27,2020-01-17,,5941,602919,2
1390550,2019-12-27,2020-01-17,,5995,465815,2
1390551,2019-12-27,2020-01-17,,6006,258492,2
1390552,2019-12-27,2020-01-17,,6006,722022,2
1390553,2019-12-27,2020-01-17,,6090,250491,2
1390554,2019-12-27,2020-01-17,,6298,131656,2
1390555,2019-12-27,2020-01-17,,6449,681062,2
1390556,2019-12-27,2020-01-17,,6517,916928,2
1390557,2019-12-27,2020-01-17,,6560,589082,2
1390558,2019-12-27,2020-01-17,,6619,5951,2
1390559,2019-12-27,2020-01-17,,6619,154992,2
1390560,2019-12-27,2020-01-17,,6619,188819,2
1390561,2019-12-27,2020-01-17,,6619,224519,2
1390562,2019-12-27,2020-01-17,,6619,246222,2
1390563,2019-12-27,2020-01-17,,6619,265383,2
1390564,2019-12-27,2020-01-17,,6619,398910,2
1390565,2019-12-27,2020-01-17,,6619,745219,2
1390566,2019-12-27,2020-01-17,,6619,785153,2
1390567,2019-12-27,2020-01-17,,6619,891856,2
1390568,2019-12-27,2020-01-17,,6681,895069,2
1390569,2019-12-27,2020-01-17,,6725,272307,2
1390570,2019-12-27,2020-01-17,,6725,433376,2
1390571,2019-12-27,2020-01-17,,6725,590090,2
1390572,2019-12-27,2020-01-17,,6763,731416,2
1390573,2019-12-27,2020-01-17,,6967,501130,2
1390574,2019-12-27,2020-01-17,,7042,290585,2
1390575,2019-12-27,2020-01-17,,7068,237518,2
1390576,2019-12-27,2020-01-17,,7094,622566,2
1390577,2019-12-27,2020-01-17,,7105,387339,2
1390578,2019-12-27,2020-01-17,,7186,678859,2
1390579,2019-12-27,2020-01-17,,7262,221037,2
1390580,2019-12-27,2020-01-17,,7277,881091,2
1390581,2019-12-27,2020-01-17,,7289,878717,2
1390582,2019-12-27,2020-01-17,,7291,280871,2
1390583,2019-12-27,2020-01-17,,7492,36187,2
1390584,2019-12-27,2020-01-17,,7705,191403,2
1390585,2019-12-27,2020-01-17,,8102,209385,2
1390586,2019-12-27,2020-01-17,,8107,728562,2
1390587,2019-12-27,2020-01-17,,8341,36154,2
1390588,2019-12-27,2020-01-17,,8491,469397,2
1390589,2019-12-27,2020-01-17,,8586,598128,2
1390590,2019-12-27,2020-01-17,,8608,783754,2
1390591,2019-12-27,2020-01-17,,8635,744005,2
1390592,2019-12-27,2020-01-17,,8665,892143,2
1390593,2019-12-27,2020-01-17,,8675,195705,2
1390594,2019-12-27,2020-01-17,,8675,848132,2
1390595,2019-12-27,2020-01-17,,8794,27601,2
1390596,2019-12-27,2020-01-17,,8990,638661,2
1390597,2019-12-27,2020-01-17,,9140,382731,2
1390598,2019-12-27,2020-01-17,,9269,213219,2
1390599,2019-12-27,2020-01-17,,9317,494062,2
1390600,2019-12-27,2020-01-17,,9333,30613,2
1390601,2019-12-27,2020-01-17,,9483,169000,2
1390602,2019-12-27,2020-01-17,,9497,630783,2
1390603,2019-12-27,2020-01-17,,9541,893315,2
1390604,2019-12-27,2020-01-17,,9682,605408,2
1390605,2019-12-27,2020-01-17,,10028,250817,2
1390606,2019-12-27,2020-01-17,,10220,364150,2
1390607,2019-12-27,2020-01-17,,10257,704898,2
1390608,2019-12-27,2020-01-17,,10389,915188,2
1390609,2019-12-27,2020-01-17,,10399,526945,2
1390610,2019-12-27,2020-01-17,,10432,260099,2
1390611,2019-12-27,2020-01-17,,10506,845037,2
1390612,2019-12-27,2020-01-17,,10770,899008,2
1390613,2019-12-27,2020-01-17,,11123,6262,2
1390614,2019-12-27,2020-01-17,,11143,689957,2
1390615,2019-12-27,2020-01-17,,11153,627717,2
1390616,2019-12-27,2020-01-17,,11156,398765,2
1390617,2019-12-27,2020-01-17,,11181,656038,2
1390618,2019-12-27,2020-01-17,,11326,693724,2
1390619,2019-12-27,2020-01-17,,11559,236177,2
1390620,2019-12-27,2020-01-17,,11645,530228,2
1390621,2019-12-27,2020-01-17,,11652,289818,2
1390622,2019-12-27,2020-01-17,,11656,387363,2
1390623,2019-12-27,2020-01-17,,11658,322986,2
1390624,2019-12-27,2020-01-17,,11701,19290,2
1390625,2019-12-27,2020-01-17,,11716,835938,2
1390626,2019-12-27,2020-01-17,,11820,604532,2
1390627,2019-12-27,2020-01-17,,11845,390410,2
1390628,2019-12-27,2020-01-17,,12012,440457,2
1390629,2019-12-27,2020-01-17,,12194,188471,2
1390630,2019-12-27,2020-01-17,,12205,688376,2
1390631,2019-12-27,2020-01-17,,12213,420265,2
1390632,2019-12-27,2020-01-17,,12281,67134,2
1390633,2019-12-27,2020-01-17,,12527,200438,2
1390634,2019-12-27,2020-01-17,,12644,557175,2
1390635,2019-12-27,2020-01-17,,12647,738610,2
1390636,2019-12-27,2020-01-17,,12651,384158,2
1390637,2019-12-27,2020-01-17,,12750,288991,2
1390638,2019-12-27,2020-01-17,,12826,208880,2
1390639,2019-12-27,2020-01-17,,12846,212845,2
1390640,2019-12-27,2020-01-17,,12846,520643,2
1390641,2019-12-27,2020-01-17,,12846,561805,2
1390642,2019-12-27,2020-01-17,,12846,844829,2
1390643,2019-12-27,2020-01-17,,12884,653629,2
1390644,2019-12-27,2020-01-17,,13190,25603,2
1390645,2019-12-27,2020-01-17,,13340,738503,2
1390646,2019-12-27,2020-01-17,,13348,669267,2
1390647,2019-12-27,2020-01-17,,13437,621696,2
1390648,2019-12-27,2020-01-17,,13475,899471,2
1390649,2019-12-27,2020-01-17,,13519,533556,2
1390650,2019-12-27,2020-01-17,,13799,14436,2
1390651,2019-12-27,2020-01-17,,14001,951432,2
1390652,2019-12-27,2020-01-17,,14132,142666,2
1390653,2019-12-27,2020-01-17,,14252,611846,2
1390654,2019-12-27,2020-01-17,,14255,437945,2
1390655,2019-12-27,2020-01-17,,14271,42752,2
1390656,2019-12-27,2020-01-17,,14307,869485,2
1390657,2019-12-27,2020-01-17,,14369,72721,2
1390658,2019-12-27,2020-01-17,,14369,609504,2
1390659,2019-12-27,2020-01-17,,14540,649554,2
1390660,2019-12-27,2020-01-17,,14546,30301,2
1390661,2019-12-27,2020-01-17,,14764,569586,2
1390662,2019-12-27,2020-01-17,,14764,625247,2
1390663,2019-12-27,2020-01-17,,14801,78601,2
1390664,2019-12-27,2020-01-17,,14817,661521,2
1390665,2019-12-27,2020-01-17,,14867,273609,2
1390666,2019-12-27,2020-01-17,,14867,851307,2
1390667,2019-12-27,2020-01-17,,14899,91495,2
1390668,2019-12-27,2020-01-17,,14941,227629,2
1390669,2019-12-27,2020-01-17,,15033,685921,2
1390670,2019-12-27,2020-01-17,,15212,603203,2
1390671,2019-12-27,2020-01-17,,15212,693769,2
1390672,2019-12-27,2020-01-17,,15212,884674,2
1390673,2019-12-27,2020-01-17,,15217,804441,2
1390674,2019-12-27,2020-01-17,,15291,106889,2
1390675,2019-12-27,2020-01-17,,15367,262664,2
1390676,2019-12-27,2020-01-17,,15367,622903,2
1390677,2019-12-27,2020-01-17,,15482,620637,2
1390678,2019-12-27,2020-01-17,,15576,399690,2
1390679,2019-12-27,2020-01-17,,15803,889432,2
1390680,2019-12-27,2020-01-17,,15951,363585,2
1390681,2019-12-27,2020-01-17,,16325,383081,2
1390682,2019-12-27,2020-01-17,,16327,923193,2
1390683,2019-12-27,2020-01-17,,16347,310632,2
1390684,2019-12-27,2020-01-17,,16417,325504,2
1390685,2019-12-27,2020-01-17,,16528,273553,2
1390686,2019-12-27,2020-01-17,,16582,428636,2
1390687,2019-12-27,2020-01-17,,16633,116749,2
1390688,2019-12-27,2020-01-17,,16844,240820,2
1390689,2019-12-27,2020-01-17,,17277,15893,2
1390690,2019-12-27,2020-01-17,,17277,721664,2
1390691,2019-12-27,2020-01-17,,17592,281887,2
1390692,2019-12-27,2020-01-17,,17619,226445,2
1390693,2019-12-27,2020-01-17,,17851,706184,2
1390694,2019-12-27,2020-01-17,,17851,709521,2
1390695,2019-12-27,2020-01-17,,17894,444741,2
1390696,2019-12-27,2020-01-17,,17993,720810,2
1390697,2019-12-27,2020-01-17,,18119,413644,2
1390698,2019-12-27,2020-01-17,,18803,18428,2
1390699,2019-12-27,2020-01-17,,18817,391750,2
1390700,2019-12-27,2020-01-17,,18817,777510,2
1390701,2019-12-27,2020-01-17,,18852,93707,2
1390702,2019-12-27,2020-01-17,,18975,73320,2
1390703,2019-12-27,2020-01-17,,19098,144562,2
1390704,2019-12-27,2020-01-17,,19127,540795,2
1390705,2019-12-27,2020-01-17,,19248,42535,2
1390706,2019-12-27,2020-01-17,,19332,427355,2
1390707,2019-12-27,2020-01-17,,19401,492269,2
1390708,2019-12-27,2020-01-17,,19432,770133,2
1390709,2019-12-27,2020-01-17,,19487,276046,2
1390710,2019-12-27,2020-01-17,,19557,683240,2
1390711,2019-12-27,2020-01-17,,19582,243255,2
1390712,2019-12-27,2020-01-17,,19582,570189,2
1390713,2019-12-27,2020-01-17,,19725,186130,2
1390714,2019-12-27,2020-01-17,,19939,121553,2
1390715,2019-12-27,2020-01-17,,20022,855772,2
1390716,2019-12-27,2020-01-17,,20132,840311,2
1390717,2019-12-27,2020-01-17,,20269,157202,2
1390718,2019-12-27,2020-01-17,,20284,688672,2
1390719,2019-12-27,2020-01-17,,20367,583217,2
1390720,2019-12-27,2020-01-17,,20575,694733,2
1390721,2019-12-27,2020-01-17,,20622,462697,2
1390722,2019-12-27,2020-01-17,,20897,705007,2
1390723,2019-12-27,2020-01-17,,20954,815805,2
1390724,2019-12-27,2020-01-17,,20968,478286,2
1390725,2019-12-27,2020-01-17,,21009,398220,2
1390726,2019-12-27,2020-01-17,,21063,559007,2
1390727,2019-12-27,2020-01-17,,21208,791160,2
1390728,2019-12-27,2020-01-17,,21364,164848,2
1390729,2019-12-27,2020-01-17,,21402,6150,2
1390730,2019-12-27,2020-01-17,,21503,611247,2
1390731,2019-12-27,2020-01-17,,21508,604645,2
1390732,2019-12-27,2020-01-17,,21599,652179,2
1390733,2019-12-27,2020-01-17,,21604,70615,2
1390734,2019-12-27,2020-01-17,,21619,180368,2
1390735,2019-12-27,2020-01-17,,21723,172894,2
1390736,2019-12-27,2020-01-17,,21802,235162,2
1390737,2019-12-27,2020-01-17,,21987,282137,2
1390738,2019-12-27,2020-01-17,,21987,475663,2
1390739,2019-12-27,2020-01-17,,21987,492533,2
1390740,2019-12-27,2020-01-17,,22087,287500,2
1390741,2019-12-27,2020-01-17,,22135,673285,2
1390742,2019-12-27,2020-01-17,,22180,425400,2
1390743,2019-12-27,2020-01-17,,22230,822808,2
1390744,2019-12-27,2020-01-17,,22363,66796,2
1390745,2019-12-27,2020-01-17,,22393,151654,2
1390746,2019-12-27,2020-01-17,,22511,104170,2
1390747,2019-12-27,2020-01-17,,22661,279920,2
1390748,2019-12-27,2020-01-17,,22784,717224,2
1390749,2019-12-27,2020-01-17,,22845,250676,2
1390750,2019-12-27,2020-01-17,,22856,197012,2
1390751,2019-12-27,2020-01-17,,22893,79794,2
1390752,2019-12-27,2020-01-17,,22893,573845,2
1390753,2019-12-27,2020-01-17,,22972,158628,2
1390754,2019-12-27,2020-01-17,,23042,200390,2
1390755,2019-12-27,2020-01-17,,23173,95051,2
1390756,2019-12-27,2020-01-17,,23208,541904,2
1390757,2019-12-27,2020-01-17,,23277,5159,2
1390758,2019-12-27,2020-01-17,,23377,525603,2
1390759,2019-12-27,2020-01-17,,23561,339077,2
1390760,2019-12-27,2020-01-17,,23664,905618,2
1390761,2019-12-27,2020-01-17,,23854,524979,2
1390762,2019-12-27,2020-01-17,,23885,405866,2
1390763,2019-12-27,2020-01-17,,23918,943879,2
1390764,2019-12-27,2020-01-17,,24215,826588,2
1390765,2019-12-27,2020-01-17,,24438,946533,2
1390766,2019-12-27,2020-01-17,,24648,875585,2
1390767,2019-12-27,2020-01-17,,24719,364176,2
1390768,2019-12-27,2020-01-17,,24769,351438,2
1390769,2019-12-27,2020-01-17,,24803,61538,2
1390770,2019-12-27,2020-01-17,,24818,388695,2
1390771,2019-12-27,2020-01-17,,24818,621554,2
1390772,2019-12-27,2020-01-17,,24850,358498,2
1390773,2019-12-27,2020-01-17,,24868,681986,2
1390774,2019-12-27,2020-01-17,,24971,306062,2
1390775,2019-12-27,2020-01-17,,25009,465946,2
1390776,2019-12-27,2020-01-17,,25009,686717,2
1390777,2019-12-27,2020-01-17,,25009,802745,2
1390778,2019-12-27,2020-01-17,,25046,228307,2
1390779,2019-12-27,2020-01-17,,25190,891107,2
1390780,2019-12-27,2020-01-17,,25322,399585,2
1390781,2019-12-27,2020-01-17,,25350,787862,2
1390782,2019-12-27,2020-01-17,,25644,660670,2
1390783,2019-12-27,2020-01-17,,25644,903868,2
1390784,2019-12-27,2020-01-17,,25845,10136,2
1390785,2019-12-27,2020-01-17,,26005,809555,2
1390786,2019-12-27,2020-01-17,,26169,801991,2
1390787,2019-12-27,2020-01-17,,26185,74523,2
1390788,2019-12-27,2020-01-17,,26320,875698,2
1390789,2019-12-27,2020-01-17,,26359,841999,2
1390790,2019-12-27,2020-01-17,,26396,712,2
1390791,2019-12-27,2020-01-17,,26448,110737,2
1390792,2019-12-27,2020-01-17,,26669,78979,2
1390793,2019-12-27,2020-01-17,,26943,627915,2
1390794,2019-12-27,2020-01-17,,26966,163319,2
1390795,2019-12-27,2020-01-17,,27014,436140,2
1390796,2019-12-27,2020-01-17,,27591,461327,2
1390797,2019-12-27,2020-01-17,,27604,900170,2
1390798,2019-12-27,2020-01-17,,27675,439447,2
1390799,2019-12-27,2020-01-17,,27801,661859,2
1390800,2019-12-27,2020-01-17,,27807,833124,2
1390801,2019-12-27,2020-01-17,,28015,306835,2
1390802,2019-12-27,2020-01-17,,28029,423940,2
1390803,2019-12-27,2020-01-17,,28029,538477,2
1390804,2019-12-27,2020-01-17,,28029,801894,2
1390805,2019-12-27,2020-01-17,,28029,846639,2
1390806,2019-12-27,2020-01-17,,28143,851208,2
1390807,2019-12-27,2020-01-17,,28145,127284,2
1390808,2019-12-27,2020-01-17,,28151,888104,2
1390809,2019-12-27,2020-01-17,,28179,271910,2
1390810,2019-12-27,2020-01-17,,28243,107126,2
1390811,2019-12-27,2020-01-17,,28295,490037,2
1390812,2019-12-27,2020-01-17,,28295,619259,2
1390813,2019-12-27,2020-01-17,,28384,203348,2
1390814,2019-12-27,2020-01-17,,28414,129838,2
1390815,2019-12-27,2020-01-17,,28428,104325,2
1390816,2019-12-27,2020-01-17,,28462,207999,2
1390817,2019-12-27,2020-01-17,,28559,442140,2
1390818,2019-12-27,2020-01-17,,28695,464465,2
1390819,2019-12-27,2020-01-17,,28783,880542,2
1390820,2019-12-27,2020-01-17,,28822,760318,2
1390821,2019-12-27,2020-01-17,,28876,665287,2
1390822,2019-12-27,2020-01-17,,28971,823781,2
1390823,2019-12-27,2020-01-17,,29001,37036,2
1390824,2019-12-27,2020-01-17,,29089,179052,2
1390825,2019-12-27,2020-01-17,,29231,542032,2
1390826,2019-12-27,2020-01-17,,29235,655780,2
1390827,2019-12-27,2020-01-17,,29237,371985,2
1390828,2019-12-27,2020-01-17,,29329,155849,2
1390829,2019-12-27,2020-01-17,,29342,886450,2
1390830,2019-12-27,2020-01-17,,29352,254013,2
1390831,2019-12-27,2020-01-17,,29517,391894,2
1390832,2019-12-27,2020-01-17,,29645,104495,2
1390833,2019-12-27,2020-01-17,,29868,877084,2
1390834,2019-12-27,2020-01-17,,29983,120806,2
1390835,2019-12-27,2020-01-17,,30030,543962,2
1390836,2019-12-27,2020-01-17,,30542,498172,2
1390837,2019-12-27,2020-01-17,,30557,634517,2
1390838,2019-12-27,2020-01-17,,30762,76276,2
1390839,2019-12-27,2020-01-17,,30782,233028,2
1390840,2019-12-27,2020-01-17,,30858,815296,2
1390841,2019-12-27,2020-01-17,,30998,4041,2
1390842,2019-12-27,2020-01-17,,31053,112066,2
1390843,2019-12-27,2020-01-17,,31057,37090,2
1390844,2019-12-27,2020-01-17,,31069,925863,2
1390845,2019-12-27,2020-01-17,,31148,455354,2
1390846,2019-12-27,2020-01-17,,31297,68469,2
1390847,2019-12-27,2020-01-17,,31297,597233,2
1390848,2019-12-27,2020-01-17,,31381,358859,2
1390849,2019-12-27,2020-01-17,,31438,686476,2
1390850,2019-12-27,2020-01-17,,31527,838128,2
1390851,2019-12-27,2020-01-17,,31582,20276,2
1390852,2019-12-27,2020-01-17,,31742,847701,2
1390853,2019-12-27,2020-01-17,,31882,85788,2
1390854,2019-12-27,2020-01-17,,31882,222180,2
1390855,2019-12-27,2020-01-17,,31923,252831,2
1390856,2019-12-27,2020-01-17,,31942,846898,2
1390857,2019-12-27,2020-01-17,,32043,615452,2
1390858,2019-12-27,2020-01-17,,32050,230587,2
1390859,2019-12-27,2020-01-17,,32090,417752,2
1390860,2019-12-27,2020-01-17,,32090,826697,2
1390861,2019-12-27,2020-01-17,,32166,41052,2
1390862,2019-12-27,2020-01-17,,32166,315224,2
1390863,2019-12-27,2020-01-17,,32166,454212,2
1390864,2019-12-27,2020-01-17,,32166,770792,2
1390865,2019-12-27,2020-01-17,,32166,826258,2
1390866,2019-12-27,2020-01-17,,32394,870444,2
1390867,2019-12-27,2020-01-17,,32417,698981,2
1390868,2019-12-27,2020-01-17,,32508,429669,2
1390869,2019-12-27,2020-01-17,,32537,870134,2
1390870,2019-12-27,2020-01-17,,32550,207465,2
1390871,2019-12-27,2020-01-17,,32681,231653,2
1390872,2019-12-27,2020-01-17,,32880,267782,2
1390873,2019-12-27,2020-01-17,,32882,18316,2
1390874,2019-12-27,2020-01-17,,32921,601876,2
1390875,2019-12-27,2020-01-17,,33162,505097,2
1390876,2019-12-27,2020-01-17,,33162,776396,2
1390877,2019-12-27,2020-01-17,,33357,153342,2
1390878,2019-12-27,2020-01-17,,33416,633589,2
1390879,2019-12-27,2020-01-17,,33687,268513,2
1390880,2019-12-27,2020-01-17,,33810,366520,2
1390881,2019-12-27,2020-01-17,,33898,872268,2
1390882,2019-12-27,2020-01-17,,33939,577203,2
1390883,2019-12-27,2020-01-17,,33944,497273,2
1390884,2019-12-27,2020-01-17,,33944,768849,2
1390885,2019-12-27,2020-01-17,,34024,793001,2
1390886,2019-12-27,2020-01-17,,34028,722426,2
1390887,2019-12-27,2020-01-17,,34050,549587,2
1390888,2019-12-27,2020-01-17,,34074,504532,2
1390889,2019-12-27,2020-01-17,,34136,552571,2
1390890,2019-12-27,2020-01-17,,34325,464832,2
1390891,2019-12-27,2020-01-17,,34530,508550,2
1390892,2019-12-27,2020-01-17,,34538,37118,2
1390893,2019-12-27,2020-01-17,,34597,617266,2
1390894,2019-12-27,2020-01-17,,34778,394,2
1390895,2019-12-27,2020-01-17,,34808,96170,2
1390896,2019-12-27,2020-01-17,,34850,804472,2
1390897,2019-12-27,2020-01-17,,34887,927183,2
1390898,2019-12-27,2020-01-17,,34933,590992,2
1390899,2019-12-27,2020-01-17,,35040,561007,2
1390900,2019-12-27,2020-01-17,,35150,396936,2
1390901,2019-12-27,2020-01-17,,35181,411422,2
1390902,2019-12-27,2020-01-17,,35277,766968,2
1390903,2019-12-27,2020-01-17,,35462,12300,2
1390904,2019-12-27,2020-01-17,,35462,554006,2
1390905,2019-12-27,2020-01-17,,35498,101340,2
1390906,2019-12-27,2020-01-17,,35498,191468,2
1390907,2019-12-27,2020-01-17,,35515,16303,2
1390908,2019-12-27,2020-01-17,,35546,393706,2
1390909,2019-12-27,2020-01-17,,35546,565612,2
1390910,2019-12-27,2020-01-17,,35756,97491,2
1390911,2019-12-27,2020-01-17,,35824,300328,2
1390912,2019-12-27,2020-01-17,,35936,419852,2
1390913,2019-12-27,2020-01-17,,36179,14466,2
1390914,2019-12-27,2020-01-17,,36271,502296,2
1390915,2019-12-27,2020-01-17,,36295,511149,2
1390916,2019-12-27,2020-01-17,,36495,885509,2
1390917,2019-12-27,2020-01-17,,36928,931438,2
1390918,2019-12-27,2020-01-17,,37106,562173,2
1390919,2019-12-27,2020-01-17,,37151,71842,2
1390920,2019-12-27,2020-01-17,,37261,752621,2
1390921,2019-12-27,2020-01-17,,37371,493517,2
1390922,2019-12-27,2020-01-17,,37567,645075,2
1390923,2019-12-27,2020-01-17,,37621,101304,2
1390924,2019-12-27,2020-01-17,,37780,558554,2
1390925,2019-12-27,2020-01-17,,37841,251291,2
1390926,2019-12-27,2020-01-17,,38010,91879,2
1390927,2019-12-27,2020-01-17,,38022,502687,2
1390928,2019-12-27,2020-01-17,,38132,112173,2
1390929,2019-12-27,2020-01-17,,38144,883883,2
1390930,2019-12-27,2020-01-17,,38260,837506,2
1390931,2019-12-27,2020-01-17,,38306,561039,2
1390932,2019-12-27,2020-01-17,,38331,254345,2
1390933,2019-12-27,2020-01-17,,38347,25646,2
1390934,2019-12-27,2020-01-17,,38720,821495,2
1390935,2019-12-27,2020-01-17,,38753,244962,2
1390936,2019-12-27,2020-01-17,,38829,16213,2
1390937,2019-12-27,2020-01-17,,38954,186079,2
1390938,2019-12-27,2020-01-17,,39050,595695,2
1390939,2019-12-27,2020-01-17,,39160,464407,2
1390940,2019-12-27,2020-01-17,,39372,26836,2
1390941,2019-12-27,2020-01-17,,39392,123644,2
1390942,2019-12-27,2020-01-17,,39426,22190,2
1390943,2019-12-27,2020-01-17,,39445,270889,2
1390944,2019-12-27,2020-01-17,,39445,469775,2
1390945,2019-12-27,2020-01-17,,39445,594344,2
1390946,2019-12-27,2020-01-17,,39445,884149,2
1390947,2019-12-27,2020-01-17,,39493,25940,2
1390948,2019-12-27,2020-01-17,,39621,308299,2
1390949,2019-12-27,2020-01-17,,39648,364780,2
1390950,2019-12-27,2020-01-17,,39708,287924,2
1390951,2019-12-27,2020-01-17,,39799,104314,2
1390952,2019-12-27,2020-01-17,,39937,917973,2
1390953,2019-12-27,2020-01-17,,40010,649920,2
1390954,2019-12-27,2020-01-17,,40118,3174,2
1390955,2019-12-27,2020-01-17,,40245,547362,2
1390956,2019-12-27,2020-01-17,,40295,706864,2
1390957,2019-12-27,2020-01-17,,40410,410094,2
1390958,2019-12-27,2020-01-17,,40482,75685,2
1390959,2019-12-27,2020-01-17,,40824,256818,2
1390960,2019-12-27,2020-01-17,,40952,178135,2
1390961,2019-12-27,2020-01-17,,40975,366125,2
1390962,2019-12-27,2020-01-17,,41186,98185,2
1390963,2019-12-27,2020-01-17,,41372,698878,2
1390964,2019-12-27,2020-01-17,,41526,185561,2
1390965,2019-12-27,2020-01-17,,41535,729431,2
1390966,2019-12-27,2020-01-17,,41602,301063,2
1390967,2019-12-27,2020-01-17,,41675,191489,2
1390968,2019-12-27,2020-01-17,,42015,111672,2
1390969,2019-12-27,2020-01-17,,42033,44120,2
1390970,2019-12-27,2020-01-17,,42141,639167,2
1390971,2019-12-27,2020-01-17,,42670,56005,2
1390972,2019-12-27,2020-01-17,,42690,667706,2
1390973,2019-12-27,2020-01-17,,42826,455345,2
1390974,2019-12-27,2020-01-17,,42830,683096,2
1390975,2019-12-27,2020-01-17,,42979,653368,2
1390976,2019-12-27,2020-01-17,,43239,247916,2
1390977,2019-12-27,2020-01-17,,43304,333813,2
1390978,2019-12-27,2020-01-17,,43515,313084,2
1390979,2019-12-27,2020-01-17,,43549,786696,2
1390980,2019-12-27,2020-01-17,,43554,75737,2
1390981,2019-12-27,2020-01-17,,43728,169074,2
1390982,2019-12-27,2020-01-17,,43761,407726,2
1390983,2019-12-27,2020-01-17,,43809,887674,2
1390984,2019-12-27,2020-01-17,,43845,348693,2
1390985,2019-12-27,2020-01-17,,43930,281824,2
1390986,2019-12-27,2020-01-17,,43973,126046,2
1390987,2019-12-27,2020-01-17,,43977,276626,2
1390988,2019-12-27,2020-01-17,,44442,425600,2
1390989,2019-12-27,2020-01-17,,44442,545139,2
1390990,2019-12-27,2020-01-17,,44442,575135,2
1390991,2019-12-27,2020-01-17,,44618,260943,2
1390992,2019-12-27,2020-01-17,,44718,945388,2
1390993,2019-12-27,2020-01-17,,45012,668399,2
1390994,2019-12-27,2020-01-17,,45017,424524,2
1390995,2019-12-27,2020-01-17,,45141,601994,2
1390996,2019-12-27,2020-01-17,,45177,917002,2
1390997,2019-12-27,2020-01-17,,45248,253530,2
1390998,2019-12-27,2020-01-17,,45346,207506,2
1390999,2019-12-27,2020-01-17,,45378,236423,2
1391000,2019-12-27,2020-01-17,,45378,290104,2
1391001,2019-12-27,2020-01-17,,45433,578579,2
1391002,2019-12-27,2020-01-17,,45517,275056,2
1391003,2019-12-27,2020-01-17,,45547,399850,2
1391004,2019-12-27,2020-01-17,,45559,97143,2
1391005,2019-12-27,2020-01-17,,45567,164337,2
1391006,2019-12-27,2020-01-17,,45722,495322,2
1391007,2019-12-27,2020-01-17,,45739,424698,2
1391008,2019-12-27,2020-01-17,,45739,886261,2
1391009,2019-12-27,2020-01-17,,45851,416903,2
1391010,2019-12-27,2020-01-17,,45940,527691,2
1391011,2019-12-27,2020-01-17,,46103,139996,2
1391012,2019-12-27,2020-01-17,,46170,78322,2
1391013,2019-12-27,2020-01-17,,46170,579120,2
1391014,2019-12-27,2020-01-17,,46318,690555,2
1391015,2019-12-27,2020-01-17,,46319,471961,2
1391016,2019-12-27,2020-01-17,,46351,769737,2
1391017,2019-12-27,2020-01-17,,46395,508596,2
1391018,2019-12-27,2020-01-17,,46395,569577,2
1391019,2019-12-27,2020-01-17,,46419,253604,2
1391020,2019-12-27,2020-01-17,,46796,19000,2
1391021,2019-12-27,2020-01-17,,46901,414107,2
1391022,2019-12-27,2020-01-17,,46946,370074,2
1391023,2019-12-27,2020-01-17,,47030,727033,2
1391024,2019-12-27,2020-01-17,,47325,211027,2
1391025,2019-12-27,2020-01-17,,47325,287177,2
1391026,2019-12-27,2020-01-17,,47325,438314,2
1391027,2019-12-27,2020-01-17,,47325,914645,2
1391028,2019-12-27,2020-01-17,,47342,903355,2
1391029,2019-12-27,2020-01-17,,47413,330008,2
1391030,2019-12-27,2020-01-17,,47513,474217,2
1391031,2019-12-27,2020-01-17,,47693,738343,2
1391032,2019-12-27,2020-01-17,,47793,188809,2
1391033,2019-12-27,2020-01-17,,48086,341830,2
1391034,2019-12-27,2020-01-17,,48173,686708,2
1391035,2019-12-27,2020-01-17,,48173,698740,2
1391036,2019-12-27,2020-01-17,,48529,323818,2
1391037,2019-12-27,2020-01-17,,48553,621921,2
1391038,2019-12-27,2020-01-17,,48553,661136,2
1391039,2019-12-27,2020-01-17,,48553,709960,2
1391040,2019-12-27,2020-01-17,,48897,194094,2
1391041,2019-12-27,2020-01-17,,49000,728773,2
1391042,2019-12-27,2020-01-17,,49071,167089,2
1391043,2019-12-27,2020-01-17,,49101,46877,2
1391044,2019-12-27,2020-01-17,,49115,583795,2
1391045,2019-12-27,2020-01-17,,49183,569195,2
1391046,2019-12-27,2020-01-17,,49281,153349,2
1391047,2019-12-27,2020-01-17,,49309,191160,2
1391048,2019-12-27,2020-01-17,,49365,334424,2
1391049,2019-12-27,2020-01-17,,49435,541759,2
1391050,2019-12-27,2020-01-17,,49498,594462,2
1391051,2019-12-27,2020-01-17,,49498,895350,2
1391052,2019-12-27,2020-01-17,,49623,487903,2
1391053,2019-12-27,2020-01-17,,49717,20770,2
1391054,2019-12-27,2020-01-17,,49785,726084,2
1391055,2019-12-27,2020-01-17,,49807,180526,2
1391056,2019-12-27,2020-01-17,,49840,584043,2
1391057,2019-12-27,2020-01-17,,49927,836481,2
1391058,2019-12-27,2020-01-17,,49956,145951,2
1391059,2019-12-27,2020-01-17,,49970,207243,2
1391060,2019-12-27,2020-01-17,,50065,709883,2
1391061,2019-12-27,2020-01-17,,50283,408607,2
1391062,2019-12-27,2020-01-17,,50360,96701,2
1391063,2019-12-27,2020-01-17,,50360,747819,2
1391064,2019-12-27,2020-01-17,,50441,144215,2
1391065,2019-12-27,2020-01-17,,50446,798537,2
1391066,2019-12-27,2020-01-17,,50488,882026,2
1391067,2019-12-27,2020-01-17,,50594,905197,2
1391068,2019-12-27,2020-01-17,,50845,232827,2
1391069,2019-12-27,2020-01-17,,50915,22002,2
1391070,2019-12-27,2020-01-17,,50991,720240,2
1391071,2019-12-27,2020-01-17,,51049,160295,2
1391072,2019-12-27,2020-01-17,,51081,770173,2
1391073,2019-12-27,2020-01-17,,51260,579125,2
1391074,2019-12-27,2020-01-17,,51443,219079,2
1391075,2019-12-27,2020-01-17,,51699,93600,2
1391076,2019-12-27,2020-01-17,,51766,920658,2
1391077,2019-12-27,2020-01-17,,51819,131927,2
1391078,2019-12-27,2020-01-17,,51825,661019,2
1391079,2019-12-27,2020-01-17,,51858,116460,2
1391080,2019-12-27,2020-01-17,,51926,73321,2
1391081,2019-12-27,2020-01-17,,51976,737775,2
1391082,2019-12-27,2020-01-17,,52074,405352,2
1391083,2019-12-27,2020-01-17,,52091,28006,2
1391084,2019-12-27,2020-01-17,,52091,34359,2
1391085,2019-12-27,2020-01-17,,52091,255842,2
1391086,2019-12-27,2020-01-17,,52091,326572,2
1391087,2019-12-27,2020-01-17,,52091,589621,2
1391088,2019-12-27,2020-01-17,,52091,866220,2
1391089,2019-12-27,2020-01-17,,52182,649925,2
1391090,2019-12-27,2020-01-17,,52208,598281,2
1391091,2019-12-27,2020-01-17,,52230,770344,2
1391092,2019-12-27,2020-01-17,,52352,773647,2
1391093,2019-12-27,2020-01-17,,52537,630629,2
1391094,2019-12-27,2020-01-17,,52628,642259,2
1391095,2019-12-27,2020-01-17,,52762,188399,2
1391096,2019-12-27,2020-01-17,,52858,150968,2
1391097,2019-12-27,2020-01-17,,52894,72223,2
1391098,2019-12-27,2020-01-17,,52982,442420,2
1391099,2019-12-27,2020-01-17,,53013,839321,2
1391100,2019-12-27,2020-01-17,,53163,736515,2
1391101,2019-12-27,2020-01-17,,53282,469040,2
1391102,2019-12-27,2020-01-17,,53340,539863,2
1391103,2019-12-27,2020-01-17,,53400,115395,2
1391104,2019-12-27,2020-01-17,,53471,130545,2
1391105,2019-12-27,2020-01-17,,53540,237638,2
1391106,2019-12-27,2020-01-17,,53611,641062,2
1391107,2019-12-27,2020-01-17,,53667,541214,2
1391108,2019-12-27,2020-01-17,,53682,692589,2
1391109,2019-12-27,2020-01-17,,53692,480062,2
1391110,2019-12-27,2020-01-17,,53797,55373,2
1391111,2019-12-27,2020-01-17,,53954,388106,2
1391112,2019-12-27,2020-01-17,,54065,376448,2
1391113,2019-12-27,2020-01-17,,54152,816897,2
1391114,2019-12-27,2020-01-17,,54240,466981,2
1391115,2019-12-27,2020-01-17,,54260,147550,2
1391116,2019-12-27,2020-01-17,,54285,948351,2
1391117,2019-12-27,2020-01-17,,54391,273981,2
1391118,2019-12-27,2020-01-17,,54391,754707,2
1391119,2019-12-27,2020-01-17,,54391,838657,2
1391120,2019-12-27,2020-01-17,,54540,523577,2
1391121,2019-12-27,2020-01-17,,54651,534568,2
1391122,2019-12-27,2020-01-17,,54708,217669,2
1391123,2019-12-27,2020-01-17,,55016,194178,2
1391124,2019-12-27,2020-01-17,,55130,905248,2
1391125,2019-12-27,2020-01-17,,55332,334876,2
1391126,2019-12-27,2020-01-17,,55340,553144,2
1391127,2019-12-27,2020-01-17,,55362,923194,2
1391128,2019-12-27,2020-01-17,,55474,913087,2
1391129,2019-12-27,2020-01-17,,55663,705864,2
1391130,2019-12-27,2020-01-17,,55694,832173,2
1391131,2019-12-27,2020-01-17,,55733,111040,2
1391132,2019-12-27,2020-01-17,,55733,179967,2
1391133,2019-12-27,2020-01-17,,55733,220152,2
1391134,2019-12-27,2020-01-17,,55733,270439,2
1391135,2019-12-27,2020-01-17,,55733,460779,2
1391136,2019-12-27,2020-01-17,,55733,709081,2
1391137,2019-12-27,2020-01-17,,55733,883123,2
1391138,2019-12-27,2020-01-17,,55733,953650,2
1391139,2019-12-27,2020-01-17,,55850,858907,2
1391140,2019-12-27,2020-01-17,,55881,81458,2
1391141,2019-12-27,2020-01-17,,55881,944611,2
1391142,2019-12-27,2020-01-17,,55967,504224,2
1391143,2019-12-27,2020-01-17,,56147,613546,2
1391144,2019-12-27,2020-01-17,,56147,621595,2
1391145,2019-12-27,2020-01-17,,56191,793517,2
1391146,2019-12-27,2020-01-17,,56201,588749,2
1391147,2019-12-27,2020-01-17,,56242,927729,2
1391148,2019-12-27,2020-01-17,,56301,738055,2
1391149,2019-12-27,2020-01-17,,56333,157026,2
1391150,2019-12-27,2020-01-17,,56386,674643,2
1391151,2019-12-27,2020-01-17,,56784,80967,2
1391152,2019-12-27,2020-01-17,,56919,674932,2
1391153,2019-12-27,2020-01-17,,56935,879588,2
1391154,2019-12-27,2020-01-17,,56998,692921,2
1391155,2019-12-27,2020-01-17,,57059,273677,2
1391156,2019-12-27,2020-01-17,,57307,683002,2
1391157,2019-12-27,2020-01-17,,57346,798269,2
1391158,2019-12-27,2020-01-17,,57627,513827,2
1391159,2019-12-27,2020-01-17,,57686,71323,2
1391160,2019-12-27,2020-01-17,,57686,542423,2
1391161,2019-12-27,2020-01-17,,57870,414121,2
1391162,2019-12-27,2020-01-17,,57870,927842,2
1391163,2019-12-27,2020-01-17,,58009,445272,2
1391164,2019-12-27,2020-01-17,,58173,239988,2
1391165,2019-12-27,2020-01-17,,58271,433238,2
1391166,2019-12-27,2020-01-17,,58392,147560,2
1391167,2019-12-27,2020-01-17,,58415,268457,2
1391168,2019-12-27,2020-01-17,,58465,942898,2
1391169,2019-12-27,2020-01-17,,58764,550643,2
1391170,2019-12-27,2020-01-17,,58764,681655,2
1391171,2019-12-27,2020-01-17,,58769,201354,2
1391172,2019-12-27,2020-01-17,,58769,444690,2
1391173,2019-12-27,2020-01-17,,58769,900290,2
1391174,2019-12-27,2020-01-17,,58800,820026,2
1391175,2019-12-27,2020-01-17,,58816,591072,2
1391176,2019-12-27,2020-01-17,,58909,453956,2
1391177,2019-12-27,2020-01-17,,58933,847252,2
1391178,2019-12-27,2020-01-17,,58970,221870,2
1391179,2019-12-27,2020-01-17,,58970,265113,2
1391180,2019-12-27,2020-01-17,,58970,529688,2
1391181,2019-12-27,2020-01-17,,58970,699906,2
1391182,2019-12-27,2020-01-17,,59077,309026,2
1391183,2019-12-27,2020-01-17,,59122,519408,2
1391184,2019-12-27,2020-01-17,,59164,222559,2
1391185,2019-12-27,2020-01-17,,59455,625434,2
1391186,2019-12-27,2020-01-17,,59696,568917,2
1391187,2019-12-27,2020-01-17,,59720,312869,2
1391188,2019-12-27,2020-01-17,,59720,867520,2
1391189,2019-12-27,2020-01-17,,59739,401721,2
1391190,2019-12-27,2020-01-17,,59884,515087,2
1391191,2019-12-27,2020-01-17,,59884,627279,2
1391192,2019-12-27,2020-01-17,,59884,750885,2
1391193,2019-12-27,2020-01-17,,59884,800668,2
1391194,2019-12-27,2020-01-17,,59884,844164,2
1391195,2019-12-27,2020-01-17,,60005,699048,2
1391196,2019-12-27,2020-01-17,,60044,639892,2
1391197,2019-12-27,2020-01-17,,60106,437950,2
1391198,2019-12-27,2020-01-17,,60422,364725,2
1391199,2019-12-27,2020-01-17,,60578,708230,2
1391200,2019-12-27,2020-01-17,,60707,459885,2
1391201,2019-12-27,2020-01-17,,60733,720604,2
1391202,2019-12-27,2020-01-17,,60860,710437,2
1391203,2019-12-27,2020-01-17,,60865,17688,2
1391204,2019-12-27,2020-01-17,,60877,604413,2
1391205,2019-12-27,2020-01-17,,60942,145763,2
1391206,2019-12-27,2020-01-17,,61124,67078,2
1391207,2019-12-27,2020-01-17,,61196,163804,2
1391208,2019-12-27,2020-01-17,,61199,848388,2
1391209,2019-12-27,2020-01-17,,61297,59005,2
1391210,2019-12-27,2020-01-17,,61400,613487,2
1391211,2019-12-27,2020-01-17,,61453,806500,2
1391212,2019-12-27,2020-01-17,,61458,446095,2
1391213,2019-12-27,2020-01-17,,61711,708287,2
1391214,2019-12-27,2020-01-17,,61821,516282,2
1391215,2019-12-27,2020-01-17,,61955,593472,2
1391216,2019-12-27,2020-01-17,,62033,143876,2
1391217,2019-12-27,2020-01-17,,62046,557929,2
1391218,2019-12-27,2020-01-17,,62174,602760,2
1391219,2019-12-27,2020-01-17,,62265,391030,2
1391220,2019-12-27,2020-01-17,,62335,21921,2
1391221,2019-12-27,2020-01-17,,62335,527435,2
1391222,2019-12-27,2020-01-17,,62335,586984,2
1391223,2019-12-27,2020-01-17,,62392,713665,2
1391224,2019-12-27,2020-01-17,,62594,504922,2
1391225,2019-12-27,2020-01-17,,62654,634160,2
1391226,2019-12-27,2020-01-17,,62719,711250,2
1391227,2019-12-27,2020-01-17,,62721,797887,2
1391228,2019-12-27,2020-01-17,,62877,752461,2
1391229,2019-12-27,2020-01-17,,63292,194023,2
1391230,2019-12-27,2020-01-17,,63292,603227,2
1391231,2019-12-27,2020-01-17,,63300,290922,2
1391232,2019-12-27,2020-01-17,,63411,28444,2
1391233,2019-12-27,2020-01-17,,63477,309373,2
1391234,2019-12-27,2020-01-17,,63586,764324,2
1391235,2019-12-27,2020-01-17,,63601,838298,2
1391236,2019-12-27,2020-01-17,,63640,114496,2
1391237,2019-12-27,2020-01-17,,63744,95335,2
1391238,2019-12-27,2020-01-17,,63916,353420,2
1391239,2019-12-27,2020-01-17,,63942,809734,2
1391240,2019-12-27,2020-01-17,,64262,575963,2
1391241,2019-12-27,2020-01-17,,64285,332172,2
1391242,2019-12-27,2020-01-17,,64332,453910,2
1391243,2019-12-27,2020-01-17,,64436,80063,2
1391244,2019-12-27,2020-01-17,,64490,740094,2
1391245,2019-12-27,2020-01-17,,64531,457669,2
1391246,2019-12-27,2020-01-17,,64690,82294,2
1391247,2019-12-27,2020-01-17,,64721,932409,2
1391248,2019-12-27,2020-01-17,,64822,584262,2
1391249,2019-12-27,2020-01-17,,64829,642549,2
1391250,2019-12-27,2020-01-17,,65142,830982,2
1391251,2019-12-27,2020-01-17,,65327,36402,2
1391252,2019-12-27,2020-01-17,,65327,36494,2
1391253,2019-12-27,2020-01-17,,65327,772039,2
1391254,2019-12-27,2020-01-17,,65438,521516,2
1391255,2019-12-27,2020-01-17,,65464,255134,2
1391256,2019-12-27,2020-01-17,,65585,576079,2
1391257,2019-12-27,2020-01-17,,65639,860359,2
1391258,2019-12-27,2020-01-17,,65689,479729,2
1391259,2019-12-27,2020-01-17,,65769,71967,2
1391260,2019-12-27,2020-01-17,,65769,258236,2
1391261,2019-12-27,2020-01-17,,65769,469401,2
1391262,2019-12-27,2020-01-17,,65769,608641,2
1391263,2019-12-27,2020-01-17,,65848,398624,2
1391264,2019-12-27,2020-01-17,,66011,190940,2
1391265,2019-12-27,2020-01-17,,66145,220305,2
1391266,2019-12-27,2020-01-17,,66145,298971,2
1391267,2019-12-27,2020-01-17,,66145,631805,2
1391268,2019-12-27,2020-01-17,,66145,671200,2
1391269,2019-12-27,2020-01-17,,66145,754703,2
1391270,2019-12-27,2020-01-17,,66318,336610,2
1391271,2019-12-27,2020-01-17,,66318,508985,2
1391272,2019-12-27,2020-01-17,,66320,775354,2
1391273,2019-12-27,2020-01-17,,66350,475291,2
1391274,2019-12-27,2020-01-17,,66385,384343,2
1391275,2019-12-27,2020-01-17,,66385,491562,2
1391276,2019-12-27,2020-01-17,,66446,181036,2
1391277,2019-12-27,2020-01-17,,66481,951317,2
1391278,2019-12-27,2020-01-17,,66554,382223,2
1391279,2019-12-27,2020-01-17,,66977,711939,2
1391280,2019-12-27,2020-01-17,,67064,605371,2
1391281,2019-12-27,2020-01-17,,67277,59186,2
1391282,2019-12-27,2020-01-17,,67358,882547,2
1391283,2019-12-27,2020-01-17,,67380,551823,2
1391284,2019-12-27,2020-01-17,,67472,432025,2
1391285,2019-12-27,2020-01-17,,67544,866765,2
1391286,2019-12-27,2020-01-17,,67595,886254,2
1391287,2019-12-27,2020-01-17,,67613,844946,2
1391288,2019-12-27,2020-01-17,,67634,443684,2
1391289,2019-12-27,2020-01-17,,67634,466000,2
1391290,2019-12-27,2020-01-17,,67634,627948,2
1391291,2019-12-27,2020-01-17,,67641,72247,2
1391292,2019-12-27,2020-01-17,,67661,101695,2
1391293,2019-12-27,2020-01-17,,67944,890765,2
1391294,2019-12-27,2020-01-17,,67995,256852,2
1391295,2019-12-27,2020-01-17,,68229,275418,2
1391296,2019-12-27,2020-01-17,,68307,699236,2
1391297,2019-12-27,2020-01-17,,68312,779315,2
1391298,2019-12-27,2020-01-17,,68377,745249,2
1391299,2019-12-27,2020-01-17,,68451,520661,2
1391300,2019-12-27,2020-01-17,,68469,483696,2
1391301,2019-12-27,2020-01-17,,68469,595527,2
1391302,2019-12-27,2020-01-17,,68682,510556,2
1391303,2019-12-27,2020-01-17,,68682,600982,2
1391304,2019-12-27,2020-01-17,,68884,535161,2
1391305,2019-12-27,2020-01-17,,68967,471040,2
1391306,2019-12-27,2020-01-17,,68980,700722,2
1391307,2019-12-27,2020-01-17,,69075,619711,2
1391308,2019-12-27,2020-01-17,,69106,356663,2
1391309,2019-12-27,2020-01-17,,69118,638200,2
1391310,2019-12-27,2020-01-17,,69133,278247,2
1391311,2019-12-27,2020-01-17,,69133,635324,2
1391312,2019-12-27,2020-01-17,,69173,784079,2
1391313,2019-12-27,2020-01-17,,69192,150453,2
1391314,2019-12-27,2020-01-17,,69195,299475,2
1391315,2019-12-27,2020-01-17,,69213,253472,2
1391316,2019-12-27,2020-01-17,,69213,910574,2
1391317,2019-12-27,2020-01-17,,69221,30881,2
1391318,2019-12-27,2020-01-17,,69221,648758,2
1391319,2019-12-27,2020-01-17,,69221,884102,2
1391320,2019-12-27,2020-01-17,,69414,261469,2
1391321,2019-12-27,2020-01-17,,69424,212545,2
1391322,2019-12-27,2020-01-17,,69583,509070,2
1391323,2019-12-27,2020-01-17,,69619,62557,2
1391324,2019-12-27,2020-01-17,,70021,33772,2
1391325,2019-12-27,2020-01-17,,70080,677393,2
1391326,2019-12-27,2020-01-17,,70123,479301,2
1391327,2019-12-27,2020-01-17,,70123,603186,2
1391328,2019-12-27,2020-01-17,,70220,255564,2
1391329,2019-12-27,2020-01-17,,70251,766189,2
1391330,2019-12-27,2020-01-17,,70411,348509,2
1391331,2019-12-27,2020-01-17,,70411,370733,2
1391332,2019-12-27,2020-01-17,,70445,173543,2
1391333,2019-12-27,2020-01-17,,70445,458678,2
1391334,2019-12-27,2020-01-17,,70636,841617,2
1391335,2019-12-27,2020-01-17,,70663,271672,2
1391336,2019-12-27,2020-01-17,,70878,3162,2
1391337,2019-12-27,2020-01-17,,70907,760626,2
1391338,2019-12-27,2020-01-17,,71006,272393,2
1391339,2019-12-27,2020-01-17,,71006,381395,2
1391340,2019-12-27,2020-01-17,,71064,389917,2
1391341,2019-12-27,2020-01-17,,71079,492846,2
1391342,2019-12-27,2020-01-17,,71317,73610,2
1391343,2019-12-27,2020-01-17,,71334,554082,2
1391344,2019-12-27,2020-01-17,,71369,676128,2
1391345,2019-12-27,2020-01-17,,71453,486391,2
1391346,2019-12-27,2020-01-17,,71479,270792,2
1391347,2019-12-27,2020-01-17,,71668,209090,2
1391348,2019-12-27,2020-01-17,,71877,346027,2
1391349,2019-12-27,2020-01-17,,71917,719953,2
1391350,2019-12-27,2020-01-17,,72062,858848,2
1391351,2019-12-27,2020-01-17,,72205,732892,2
1391352,2019-12-27,2020-01-17,,72290,333587,2
1391353,2019-12-27,2020-01-17,,72322,575651,2
1391354,2019-12-27,2020-01-17,,72416,680186,2
1391355,2019-12-27,2020-01-17,,72446,826317,2
1391356,2019-12-27,2020-01-17,,72476,689154,2
1391357,2019-12-27,2020-01-17,,72512,621761,2
1391358,2019-12-27,2020-01-17,,72660,74412,2
1391359,2019-12-27,2020-01-17,,72793,412363,2
1391360,2019-12-27,2020-01-17,,72925,154562,2
1391361,2019-12-27,2020-01-17,,72991,245889,2
1391362,2019-12-27,2020-01-17,,72995,118943,2
1391363,2019-12-27,2020-01-17,,73081,583640,2
1391364,2019-12-27,2020-01-17,,73092,558974,2
1391365,2019-12-27,2020-01-17,,73150,248285,2
1391366,2019-12-27,2020-01-17,,73426,930922,2
1391367,2019-12-27,2020-01-17,,73512,146634,2
1391368,2019-12-27,2020-01-17,,73512,147543,2
1391369,2019-12-27,2020-01-17,,73581,573426,2
1391370,2019-12-27,2020-01-17,,73599,924199,2
1391371,2019-12-27,2020-01-17,,73643,908598,2
1391372,2019-12-27,2020-01-17,,73725,81426,2
1391373,2019-12-27,2020-01-17,,73725,174272,2
1391374,2019-12-27,2020-01-17,,73740,81744,2
1391375,2019-12-27,2020-01-17,,73740,278388,2
1391376,2019-12-27,2020-01-17,,73740,444634,2
1391377,2019-12-27,2020-01-17,,73907,115562,2
1391378,2019-12-27,2020-01-17,,73929,231743,2
1391379,2019-12-27,2020-01-17,,73929,251102,2
1391380,2019-12-27,2020-01-17,,73929,351164,2
1391381,2019-12-27,2020-01-17,,73929,421173,2
1391382,2019-12-27,2020-01-17,,73929,741855,2
1391383,2019-12-27,2020-01-17,,73929,799085,2
1391384,2019-12-27,2020-01-17,,73960,28112,2
1391385,2019-12-27,2020-01-17,,74013,398778,2
1391386,2019-12-27,2020-01-17,,74057,430650,2
1391387,2019-12-27,2020-01-17,,74146,51046,2
1391388,2019-12-27,2020-01-17,,74146,138225,2
1391389,2019-12-27,2020-01-17,,74205,734647,2
1391390,2019-12-27,2020-01-17,,74331,586374,2
1391391,2019-12-27,2020-01-17,,74361,928999,2
1391392,2019-12-27,2020-01-17,,74515,441723,2
1391393,2019-12-27,2020-01-17,,74517,104366,2
1391394,2019-12-27,2020-01-17,,74535,532474,2
1391395,2019-12-27,2020-01-17,,74872,369483,2
1391396,2019-12-27,2020-01-17,,74874,154475,2
1391397,2019-12-27,2020-01-17,,74969,480125,2
1391398,2019-12-27,2020-01-17,,74983,470929,2
1391399,2019-12-27,2020-01-17,,75023,102053,2
1391400,2019-12-27,2020-01-17,,75028,510000,2
1391401,2019-12-27,2020-01-17,,75080,457439,2
1391402,2019-12-27,2020-01-17,,75133,224941,2
1391403,2019-12-27,2020-01-17,,75214,70446,2
1391404,2019-12-27,2020-01-17,,75214,722627,2
1391405,2019-12-27,2020-01-17,,75249,813152,2
1391406,2019-12-27,2020-01-17,,75269,30472,2
1391407,2019-12-27,2020-01-17,,75489,878751,2
1391408,2019-12-27,2020-01-17,,75503,73832,2
1391409,2019-12-27,2020-01-17,,75580,253451,2
1391410,2019-12-27,2020-01-17,,75633,851698,2
1391411,2019-12-27,2020-01-17,,75790,572056,2
1391412,2019-12-27,2020-01-17,,75981,186285,2
1391413,2019-12-27,2020-01-17,,76105,358415,2
1391414,2019-12-27,2020-01-17,,76107,243348,2
1391415,2019-12-27,2020-01-17,,76199,549550,2
1391416,2019-12-27,2020-01-17,,76528,903512,2
1391417,2019-12-27,2020-01-17,,76559,453921,2
1391418,2019-12-27,2020-01-17,,76573,713700,2
1391419,2019-12-27,2020-01-17,,76581,577400,2
1391420,2019-12-27,2020-01-17,,76615,240412,2
1391421,2019-12-27,2020-01-17,,76671,262687,2
1391422,2019-12-27,2020-01-17,,76787,492462,2
1391423,2019-12-27,2020-01-17,,76793,688961,2
1391424,2019-12-27,2020-01-17,,76866,27916,2
1391425,2019-12-27,2020-01-17,,77129,704222,2
1391426,2019-12-27,2020-01-17,,77232,175130,2
1391427,2019-12-27,2020-01-17,,77397,366044,2
1391428,2019-12-27,2020-01-17,,77397,872413,2
1391429,2019-12-27,2020-01-17,,77538,363820,2
1391430,2019-12-27,2020-01-17,,77598,784511,2
1391431,2019-12-27,2020-01-17,,77603,6151,2
1391432,2019-12-27,2020-01-17,,77603,51072,2
1391433,2019-12-27,2020-01-17,,77603,85764,2
1391434,2019-12-27,2020-01-17,,77603,788215,2
1391435,2019-12-27,2020-01-17,,77603,896011,2
1391436,2019-12-27,2020-01-17,,77603,910936,2
1391437,2019-12-27,2020-01-17,,77688,406844,2
1391438,2019-12-27,2020-01-17,,77777,518130,2
1391439,2019-12-27,2020-01-17,,77844,192266,2
1391440,2019-12-27,2020-01-17,,77852,736560,2
1391441,2019-12-27,2020-01-17,,77901,122111,2
1391442,2019-12-27,2020-01-17,,77907,542535,2
1391443,2019-12-27,2020-01-17,,77907,589129,2
1391444,2019-12-27,2020-01-17,,77925,539896,2
1391445,2019-12-27,2020-01-17,,77952,528178,2
1391446,2019-12-27,2020-01-17,,78070,22131,2
1391447,2019-12-27,2020-01-17,,78102,6844,2
1391448,2019-12-27,2020-01-17,,78196,859580,2
1391449,2019-12-27,2020-01-17,,78371,697770,2
1391450,2019-12-27,2020-01-17,,78417,339285,2
1391451,2019-12-27,2020-01-17,,78484,191404,2
1391452,2019-12-27,2020-01-17,,78684,933922,2
1391453,2019-12-27,2020-01-17,,78773,330125,2
1391454,2019-12-27,2020-01-17,,78827,578166,2
1391455,2019-12-27,2020-01-17,,78994,173993,2
1391456,2019-12-27,2020-01-17,,79032,279034,2
1391457,2019-12-27,2020-01-17,,79091,631199,2
1391458,2019-12-27,2020-01-17,,79147,114244,2
1391459,2019-12-27,2020-01-17,,79147,247194,2
1391460,2019-12-27,2020-01-17,,79475,551337,2
1391461,2019-12-27,2020-01-17,,79658,109097,2
1391462,2019-12-27,2020-01-17,,79825,778726,2
1391463,2019-12-27,2020-01-17,,79825,832688,2
1391464,2019-12-27,2020-01-17,,79888,884694,2
1391465,2019-12-27,2020-01-17,,79926,796283,2
1391466,2019-12-27,2020-01-17,,80094,272398,2
1391467,2019-12-27,2020-01-17,,80094,460703,2
1391468,2019-12-27,2020-01-17,,80094,535893,2
1391469,2019-12-27,2020-01-17,,80144,356219,2
1391470,2019-12-27,2020-01-17,,80266,795535,2
1391471,2019-12-27,2020-01-17,,80322,13776,2
1391472,2019-12-27,2020-01-17,,80347,603905,2
1391473,2019-12-27,2020-01-17,,80489,168639,2
1391474,2019-12-27,2020-01-17,,80707,34365,2
1391475,2019-12-27,2020-01-17,,80707,124746,2
1391476,2019-12-27,2020-01-17,,80707,154974,2
1391477,2019-12-27,2020-01-17,,80707,266133,2
1391478,2019-12-27,2020-01-17,,80707,293601,2
1391479,2019-12-27,2020-01-17,,80707,587308,2
1391480,2019-12-27,2020-01-17,,80707,681486,2
1391481,2019-12-27,2020-01-17,,80707,820896,2
1391482,2019-12-27,2020-01-17,,80707,945660,2
1391483,2019-12-27,2020-01-17,,80824,103159,2
1391484,2019-12-27,2020-01-17,,80884,485331,2
1391485,2019-12-27,2020-01-17,,80944,203290,2
1391486,2019-12-27,2020-01-17,,81123,23402,2
1391487,2019-12-27,2020-01-17,,81214,602491,2
1391488,2019-12-27,2020-01-17,,81222,569640,2
1391489,2019-12-27,2020-01-17,,81398,280090,2
1391490,2019-12-27,2020-01-17,,81437,831446,2
1391491,2019-12-27,2020-01-17,,81482,220178,2
1391492,2019-12-27,2020-01-17,,81490,935886,2
1391493,2019-12-27,2020-01-17,,81502,17689,2
1391494,2019-12-27,2020-01-17,,81745,769501,2
1391495,2019-12-27,2020-01-17,,81764,163377,2
1391496,2019-12-27,2020-01-17,,81872,241571,2
1391497,2019-12-27,2020-01-17,,81994,827029,2
1391498,2019-12-27,2020-01-17,,82056,335000,2
1391499,2019-12-27,2020-01-17,,82135,559908,2
1391500,2019-12-27,2020-01-17,,82178,474925,2
1391501,2019-12-27,2020-01-17,,82313,182190,2
1391502,2019-12-27,2020-01-17,,82593,41918,2
1391503,2019-12-27,2020-01-17,,82593,720497,2
1391504,2019-12-27,2020-01-17,,82605,147656,2
1391505,2019-12-27,2020-01-17,,82719,257230,2
1391506,2019-12-27,2020-01-17,,82852,654227,2
1391507,2019-12-27,2020-01-17,,83012,102706,2
1391508,2019-12-27,2020-01-17,,83084,645251,2
1391509,2019-12-27,2020-01-17,,83270,233957,2
1391510,2019-12-27,2020-01-17,,83403,374859,2
1391511,2019-12-27,2020-01-17,,83486,176746,2
1391512,2019-12-27,2020-01-17,,83498,485630,2
1391513,2019-12-27,2020-01-17,,83569,271356,2
1391514,2019-12-27,2020-01-17,,83582,25113,2
1391515,2019-12-27,2020-01-17,,83582,59074,2
1391516,2019-12-27,2020-01-17,,83582,123127,2
1391517,2019-12-27,2020-01-17,,83582,312090,2
1391518,2019-12-27,2020-01-17,,83582,433221,2
1391519,2019-12-27,2020-01-17,,83582,438612,2
1391520,2019-12-27,2020-01-17,,83582,534833,2
1391521,2019-12-27,2020-01-17,,83582,848330,2
1391522,2019-12-27,2020-01-17,,83582,849074,2
1391523,2019-12-27,2020-01-17,,83582,849928,2
1391524,2019-12-27,2020-01-17,,83582,861432,2
1391525,2019-12-27,2020-01-17,,83582,923018,2
1391526,2019-12-27,2020-01-17,,83588,383852,2
1391527,2019-12-27,2020-01-17,,83735,951383,2
1391528,2019-12-27,2020-01-17,,83829,127360,2
1391529,2019-12-27,2020-01-17,,83866,104243,2
1391530,2019-12-27,2020-01-17,,83903,352973,2
1391531,2019-12-27,2020-01-17,,83903,437946,2
1391532,2019-12-27,2020-01-17,,84103,131188,2
1391533,2019-12-27,2020-01-17,,84214,417055,2
1391534,2019-12-27,2020-01-17,,84214,701062,2
1391535,2019-12-27,2020-01-17,,84224,827635,2
1391536,2019-12-27,2020-01-17,,84356,578893,2
1391537,2019-12-27,2020-01-17,,84382,112186,2
1391538,2019-12-27,2020-01-17,,84436,944835,2
1391539,2019-12-27,2020-01-17,,84849,865294,2
1391540,2019-12-27,2020-01-17,,84885,479512,2
1391541,2019-12-27,2020-01-17,,84886,923524,2
1391542,2019-12-27,2020-01-17,,85066,135195,2
1391543,2019-12-27,2020-01-17,,85097,46360,2
1391544,2019-12-27,2020-01-17,,85232,807759,2
1391545,2019-12-27,2020-01-17,,85357,437398,2
1391546,2019-12-27,2020-01-17,,85357,880827,2
1391547,2019-12-27,2020-01-17,,85720,281398,2
1391548,2019-12-27,2020-01-17,,85799,475226,2
1391549,2019-12-27,2020-01-17,,85885,380790,2
1391550,2019-12-27,2020-01-17,,85895,424696,2
1391551,2019-12-27,2020-01-17,,85895,604557,2
1391552,2019-12-27,2020-01-17,,85912,75258,2
1391553,2019-12-27,2020-01-17,,86019,177162,2
1391554,2019-12-27,2020-01-17,,86301,26107,2
1391555,2019-12-27,2020-01-17,,86301,167176,2
1391556,2019-12-27,2020-01-17,,86301,340877,2
1391557,2019-12-27,2020-01-17,,86301,708707,2
1391558,2019-12-27,2020-01-17,,86301,822704,2
1391559,2019-12-27,2020-01-17,,86301,943350,2
1391560,2019-12-27,2020-01-17,,86319,307426,2
1391561,2019-12-27,2020-01-17,,86373,470185,2
1391562,2019-12-27,2020-01-17,,86489,763585,2
1391563,2019-12-27,2020-01-17,,86852,206147,2
1391564,2019-12-27,2020-01-17,,86852,823805,2
1391565,2019-12-27,2020-01-17,,86881,514648,2
1391566,2019-12-27,2020-01-17,,86881,687694,2
1391567,2019-12-27,2020-01-17,,86887,621596,2
1391568,2019-12-27,2020-01-17,,86919,913820,2
1391569,2019-12-27,2020-01-17,,87032,493642,2
1391570,2019-12-27,2020-01-17,,87099,382320,2
1391571,2019-12-27,2020-01-17,,87232,442367,2
1391572,2019-12-27,2020-01-17,,87303,459447,2
1391573,2019-12-27,2020-01-17,,87303,475052,2
1391574,2019-12-27,2020-01-17,,87394,563047,2
1391575,2019-12-27,2020-01-17,,87427,31439,2
1391576,2019-12-27,2020-01-17,,87528,191490,2
1391577,2019-12-27,2020-01-17,,87528,335020,2
1391578,2019-12-27,2020-01-17,,87598,945249,2
1391579,2019-12-27,2020-01-17,,87654,217335,2
1391580,2019-12-27,2020-01-17,,87702,675275,2
1391581,2019-12-27,2020-01-17,,87704,228340,2
1391582,2019-12-27,2020-01-17,,87704,755345,2
1391583,2019-12-27,2020-01-17,,87963,139432,2
1391584,2019-12-27,2020-01-17,,88123,443887,2
1391585,2019-12-27,2020-01-17,,88230,220883,2
1391586,2019-12-27,2020-01-17,,88230,475383,2
1391587,2019-12-27,2020-01-17,,88281,516437,2
1391588,2019-12-27,2020-01-17,,88479,793255,2
1391589,2019-12-27,2020-01-17,,88493,326334,2
1391590,2019-12-27,2020-01-17,,88499,420508,2
1391591,2019-12-27,2020-01-17,,88499,685049,2
1391592,2019-12-27,2020-01-17,,88536,848389,2
1391593,2019-12-27,2020-01-17,,88538,691528,2
1391594,2019-12-27,2020-01-17,,88608,101308,2
1391595,2019-12-27,2020-01-17,,88608,609361,2
1391596,2019-12-27,2020-01-17,,88668,325589,2
1391597,2019-12-27,2020-01-17,,88722,892201,2
1391598,2019-12-27,2020-01-17,,88804,241039,2
1391599,2019-12-27,2020-01-17,,88822,202537,2
1391600,2019-12-27,2020-01-17,,88983,708581,2
1391601,2019-12-27,2020-01-17,,89015,89747,2
1391602,2019-12-27,2020-01-17,,89082,69258,2
1391603,2019-12-27,2020-01-17,,89125,331622,2
1391604,2019-12-27,2020-01-17,,89330,88590,2
1391605,2019-12-27,2020-01-17,,89461,615154,2
1391606,2019-12-27,2020-01-17,,89522,240558,2
1391607,2019-12-27,2020-01-17,,89615,57970,2
1391608,2019-12-27,2020-01-17,,89615,136673,2
1391609,2019-12-27,2020-01-17,,89639,28843,2
1391610,2019-12-27,2020-01-17,,89828,462963,2
1391611,2019-12-27,2020-01-17,,89828,784063,2
1391612,2019-12-27,2020-01-17,,90011,953906,2
1391613,2019-12-27,2020-01-17,,90084,287943,2
1391614,2019-12-27,2020-01-17,,90212,506334,2
1391615,2019-12-27,2020-01-17,,90264,222584,2
1391616,2019-12-27,2020-01-17,,90264,321943,2
1391617,2019-12-27,2020-01-17,,90315,465947,2
1391618,2019-12-27,2020-01-17,,90533,702008,2
1391619,2019-12-27,2020-01-17,,90682,475298,2
1391620,2019-12-27,2020-01-17,,90684,853304,2
1391621,2019-12-27,2020-01-17,,90707,188234,2
1391622,2019-12-27,2020-01-17,,91004,887936,2
1391623,2019-12-27,2020-01-17,,91264,31773,2
1391624,2019-12-27,2020-01-17,,91288,1584,2
1391625,2019-12-27,2020-01-17,,91417,906976,2
1391626,2019-12-27,2020-01-17,,91424,909121,2
1391627,2019-12-27,2020-01-17,,91455,754294,2
1391628,2019-12-27,2020-01-17,,91538,616103,2
1391629,2019-12-27,2020-01-17,,91729,875699,2
1391630,2019-12-27,2020-01-17,,91792,148606,2
1391631,2019-12-27,2020-01-17,,91792,428462,2
1391632,2019-12-27,2020-01-17,,91815,147456,2
1391633,2019-12-27,2020-01-17,,91853,151671,2
1391634,2019-12-27,2020-01-17,,91964,467266,2
1391635,2019-12-27,2020-01-17,,92074,305454,2
1391636,2019-12-27,2020-01-17,,92297,188912,2
1391637,2019-12-27,2020-01-17,,92297,331985,2
1391638,2019-12-27,2020-01-17,,92382,147556,2
1391639,2019-12-27,2020-01-17,,92438,481712,2
1391640,2019-12-27,2020-01-17,,92456,671386,2
1391641,2019-12-27,2020-01-17,,92506,156064,2
1391642,2019-12-27,2020-01-17,,92696,201232,2
1391643,2019-12-27,2020-01-17,,92936,580710,2
1391644,2019-12-27,2020-01-17,,93051,366485,2
1391645,2019-12-27,2020-01-17,,93084,556736,2
1391646,2019-12-27,2020-01-17,,93191,222868,2
1391647,2019-12-27,2020-01-17,,93226,151646,2
1391648,2019-12-27,2020-01-17,,93502,163901,2
1391649,2019-12-27,2020-01-17,,93595,429547,2
1391650,2019-12-27,2020-01-17,,93616,374801,2
1391651,2019-12-27,2020-01-17,,93617,430466,2
1391652,2019-12-27,2020-01-17,,93622,133788,2
1391653,2019-12-27,2020-01-17,,93747,384972,2
1391654,2019-12-27,2020-01-17,,94007,514908,2
1391655,2019-12-27,2020-01-17,,94126,764636,2
1391656,2019-12-27,2020-01-17,,94128,937516,2
1391657,2019-12-27,2020-01-17,,94195,299632,2
1391658,2019-12-27,2020-01-17,,94215,411937,2
1391659,2019-12-27,2020-01-17,,94304,778618,2
1391660,2019-12-27,2020-01-17,,94608,478615,2
1391661,2019-12-27,2020-01-17,,94679,157066,2
1391662,2019-12-27,2020-01-17,,94768,763728,2
1391663,2019-12-27,2020-01-17,,94786,6871,2
1391664,2019-12-27,2020-01-17,,94786,414907,2
1391665,2019-12-27,2020-01-17,,94786,584506,2
1391666,2019-12-27,2020-01-17,,94964,853809,2
1391667,2019-12-27,2020-01-17,,94999,857331,2
1391668,2019-12-27,2020-01-17,,95102,740597,2
1391669,2019-12-27,2020-01-17,,95187,836642,2
1391670,2019-12-27,2020-01-17,,95407,721892,2
1391671,2019-12-27,2020-01-17,,95428,133525,2
1391672,2019-12-27,2020-01-17,,95618,911114,2
1391673,2019-12-27,2020-01-17,,95679,463384,2
1391674,2019-12-27,2020-01-17,,95816,176309,2
1391675,2019-12-27,2020-01-17,,95836,872716,2
1391676,2019-12-27,2020-01-17,,95854,379661,2
1391677,2019-12-27,2020-01-17,,95931,813332,2
1391678,2019-12-27,2020-01-17,,95961,206037,2
1391679,2019-12-27,2020-01-17,,96029,581267,2
1391680,2019-12-27,2020-01-17,,96054,304985,2
1391681,2019-12-27,2020-01-17,,96078,498293,2
1391682,2019-12-27,2020-01-17,,96202,577659,2
1391683,2019-12-27,2020-01-17,,96205,361438,2
1391684,2019-12-27,2020-01-17,,96390,718305,2
1391685,2019-12-27,2020-01-17,,96471,102346,2
1391686,2019-12-27,2020-01-17,,96694,344645,2
1391687,2019-12-27,2020-01-17,,96825,191484,2
1391688,2019-12-27,2020-01-17,,96863,600104,2
1391689,2019-12-27,2020-01-17,,96949,418501,2
1391690,2019-12-27,2020-01-17,,97065,607077,2
1391691,2019-12-27,2020-01-17,,97507,697097,2
1391692,2019-12-27,2020-01-17,,97730,269693,2
1391693,2019-12-27,2020-01-17,,97751,613563,2
1391694,2019-12-27,2020-01-17,,97806,722525,2
1391695,2019-12-27,2020-01-17,,97817,338436,2
1391696,2019-12-27,2020-01-17,,97874,930003,2
1391697,2019-12-27,2020-01-17,,97907,515779,2
1391698,2019-12-27,2020-01-17,,98041,737869,2
1391699,2019-12-27,2020-01-17,,98058,754651,2
1391700,2019-12-27,2020-01-17,,98065,211132,2
1391701,2019-12-27,2020-01-17,,98086,226254,2
1391702,2019-12-27,2020-01-17,,98098,143782,2
1391703,2019-12-27,2020-01-17,,98263,104367,2
1391704,2019-12-27,2020-01-17,,98315,547462,2
1391705,2019-12-27,2020-01-17,,98367,841840,2
1391706,2019-12-27,2020-01-17,,98430,596867,2
1391707,2019-12-27,2020-01-17,,98432,139921,2
1391708,2019-12-27,2020-01-17,,98463,461561,2
1391709,2019-12-27,2020-01-17,,98472,307110,2
1391710,2019-12-27,2020-01-17,,98483,765652,2
1391711,2019-12-27,2020-01-17,,98491,934787,2
1391712,2019-12-27,2020-01-17,,98640,366486,2
1391713,2019-12-27,2020-01-17,,98870,688106,2
1391714,2019-12-27,2020-01-17,,98871,516140,2
1391715,2019-12-27,2020-01-17,,98954,852457,2
1391716,2019-12-27,2020-01-17,,98983,917641,2
1391717,2019-12-27,2020-01-17,,99020,640340,2
1391718,2019-12-27,2020-01-17,,99080,369442,2
1391719,2019-12-27,2020-01-17,,99355,153626,2
1391720,2019-12-27,2020-01-17,,99355,563272,2
1391721,2019-12-27,2020-01-17,,99440,275621,2
1391722,2019-12-27,2020-01-17,,99440,533073,2
1391723,2019-12-27,2020-01-17,,99518,595107,2
1391724,2019-12-27,2020-01-17,,99545,443728,2
1391725,2019-12-27,2020-01-17,,99762,415748,2
1391726,2019-12-27,2020-01-17,,99894,727947,2
1391727,2019-12-27,2020-01-17,,99894,760887,2
1391728,2019-12-27,2020-01-17,,100056,594777,2
1391729,2019-12-27,2020-01-17,,100076,449894,2
1391730,2019-12-27,2020-01-17,,100200,657472,2
1391731,2019-12-27,2020-01-17,,100205,117120,2
1391732,2019-12-27,2020-01-17,,100223,163262,2
1391733,2019-12-27,2020-01-17,,100230,382622,2
1391734,2019-12-27,2020-01-17,,100252,197865,2
1391735,2019-12-27,2020-01-17,,100423,256657,2
1391736,2019-12-27,2020-01-17,,100795,2730,2
1391737,2019-12-27,2020-01-17,,101087,698917,2
1391738,2019-12-27,2020-01-17,,101095,700555,2
1391739,2019-12-27,2020-01-17,,101204,321217,2
1391740,2019-12-27,2020-01-17,,101217,470774,2
1391741,2019-12-27,2020-01-17,,101357,124381,2
1391742,2019-12-27,2020-01-17,,101372,636530,2
1391743,2019-12-27,2020-01-17,,101612,203475,2
1391744,2019-12-27,2020-01-17,,101925,705756,2
1391745,2019-12-27,2020-01-17,,102162,805949,2
1391746,2019-12-27,2020-01-17,,102180,446166,2
1391747,2019-12-27,2020-01-17,,102384,78602,2
1391748,2019-12-27,2020-01-17,,102392,847012,2
1391749,2019-12-27,2020-01-17,,102611,338872,2
1391750,2019-12-27,2020-01-17,,102628,314735,2
1391751,2019-12-27,2020-01-17,,102645,510120,2
1391752,2019-12-27,2020-01-17,,102912,236010,2
1391753,2019-12-27,2020-01-17,,102943,556706,2
1391754,2019-12-27,2020-01-17,,103021,721237,2
1391755,2019-12-27,2020-01-17,,103034,222869,2
1391756,2019-12-27,2020-01-17,,103155,816628,2
1391757,2019-12-27,2020-01-17,,103495,280193,2
1391758,2019-12-27,2020-01-17,,103528,586254,2
1391759,2019-12-27,2020-01-17,,103535,435410,2
1391760,2019-12-27,2020-01-17,,103605,569761,2
1391761,2019-12-27,2020-01-17,,103760,538680,2
1391762,2019-12-27,2020-01-17,,103762,256397,2
1391763,2019-12-27,2020-01-17,,103781,145024,2
1391764,2019-12-27,2020-01-17,,103882,573481,2
1391765,2019-12-27,2020-01-17,,104153,313082,2
1391766,2019-12-27,2020-01-17,,104178,808723,2
1391767,2019-12-27,2020-01-17,,104295,800081,2
1391768,2019-12-27,2020-01-17,,104309,866376,2
1391769,2019-12-27,2020-01-17,,104622,156104,2
1391770,2019-12-27,2020-01-17,,104622,401237,2
1391771,2019-12-27,2020-01-17,,104864,424005,2
1391772,2019-12-27,2020-01-17,,104864,575239,2
1391773,2019-12-27,2020-01-17,,105081,123319,2
1391774,2019-12-27,2020-01-17,,105237,321720,2
1391775,2019-12-27,2020-01-17,,105318,560251,2
1391776,2019-12-27,2020-01-17,,105390,785689,2
1391777,2019-12-27,2020-01-17,,105407,874316,2
1391778,2019-12-27,2020-01-17,,105444,648760,2
1391779,2019-12-27,2020-01-17,,105492,308038,2
1391780,2019-12-27,2020-01-17,,105517,130786,2
1391781,2019-12-27,2020-01-17,,105632,686735,2
1391782,2019-12-27,2020-01-17,,105644,82975,2
1391783,2019-12-27,2020-01-17,,105644,166014,2
1391784,2019-12-27,2020-01-17,,105644,180825,2
1391785,2019-12-27,2020-01-17,,105644,413323,2
1391786,2019-12-27,2020-01-17,,105644,461294,2
1391787,2019-12-27,2020-01-17,,105708,158742,2
1391788,2019-12-27,2020-01-17,,105749,104507,2
1391789,2019-12-27,2020-01-17,,105930,428398,2
1391790,2019-12-27,2020-01-17,,106075,822162,2
1391791,2019-12-27,2020-01-17,,106162,238551,2
1391792,2019-12-27,2020-01-17,,106237,433558,2
1391793,2019-12-27,2020-01-17,,106242,631533,2
1391794,2019-12-27,2020-01-17,,106356,669696,2
1391795,2019-12-27,2020-01-17,,106374,357610,2
1391796,2019-12-27,2020-01-17,,106378,693569,2
1391797,2019-12-27,2020-01-17,,106405,585607,2
1391798,2019-12-27,2020-01-17,,106691,375535,2
1391799,2019-12-27,2020-01-17,,106883,454528,2
1391800,2019-12-27,2020-01-17,,107027,806501,2
1391801,2019-12-27,2020-01-17,,107242,469425,2
1391802,2019-12-27,2020-01-17,,107276,931220,2
1391803,2019-12-27,2020-01-17,,107577,87032,2
1391804,2019-12-27,2020-01-17,,107606,175701,2
1391805,2019-12-27,2020-01-17,,107726,162303,2
1391806,2019-12-27,2020-01-17,,107738,92340,2
1391807,2019-12-27,2020-01-17,,107738,152876,2
1391808,2019-12-27,2020-01-17,,107738,455862,2
1391809,2019-12-27,2020-01-17,,107738,794547,2
1391810,2019-12-27,2020-01-17,,107738,826639,2
1391811,2019-12-27,2020-01-17,,107843,73801,2
1391812,2019-12-27,2020-01-17,,107843,643943,2
1391813,2019-12-27,2020-01-17,,107916,400544,2
1391814,2019-12-27,2020-01-17,,108004,660173,2
1391815,2019-12-27,2020-01-17,,108058,135247,2
1391816,2019-12-27,2020-01-17,,108080,27070,2
1391817,2019-12-27,2020-01-17,,108160,504077,2
1391818,2019-12-27,2020-01-17,,108282,366253,2
1391819,2019-12-27,2020-01-17,,108570,545949,2
1391820,2019-12-27,2020-01-17,,108621,911039,2
1391821,2019-12-27,2020-01-17,,108851,844966,2
1391822,2019-12-27,2020-01-17,,108990,819622,2
1391823,2019-12-27,2020-01-17,,108999,60515,2
1391824,2019-12-27,2020-01-17,,109031,549921,2
1391825,2019-12-27,2020-01-17,,109449,805568,2
1391826,2019-12-27,2020-01-17,,109508,68453,2
1391827,2019-12-27,2020-01-17,,109508,947467,2
1391828,2019-12-27,2020-01-17,,109624,666870,2
1391829,2019-12-27,2020-01-17,,109888,348458,2
1391830,2019-12-27,2020-01-17,,109917,918012,2
1391831,2019-12-27,2020-01-17,,109917,925703,2
1391832,2019-12-27,2020-01-17,,110195,4423,2
1391833,2019-12-27,2020-01-17,,110397,652118,2
1391834,2019-12-27,2020-01-17,,110495,710340,2
1391835,2019-12-27,2020-01-17,,110505,104670,2
1391836,2019-12-27,2020-01-17,,110566,173023,2
1391837,2019-12-27,2020-01-17,,110601,673728,2
1391838,2019-12-27,2020-01-17,,110619,745967,2
1391839,2019-12-27,2020-01-17,,110790,880889,2
1391840,2019-12-27,2020-01-17,,110898,360611,2
1391841,2019-12-27,2020-01-17,,110928,792130,2
1391842,2019-12-27,2020-01-17,,110993,188239,2
1391843,2019-12-27,2020-01-17,,111001,67958,2
1391844,2019-12-27,2020-01-17,,111026,282108,2
1391845,2019-12-27,2020-01-17,,111157,805343,2
1391846,2019-12-27,2020-01-17,,111192,592493,2
1391847,2019-12-27,2020-01-17,,111202,341236,2
1391848,2019-12-27,2020-01-17,,111207,92318,2
1391849,2019-12-27,2020-01-17,,111466,122757,2
1391850,2019-12-27,2020-01-17,,111605,687983,2
1391851,2019-12-27,2020-01-17,,111720,25923,2
1391852,2019-12-27,2020-01-17,,111786,181648,2
1391853,2019-12-27,2020-01-17,,111933,872874,2
1391854,2019-12-27,2020-01-17,,111977,584493,2
1391855,2019-12-27,2020-01-17,,112171,834485,2
1391856,2019-12-27,2020-01-17,,112351,855724,2
1391857,2019-12-27,2020-01-17,,112413,592399,2
1391858,2019-12-27,2020-01-17,,112475,215309,2
1391859,2019-12-27,2020-01-17,,112488,169867,2
1391860,2019-12-27,2020-01-17,,112493,262346,2
1391861,2019-12-27,2020-01-17,,112493,536597,2
1391862,2019-12-27,2020-01-17,,112978,255719,2
1391863,2019-12-27,2020-01-17,,113090,35704,2
1391864,2019-12-27,2020-01-17,,113504,734364,2
1391865,2019-12-27,2020-01-17,,113538,287198,2
1391866,2019-12-27,2020-01-17,,113681,641593,2
1391867,2019-12-27,2020-01-17,,113748,211139,2
1391868,2019-12-27,2020-01-17,,113895,756867,2
1391869,2019-12-27,2020-01-17,,114221,849573,2
1391870,2019-12-27,2020-01-17,,114252,666777,2
1391871,2019-12-27,2020-01-17,,114370,310840,2
1391872,2019-12-27,2020-01-17,,114398,34965,2
1391873,2019-12-27,2020-01-17,,114398,915530,2
1391874,2019-12-27,2020-01-17,,114471,402060,2
1391875,2019-12-27,2020-01-17,,114472,77947,2
1391876,2019-12-27,2020-01-17,,114478,239446,2
1391877,2019-12-27,2020-01-17,,114603,793467,2
1391878,2019-12-27,2020-01-17,,114616,932737,2
1391879,2019-12-27,2020-01-17,,114644,649540,2
1391880,2019-12-27,2020-01-17,,114872,189098,2
1391881,2019-12-27,2020-01-17,,115106,149675,2
1391882,2019-12-27,2020-01-17,,115276,302827,2
1391883,2019-12-27,2020-01-17,,115454,288638,2
1391884,2019-12-27,2020-01-17,,115529,594024,2
1391885,2019-12-27,2020-01-17,,115529,744363,2
1391886,2019-12-27,2020-01-17,,115557,594391,2
1391887,2019-12-27,2020-01-17,,115646,19891,2
1391888,2019-12-27,2020-01-17,,115701,823164,2
1391889,2019-12-27,2020-01-17,,115860,452355,2
1391890,2019-12-27,2020-01-17,,116283,793912,2
1391891,2019-12-27,2020-01-17,,116322,834976,2
1391892,2019-12-27,2020-01-17,,116659,892990,2
1391893,2019-12-27,2020-01-17,,116689,278086,2
1391894,2019-12-27,2020-01-17,,116977,512036,2
1391895,2019-12-27,2020-01-17,,116991,700920,2
1391896,2019-12-27,2020-01-17,,117007,130039,2
1391897,2019-12-27,2020-01-17,,117013,139586,2
1391898,2019-12-27,2020-01-17,,117244,576871,2
1391899,2019-12-27,2020-01-17,,117247,156497,2
1391900,2019-12-27,2020-01-17,,117511,224374,2
1391901,2019-12-27,2020-01-17,,117588,639882,2
1391902,2019-12-27,2020-01-17,,117593,405185,2
1391903,2019-12-27,2020-01-17,,117645,815350,2
1391904,2019-12-27,2020-01-17,,117717,330358,2
1391905,2019-12-27,2020-01-17,,117815,743112,2
1391906,2019-12-27,2020-01-17,,117818,872016,2
1391907,2019-12-27,2020-01-17,,117854,698879,2
1391908,2019-12-27,2020-01-17,,117911,592602,2
1391909,2019-12-27,2020-01-17,,117915,335545,2
1391910,2019-12-27,2020-01-17,,117923,46987,2
1391911,2019-12-27,2020-01-17,,117923,119580,2
1391912,2019-12-27,2020-01-17,,117923,156455,2
1391913,2019-12-27,2020-01-17,,117923,224957,2
1391914,2019-12-27,2020-01-17,,117923,655363,2
1391915,2019-12-27,2020-01-17,,117923,753709,2
1391916,2019-12-27,2020-01-17,,117923,792064,2
1391917,2019-12-27,2020-01-17,,117992,495450,2
1391918,2019-12-27,2020-01-17,,118036,213004,2
1391919,2019-12-27,2020-01-17,,118143,418147,2
1391920,2019-12-27,2020-01-17,,118345,744404,2
1391921,2019-12-27,2020-01-17,,118461,896089,2
1391922,2019-12-27,2020-01-17,,118658,653184,2
1391923,2019-12-27,2020-01-17,,118761,498611,2
1391924,2019-12-27,2020-01-17,,118817,434335,2
1391925,2019-12-27,2020-01-17,,118884,493419,2
1391926,2019-12-27,2020-01-17,,118884,679575,2
1391927,2019-12-27,2020-01-17,,119078,253169,2
1391928,2019-12-27,2020-01-17,,119082,605511,2
1391929,2019-12-27,2020-01-17,,119107,278877,2
1391930,2019-12-27,2020-01-17,,119160,684854,2
1391931,2019-12-27,2020-01-17,,119338,468937,2
1391932,2019-12-27,2020-01-17,,119498,728904,2
1391933,2019-12-27,2020-01-17,,119512,627563,2
1391934,2019-12-27,2020-01-17,,119554,812915,2
1391935,2019-12-27,2020-01-17,,119685,697171,2
1391936,2019-12-27,2020-01-17,,119712,803836,2
1391937,2019-12-27,2020-01-17,,119862,288689,2
1391938,2019-12-27,2020-01-17,,119902,281274,2
1391939,2019-12-27,2020-01-17,,119960,354195,2
1391940,2019-12-27,2020-01-17,,120055,354265,2
1391941,2019-12-27,2020-01-17,,120257,908670,2
1391942,2019-12-27,2020-01-17,,120438,173146,2
1391943,2019-12-27,2020-01-17,,120463,25510,2
1391944,2019-12-27,2020-01-17,,120505,655691,2
1391945,2019-12-27,2020-01-17,,120631,101833,2
1391946,2019-12-27,2020-01-17,,120631,145589,2
1391947,2019-12-27,2020-01-17,,120631,405079,2
1391948,2019-12-27,2020-01-17,,120631,474395,2
1391949,2019-12-27,2020-01-17,,120631,885311,2
1391950,2019-12-27,2020-01-17,,120631,945868,2
1391951,2019-12-27,2020-01-17,,120685,843899,2
1391952,2019-12-27,2020-01-17,,120685,931215,2
1391953,2019-12-27,2020-01-17,,120887,485078,2
1391954,2019-12-27,2020-01-17,,121073,632741,2
1391955,2019-12-27,2020-01-17,,121396,333238,2
1391956,2019-12-27,2020-01-17,,121401,35822,2
1391957,2019-12-27,2020-01-17,,121509,479252,2
1391958,2019-12-27,2020-01-17,,121519,805201,2
1391959,2019-12-27,2020-01-17,,121657,648825,2
1391960,2019-12-27,2020-01-17,,121723,135033,2
1391961,2019-12-27,2020-01-17,,121803,528833,2
1391962,2019-12-27,2020-01-17,,121875,533530,2
1391963,2019-12-27,2020-01-17,,121908,491155,2
1391964,2019-12-27,2020-01-17,,121908,917029,2
1391965,2019-12-27,2020-01-17,,121970,250684,2
1391966,2019-12-27,2020-01-17,,121998,39895,2
1391967,2019-12-27,2020-01-17,,122355,874649,2
1391968,2019-12-27,2020-01-17,,122505,679684,2
1391969,2019-12-27,2020-01-17,,122531,196281,2
1391970,2019-12-27,2020-01-17,,122753,401495,2
1391971,2019-12-27,2020-01-17,,122887,468912,2
1391972,2019-12-27,2020-01-17,,122968,152662,2
1391973,2019-12-27,2020-01-17,,122997,469385,2
1391974,2019-12-27,2020-01-17,,123011,861604,2
1391975,2019-12-27,2020-01-17,,123033,210088,2
1391976,2019-12-27,2020-01-17,,123060,425839,2
1391977,2019-12-27,2020-01-17,,123094,216635,2
1391978,2019-12-27,2020-01-17,,123173,809230,2
1391979,2019-12-27,2020-01-17,,123229,751800,2
1391980,2019-12-27,2020-01-17,,123238,620254,2
1391981,2019-12-27,2020-01-17,,123373,736227,2
1391982,2019-12-27,2020-01-17,,123380,796994,2
1391983,2019-12-27,2020-01-17,,124072,548240,2
1391984,2019-12-27,2020-01-17,,124239,585770,2
1391985,2019-12-27,2020-01-17,,124378,771980,2
1391986,2019-12-27,2020-01-17,,124388,705802,2
1391987,2019-12-27,2020-01-17,,124445,443176,2
1391988,2019-12-27,2020-01-17,,124482,66158,2
1391989,2019-12-27,2020-01-17,,124486,65995,2
1391990,2019-12-27,2020-01-17,,124705,629685,2
1391991,2019-12-27,2020-01-17,,125041,845595,2
1391992,2019-12-27,2020-01-17,,125073,861526,2
1391993,2019-12-27,2020-01-17,,125166,870908,2
1391994,2019-12-27,2020-01-17,,125236,446169,2
1391995,2019-12-27,2020-01-17,,125291,316553,2
1391996,2019-12-27,2020-01-17,,125338,842246,2
1391997,2019-12-27,2020-01-17,,125352,744949,2
1391998,2019-12-27,2020-01-17,,125503,249970,2
1391999,2019-12-27,2020-01-17,,125570,179857,2
1392000,2019-12-27,2020-01-17,,125678,50498,2
1392001,2019-12-27,2020-01-17,,125793,423963,2
1392002,2019-12-27,2020-01-17,,125799,829734,2
1392003,2019-12-27,2020-01-17,,125852,644859,2
1392004,2019-12-27,2020-01-17,,126090,517101,2
1392005,2019-12-27,2020-01-17,,126192,850006,2
1392006,2019-12-27,2020-01-17,,126212,896612,2
1392007,2019-12-27,2020-01-17,,126295,574400,2
1392008,2019-12-27,2020-01-17,,126390,214780,2
1392009,2019-12-27,2020-01-17,,126420,896595,2
1392010,2019-12-27,2020-01-17,,126424,66003,2
1392011,2019-12-27,2020-01-17,,126791,387579,2
1392012,2019-12-27,2020-01-17,,126908,206403,2
1392013,2019-12-27,2020-01-17,,126908,629530,2
1392014,2019-12-27,2020-01-17,,126908,737025,2
1392015,2019-12-27,2020-01-17,,126960,452387,2
1392016,2019-12-27,2020-01-17,,126995,376534,2
1392017,2019-12-27,2020-01-17,,127453,37551,2
1392018,2019-12-27,2020-01-17,,127571,899353,2
1392019,2019-12-27,2020-01-17,,127592,677359,2
1392020,2019-12-27,2020-01-17,,127651,493383,2
1392021,2019-12-27,2020-01-17,,127685,856804,2
1392022,2019-12-27,2020-01-17,,127726,802388,2
1392023,2019-12-27,2020-01-17,,127733,524470,2
1392024,2019-12-27,2020-01-17,,127733,744674,2
1392025,2019-12-27,2020-01-17,,127781,769330,2
1392026,2019-12-27,2020-01-17,,128177,341394,2
1392027,2019-12-27,2020-01-17,,128237,773873,2
1392028,2019-12-27,2020-01-17,,128241,410188,2
1392029,2019-12-27,2020-01-17,,128633,451299,2
1392030,2019-12-27,2020-01-17,,128647,795873,2
1392031,2019-12-27,2020-01-17,,129007,238947,2
1392032,2019-12-27,2020-01-17,,129007,365928,2
1392033,2019-12-27,2020-01-17,,129074,628297,2
1392034,2019-12-27,2020-01-17,,129313,74453,2
1392035,2019-12-27,2020-01-17,,129347,759409,2
1392036,2019-12-27,2020-01-17,,129410,678855,2
1392037,2019-12-27,2020-01-17,,129483,494203,2
1392038,2019-12-27,2020-01-17,,129534,758507,2
1392039,2019-12-27,2020-01-17,,129534,782236,2
1392040,2019-12-27,2020-01-17,,129582,469908,2
1392041,2019-12-27,2020-01-17,,129639,571615,2
1392042,2019-12-27,2020-01-17,,129822,162641,2
1392043,2019-12-27,2020-01-17,,129827,76870,2
1392044,2019-12-27,2020-01-17,,130114,287925,2
1392045,2019-12-27,2020-01-17,,130189,648673,2
1392046,2019-12-27,2020-01-17,,130346,449645,2
1392047,2019-12-27,2020-01-17,,130430,262171,2
1392048,2019-12-27,2020-01-17,,130741,8394,2
1392049,2019-12-27,2020-01-17,,130799,417028,2
1392050,2019-12-27,2020-01-17,,130839,632261,2
1392051,2019-12-27,2020-01-17,,130869,223011,2
1392052,2019-12-27,2020-01-17,,131008,863813,2
1392053,2019-12-27,2020-01-17,,131382,543100,2
1392054,2019-12-27,2020-01-17,,131815,668016,2
1392055,2019-12-27,2020-01-17,,131835,70767,2
1392056,2019-12-27,2020-01-17,,131894,76633,2
1392057,2019-12-27,2020-01-17,,132022,344120,2
1392058,2019-12-27,2020-01-17,,132104,649555,2
1392059,2019-12-27,2020-01-17,,132124,610279,2
1392060,2019-12-27,2020-01-17,,132133,68442,2
1392061,2019-12-27,2020-01-17,,132133,95146,2
1392062,2019-12-27,2020-01-17,,132133,215781,2
1392063,2019-12-27,2020-01-17,,132137,302762,2
1392064,2019-12-27,2020-01-17,,132144,527117,2
1392065,2019-12-27,2020-01-17,,132248,389430,2
1392066,2019-12-27,2020-01-17,,132294,781032,2
1392067,2019-12-27,2020-01-17,,132309,36316,2
1392068,2019-12-27,2020-01-17,,132420,713174,2
1392069,2019-12-27,2020-01-17,,132664,91888,2
1392070,2019-12-27,2020-01-17,,132748,829913,2
1392071,2019-12-27,2020-01-17,,133125,154318,2
1392072,2019-12-27,2020-01-17,,133202,698741,2
1392073,2019-12-27,2020-01-17,,133236,776378,2
1392074,2019-12-27,2020-01-17,,133275,104244,2
1392075,2019-12-27,2020-01-17,,133287,166872,2
1392076,2019-12-27,2020-01-17,,133303,477151,2
1392077,2019-12-27,2020-01-17,,133371,834113,2
1392078,2019-12-27,2020-01-17,,133553,698880,2
1392079,2019-12-27,2020-01-17,,133604,288459,2
1392080,2019-12-27,2020-01-17,,133621,860456,2
1392081,2019-12-27,2020-01-17,,133774,191437,2
1392082,2019-12-27,2020-01-17,,133815,661810,2
1392083,2019-12-27,2020-01-17,,133903,289078,2
1392084,2019-12-27,2020-01-17,,133930,745979,2
1392085,2019-12-27,2020-01-17,,133960,811010,2
1392086,2019-12-27,2020-01-17,,133965,510385,2
1392087,2019-12-27,2020-01-17,,133965,581648,2
1392088,2019-12-27,2020-01-17,,134124,275322,2
1392089,2019-12-27,2020-01-17,,134138,865366,2
1392090,2019-12-27,2020-01-17,,134149,394019,2
1392091,2019-12-27,2020-01-17,,134165,347513,2
1392092,2019-12-27,2020-01-17,,134194,733186,2
1392093,2019-12-27,2020-01-17,,134225,404367,2
1392094,2019-12-27,2020-01-17,,134534,933801,2
1392095,2019-12-27,2020-01-17,,134576,323786,2
1392096,2019-12-27,2020-01-17,,134576,744315,2
1392097,2019-12-27,2020-01-17,,134589,269256,2
1392098,2019-12-27,2020-01-17,,134636,21351,2
1392099,2019-12-27,2020-01-17,,134830,95368,2
1392100,2019-12-27,2020-01-17,,134844,803372,2
1392101,2019-12-27,2020-01-17,,134864,588480,2
1392102,2019-12-27,2020-01-17,,134880,79592,2
1392103,2019-12-27,2020-01-17,,134903,830717,2
1392104,2019-12-27,2020-01-17,,134942,96970,2
1392105,2019-12-27,2020-01-17,,134947,139235,2
1392106,2019-12-27,2020-01-17,,135090,670059,2
1392107,2019-12-27,2020-01-17,,135090,823784,2
1392108,2019-12-27,2020-01-17,,135207,361008,2
1392109,2019-12-27,2020-01-17,,135241,853589,2
1392110,2019-12-27,2020-01-17,,135285,332250,2
1392111,2019-12-27,2020-01-17,,135423,570196,2
1392112,2019-12-27,2020-01-17,,135703,500484,2
1392113,2019-12-27,2020-01-17,,135783,62523,2
1392114,2019-12-27,2020-01-17,,135861,730144,2
1392115,2019-12-27,2020-01-17,,135904,771169,2
1392116,2019-12-27,2020-01-17,,136121,380778,2
1392117,2019-12-27,2020-01-17,,136274,114327,2
1392118,2019-12-27,2020-01-17,,136277,469605,2
1392119,2019-12-27,2020-01-17,,136287,19526,2
1392120,2019-12-27,2020-01-17,,136287,350470,2
1392121,2019-12-27,2020-01-17,,136302,184127,2
1392122,2019-12-27,2020-01-17,,136353,474284,2
1392123,2019-12-27,2020-01-17,,136423,34309,2
1392124,2019-12-27,2020-01-17,,136450,18283,2
1392125,2019-12-27,2020-01-17,,136677,482263,2
1392126,2019-12-27,2020-01-17,,136725,221197,2
1392127,2019-12-27,2020-01-17,,136846,617517,2
1392128,2019-12-27,2020-01-17,,136962,913507,2
1392129,2019-12-27,2020-01-17,,137238,382732,2
1392130,2019-12-27,2020-01-17,,137242,586259,2
1392131,2019-12-27,2020-01-17,,137251,33088,2
1392132,2019-12-27,2020-01-17,,137257,593028,2
1392133,2019-12-27,2020-01-17,,137298,667951,2
1392134,2019-12-27,2020-01-17,,137315,693687,2
1392135,2019-12-27,2020-01-17,,137315,844947,2
1392136,2019-12-27,2020-01-17,,137352,303878,2
1392137,2019-12-27,2020-01-17,,137398,465838,2
1392138,2019-12-27,2020-01-17,,137536,677980,2
1392139,2019-12-27,2020-01-17,,137561,20063,2
1392140,2019-12-27,2020-01-17,,137564,131172,2
1392141,2019-12-27,2020-01-17,,137564,851803,2
1392142,2019-12-27,2020-01-17,,137695,131390,2
1392143,2019-12-27,2020-01-17,,138132,882529,2
1392144,2019-12-27,2020-01-17,,138143,2042,2
1392145,2019-12-27,2020-01-17,,138283,698742,2
1392146,2019-12-27,2020-01-17,,138335,442648,2
1392147,2019-12-27,2020-01-17,,138457,405674,2
1392148,2019-12-27,2020-01-17,,138610,257106,2
1392149,2019-12-27,2020-01-17,,138644,58002,2
1392150,2019-12-27,2020-01-17,,138888,111967,2
1392151,2019-12-27,2020-01-17,,139001,750009,2
1392152,2019-12-27,2020-01-17,,139071,104245,2
1392153,2019-12-27,2020-01-17,,139082,557008,2
1392154,2019-12-27,2020-01-17,,139122,405799,2
1392155,2019-12-27,2020-01-17,,139133,538943,2
1392156,2019-12-27,2020-01-17,,139185,257390,2
1392157,2019-12-27,2020-01-17,,139201,930578,2
1392158,2019-12-27,2020-01-17,,139217,131906,2
1392159,2019-12-27,2020-01-17,,139245,68193,2
1392160,2019-12-27,2020-01-17,,139305,350364,2
1392161,2019-12-27,2020-01-17,,139319,911342,2
1392162,2019-12-27,2020-01-17,,139347,689230,2
1392163,2019-12-27,2020-01-17,,139647,288213,2
1392164,2019-12-27,2020-01-17,,139766,362619,2
1392165,2019-12-27,2020-01-17,,139780,12937,2
1392166,2019-12-27,2020-01-17,,140186,261472,2
1392167,2019-12-27,2020-01-17,,140293,322049,2
1392168,2019-12-27,2020-01-17,,140293,379455,2
1392169,2019-12-27,2020-01-17,,140353,605494,2
1392170,2019-12-27,2020-01-17,,140433,167298,2
1392171,2019-12-27,2020-01-17,,140707,729902,2
1392172,2019-12-27,2020-01-17,,140731,87905,2
1392173,2019-12-27,2020-01-17,,141065,243617,2
1392174,2019-12-27,2020-01-17,,141109,564910,2
1392175,2019-12-27,2020-01-17,,141308,68445,2
1392176,2019-12-27,2020-01-17,,141420,784421,2
1392177,2019-12-27,2020-01-17,,141431,315854,2
1392178,2019-12-27,2020-01-17,,141448,311445,2
1392179,2019-12-27,2020-01-17,,141750,26324,2
1392180,2019-12-27,2020-01-17,,141901,771292,2
1392181,2019-12-27,2020-01-17,,141985,158027,2
1392182,2019-12-27,2020-01-17,,142028,417286,2
1392183,2019-12-27,2020-01-17,,142116,538,2
1392184,2019-12-27,2020-01-17,,142486,435322,2
1392185,2019-12-27,2020-01-17,,142589,641488,2
1392186,2019-12-27,2020-01-17,,142648,23166,2
1392187,2019-12-27,2020-01-17,,142789,620262,2
1392188,2019-12-27,2020-01-17,,142847,49667,2
1392189,2019-12-27,2020-01-17,,142921,616568,2
1392190,2019-12-27,2020-01-17,,142922,877090,2
1392191,2019-12-27,2020-01-17,,142927,647444,2
1392192,2019-12-27,2020-01-17,,143021,606327,2
1392193,2019-12-27,2020-01-17,,143033,488492,2
1392194,2019-12-27,2020-01-17,,143033,603970,2
1392195,2019-12-27,2020-01-17,,143147,857090,2
1392196,2019-12-27,2020-01-17,,143308,768427,2
1392197,2019-12-27,2020-01-17,,143368,869297,2
1392198,2019-12-27,2020-01-17,,143490,619879,2
1392199,2019-12-27,2020-01-17,,143496,702089,2
1392200,2019-12-27,2020-01-17,,143715,250311,2
1392201,2019-12-27,2020-01-17,,143715,823782,2
1392202,2019-12-27,2020-01-17,,143780,369281,2
1392203,2019-12-27,2020-01-17,,143818,915164,2
1392204,2019-12-27,2020-01-17,,143840,48753,2
1392205,2019-12-27,2020-01-17,,143852,158555,2
1392206,2019-12-27,2020-01-17,,143959,460916,2
1392207,2019-12-27,2020-01-17,,143988,358754,2
1392208,2019-12-27,2020-01-17,,144111,342120,2
1392209,2019-12-27,2020-01-17,,144169,790628,2
1392210,2019-12-27,2020-01-17,,144174,142442,2
1392211,2019-12-27,2020-01-17,,144216,742784,2
1392212,2019-12-27,2020-01-17,,144228,764490,2
1392213,2019-12-27,2020-01-17,,144336,71953,2
1392214,2019-12-27,2020-01-17,,144336,605826,2
1392215,2019-12-27,2020-01-17,,144336,852863,2
1392216,2019-12-27,2020-01-17,,144372,509466,2
1392217,2019-12-27,2020-01-17,,144441,831798,2
1392218,2019-12-27,2020-01-17,,144505,646334,2
1392219,2019-12-27,2020-01-17,,144756,937125,2
1392220,2019-12-27,2020-01-17,,144785,117604,2
1392221,2019-12-27,2020-01-17,,144822,507566,2
1392222,2019-12-27,2020-01-17,,144928,222966,2
1392223,2019-12-27,2020-01-17,,144928,405379,2
1392224,2019-12-27,2020-01-17,,144973,146927,2
1392225,2019-12-27,2020-01-17,,145075,418745,2
1392226,2019-12-27,2020-01-17,,145087,828908,2
1392227,2019-12-27,2020-01-17,,145231,3913,2
1392228,2019-12-27,2020-01-17,,145580,846735,2
1392229,2019-12-27,2020-01-17,,145715,126502,2
1392230,2019-12-27,2020-01-17,,145887,864802,2
1392231,2019-12-27,2020-01-17,,145926,62366,2
1392232,2019-12-27,2020-01-17,,145926,95893,2
1392233,2019-12-27,2020-01-17,,145926,179381,2
1392234,2019-12-27,2020-01-17,,146023,903046,2
1392235,2019-12-27,2020-01-17,,146106,685763,2
1392236,2019-12-27,2020-01-17,,146192,845038,2
1392237,2019-12-27,2020-01-17,,146202,489540,2
1392238,2019-12-27,2020-01-17,,146448,794706,2
1392239,2019-12-27,2020-01-17,,146610,449015,2
1392240,2019-12-27,2020-01-17,,146616,440171,2
1392241,2019-12-27,2020-01-17,,146621,782797,2
1392242,2019-12-27,2020-01-17,,146633,923160,2
1392243,2019-12-27,2020-01-17,,146730,759750,2
1392244,2019-12-27,2020-01-17,,146799,534704,2
1392245,2019-12-27,2020-01-17,,146807,891139,2
1392246,2019-12-27,2020-01-17,,146890,554012,2
1392247,2019-12-27,2020-01-17,,146909,405133,2
1392248,2019-12-27,2020-01-17,,146941,760220,2
1392249,2019-12-27,2020-01-17,,146966,763917,2
1392250,2019-12-27,2020-01-17,,146999,619791,2
1392251,2019-12-27,2020-01-17,,147106,804389,2
1392252,2019-12-27,2020-01-17,,147129,119960,2
1392253,2019-12-27,2020-01-17,,147129,243132,2
1392254,2019-12-27,2020-01-17,,147188,40376,2
1392255,2019-12-27,2020-01-17,,147229,235070,2
1392256,2019-12-27,2020-01-17,,147446,117419,2
1392257,2019-12-27,2020-01-17,,147446,722165,2
1392258,2019-12-27,2020-01-17,,147489,495078,2
1392259,2019-12-27,2020-01-17,,147543,502920,2
1392260,2019-12-27,2020-01-17,,147686,195973,2
1392261,2019-12-27,2020-01-17,,147702,206480,2
1392262,2019-12-27,2020-01-17,,147786,412252,2
1392263,2019-12-27,2020-01-17,,147849,287909,2
1392264,2019-12-27,2020-01-17,,147855,91530,2
1392265,2019-12-27,2020-01-17,,147913,484315,2
1392266,2019-12-27,2020-01-17,,147953,699927,2
1392267,2019-12-27,2020-01-17,,148362,399445,2
1392268,2019-12-27,2020-01-17,,148395,547599,2
1392269,2019-12-27,2020-01-17,,148553,344817,2
1392270,2019-12-27,2020-01-17,,148660,438672,2
1392271,2019-12-27,2020-01-17,,148709,839475,2
1392272,2019-12-27,2020-01-17,,148786,856780,2
1392273,2019-12-27,2020-01-17,,148824,402305,2
1392274,2019-12-27,2020-01-17,,148832,910788,2
1392275,2019-12-27,2020-01-17,,148960,453855,2
1392276,2019-12-27,2020-01-17,,149301,862175,2
1392277,2019-12-27,2020-01-17,,149385,163642,2
1392278,2019-12-27,2020-01-17,,149447,501669,2
1392279,2019-12-27,2020-01-17,,149535,544479,2
1392280,2019-12-27,2020-01-17,,149535,546940,2
1392281,2019-12-27,2020-01-17,,149535,601339,2
1392282,2019-12-27,2020-01-17,,149535,812397,2
1392283,2019-12-27,2020-01-17,,149602,472203,2
1392284,2019-12-27,2020-01-17,,149602,601309,2
1392285,2019-12-27,2020-01-17,,149602,807547,2
1392286,2019-12-27,2020-01-17,,149787,683187,2
1392287,2019-12-27,2020-01-17,,149791,744166,2
1392288,2019-12-27,2020-01-17,,150248,207829,2
1392289,2019-12-27,2020-01-17,,150683,845620,2
1392290,2019-12-27,2020-01-17,,150779,63862,2
1392291,2019-12-27,2020-01-17,,150822,930727,2
1392292,2019-12-27,2020-01-17,,151209,34366,2
1392293,2019-12-27,2020-01-17,,151252,309278,2
1392294,2019-12-27,2020-01-17,,151324,161790,2
1392295,2019-12-27,2020-01-17,,151324,202805,2
1392296,2019-12-27,2020-01-17,,151403,663485,2
1392297,2019-12-27,2020-01-17,,151421,110840,2
1392298,2019-12-27,2020-01-17,,151539,864818,2
1392299,2019-12-27,2020-01-17,,151675,883749,2
1392300,2019-12-27,2020-01-17,,151948,74854,2
1392301,2019-12-27,2020-01-17,,151949,444460,2
1392302,2019-12-27,2020-01-17,,151967,806597,2
1392303,2019-12-27,2020-01-17,,152024,610264,2
1392304,2019-12-27,2020-01-17,,152074,37953,2
1392305,2019-12-27,2020-01-17,,152129,763392,2
1392306,2019-12-27,2020-01-17,,152158,239753,2
1392307,2019-12-27,2020-01-17,,152510,146362,2
1392308,2019-12-27,2020-01-17,,152733,91899,2
1392309,2019-12-27,2020-01-17,,152733,689342,2
1392310,2019-12-27,2020-01-17,,152846,868516,2
1392311,2019-12-27,2020-01-17,,153033,161443,2
1392312,2019-12-27,2020-01-17,,153038,323912,2
1392313,2019-12-27,2020-01-17,,153162,267637,2
1392314,2019-12-27,2020-01-17,,153162,802803,2
1392315,2019-12-27,2020-01-17,,153194,367895,2
1392316,2019-12-27,2020-01-17,,153224,343939,2
1392317,2019-12-27,2020-01-17,,153279,727083,2
1392318,2019-12-27,2020-01-17,,153306,847076,2
1392319,2019-12-27,2020-01-17,,153392,334965,2
1392320,2019-12-27,2020-01-17,,153392,683003,2
1392321,2019-12-27,2020-01-17,,153394,336114,2
1392322,2019-12-27,2020-01-17,,153532,443685,2
1392323,2019-12-27,2020-01-17,,153587,607469,2
1392324,2019-12-27,2020-01-17,,153617,38954,2
1392325,2019-12-27,2020-01-17,,153819,803542,2
1392326,2019-12-27,2020-01-17,,153887,862164,2
1392327,2019-12-27,2020-01-17,,154066,772496,2
1392328,2019-12-27,2020-01-17,,154111,139958,2
1392329,2019-12-27,2020-01-17,,154389,288940,2
1392330,2019-12-27,2020-01-17,,154537,240405,2
1392331,2019-12-27,2020-01-17,,154648,905623,2
1392332,2019-12-27,2020-01-17,,154736,789923,2
1392333,2019-12-27,2020-01-17,,154831,282109,2
1392334,2019-12-27,2020-01-17,,154903,782772,2
1392335,2019-12-27,2020-01-17,,155027,41894,2
1392336,2019-12-27,2020-01-17,,155046,481796,2
1392337,2019-12-27,2020-01-17,,155317,63850,2
1392338,2019-12-27,2020-01-17,,155666,532205,2
1392339,2019-12-27,2020-01-17,,155685,830967,2
1392340,2019-12-27,2020-01-17,,156115,935637,2
1392341,2019-12-27,2020-01-17,,156309,490330,2
1392342,2019-12-27,2020-01-17,,156413,49507,2
1392343,2019-12-27,2020-01-17,,156422,49476,2
1392344,2019-12-27,2020-01-17,,156442,719537,2
1392345,2019-12-27,2020-01-17,,156663,916265,2
1392346,2019-12-27,2020-01-17,,156745,324764,2
1392347,2019-12-27,2020-01-17,,156912,140435,2
1392348,2019-12-27,2020-01-17,,156956,708780,2
1392349,2019-12-27,2020-01-17,,157045,826481,2
1392350,2019-12-27,2020-01-17,,157057,110738,2
1392351,2019-12-27,2020-01-17,,157140,50006,2
1392352,2019-12-27,2020-01-17,,157351,743040,2
1392353,2019-12-27,2020-01-17,,157353,949739,2
1392354,2019-12-27,2020-01-17,,157452,861259,2
1392355,2019-12-27,2020-01-17,,157636,516167,2
1392356,2019-12-27,2020-01-17,,157727,141350,2
1392357,2019-12-27,2020-01-17,,157732,198641,2
1392358,2019-12-27,2020-01-17,,157799,157652,2
1392359,2019-12-27,2020-01-17,,157864,417793,2
1392360,2019-12-27,2020-01-17,,158120,414122,2
1392361,2019-12-27,2020-01-17,,158451,520016,2
1392362,2019-12-27,2020-01-17,,158611,687467,2
1392363,2019-12-27,2020-01-17,,158684,804519,2
1392364,2019-12-27,2020-01-17,,158824,687073,2
1392365,2019-12-27,2020-01-17,,158994,875612,2
1392366,2019-12-27,2020-01-17,,159046,817432,2
1392367,2019-12-27,2020-01-17,,159067,5017,2
1392368,2019-12-27,2020-01-17,,159067,397948,2
1392369,2019-12-27,2020-01-17,,159067,900304,2
1392370,2019-12-27,2020-01-17,,159173,192687,2
1392371,2019-12-27,2020-01-17,,159189,634807,2
1392372,2019-12-27,2020-01-17,,159296,857701,2
1392373,2019-12-28,2020-01-18,,20,459471,2
1392374,2019-12-28,2020-01-18,,118,173954,2
1392375,2019-12-28,2020-01-18,,139,737566,2
1392376,2019-12-28,2020-01-18,,176,547992,2
1392377,2019-12-28,2020-01-18,,221,112567,2
1392378,2019-12-28,2020-01-18,,313,395703,2
1392379,2019-12-28,2020-01-18,,494,669620,2
1392380,2019-12-28,2020-01-18,,555,530229,2
1392381,2019-12-28,2020-01-18,,555,685645,2
1392382,2019-12-28,2020-01-18,,623,370235,2
1392383,2019-12-28,2020-01-18,,733,469366,2
1392384,2019-12-28,2020-01-18,,788,383004,2
1392385,2019-12-28,2020-01-18,,801,835125,2
1392386,2019-12-28,2020-01-18,,825,663120,2
1392387,2019-12-28,2020-01-18,,846,548987,2
1392388,2019-12-28,2020-01-18,,951,25131,2
1392389,2019-12-28,2020-01-18,,951,664821,2
1392390,2019-12-28,2020-01-18,,987,305592,2
1392391,2019-12-28,2020-01-18,,1081,452360,2
1392392,2019-12-28,2020-01-18,,1220,7643,2
1392393,2019-12-28,2020-01-18,,1405,879201,2
1392394,2019-12-28,2020-01-18,,1447,476361,2
1392395,2019-12-28,2020-01-18,,1447,689746,2
1392396,2019-12-28,2020-01-18,,1507,619729,2
1392397,2019-12-28,2020-01-18,,1540,440231,2
1392398,2019-12-28,2020-01-18,,1571,104347,2
1392399,2019-12-28,2020-01-18,,1642,919225,2
1392400,2019-12-28,2020-01-18,,1731,917020,2
1392401,2019-12-28,2020-01-18,,1854,151251,2
1392402,2019-12-28,2020-01-18,,1919,147854,2
1392403,2019-12-28,2020-01-18,,1971,637416,2
1392404,2019-12-28,2020-01-18,,2022,506836,2
1392405,2019-12-28,2020-01-18,,2058,158973,2
1392406,2019-12-28,2020-01-18,,2213,381525,2
1392407,2019-12-28,2020-01-18,,2407,851427,2
1392408,2019-12-28,2020-01-18,,2424,200374,2
1392409,2019-12-28,2020-01-18,,2472,442015,2
1392410,2019-12-28,2020-01-18,,2494,251815,2
1392411,2019-12-28,2020-01-18,,2601,955427,2
1392412,2019-12-28,2020-01-18,,2611,134695,2
1392413,2019-12-28,2020-01-18,,2676,104454,2
1392414,2019-12-28,2020-01-18,,2890,586517,2
1392415,2019-12-28,2020-01-18,,2912,26282,2
1392416,2019-12-28,2020-01-18,,3022,841413,2
1392417,2019-12-28,2020-01-18,,3067,111079,2
1392418,2019-12-28,2020-01-18,,3071,574814,2
1392419,2019-12-28,2020-01-18,,3071,689737,2
1392420,2019-12-28,2020-01-18,,3171,89554,2
1392421,2019-12-28,2020-01-18,,3181,492870,2
1392422,2019-12-28,2020-01-18,,3181,948552,2
1392423,2019-12-28,2020-01-18,,3194,256602,2
1392424,2019-12-28,2020-01-18,,3358,561538,2
1392425,2019-12-28,2020-01-18,,3378,489735,2
1392426,2019-12-28,2020-01-18,,3584,14479,2
1392427,2019-12-28,2020-01-18,,3763,632202,2
1392428,2019-12-28,2020-01-18,,3911,692698,2
1392429,2019-12-28,2020-01-18,,3942,672100,2
1392430,2019-12-28,2020-01-18,,4121,559553,2
1392431,2019-12-28,2020-01-18,,4121,736744,2
1392432,2019-12-28,2020-01-18,,4223,844982,2
1392433,2019-12-28,2020-01-18,,4467,228242,2
1392434,2019-12-28,2020-01-18,,4467,247909,2
1392435,2019-12-28,2020-01-18,,4467,554053,2
1392436,2019-12-28,2020-01-18,,4683,826665,2
1392437,2019-12-28,2020-01-18,,4688,345367,2
1392438,2019-12-28,2020-01-18,,4710,815318,2
1392439,2019-12-28,2020-01-18,,4786,830719,2
1392440,2019-12-28,2020-01-18,,4809,752928,2
1392441,2019-12-28,2020-01-18,,4918,37975,2
1392442,2019-12-28,2020-01-18,,4918,111119,2
1392443,2019-12-28,2020-01-18,,5151,541748,2
1392444,2019-12-28,2020-01-18,,5151,762446,2
1392445,2019-12-28,2020-01-18,,5285,698847,2
1392446,2019-12-28,2020-01-18,,5351,245069,2
1392447,2019-12-28,2020-01-18,,5530,334913,2
1392448,2019-12-28,2020-01-18,,5616,553650,2
1392449,2019-12-28,2020-01-18,,5616,710358,2
1392450,2019-12-28,2020-01-18,,5638,608704,2
1392451,2019-12-28,2020-01-18,,5707,762202,2
1392452,2019-12-28,2020-01-18,,5729,944894,2
1392453,2019-12-28,2020-01-18,,5760,778346,2
1392454,2019-12-28,2020-01-18,,5769,345060,2
1392455,2019-12-28,2020-01-18,,5924,719238,2
1392456,2019-12-28,2020-01-18,,5941,226276,2
1392457,2019-12-28,2020-01-18,,6006,187525,2
1392458,2019-12-28,2020-01-18,,6038,779125,2
1392459,2019-12-28,2020-01-18,,6040,355974,2
1392460,2019-12-28,2020-01-18,,6340,866507,2
1392461,2019-12-28,2020-01-18,,6405,882517,2
1392462,2019-12-28,2020-01-18,,6442,143919,2
1392463,2019-12-28,2020-01-18,,6451,644648,2
1392464,2019-12-28,2020-01-18,,6517,183121,2
1392465,2019-12-28,2020-01-18,,6554,576183,2
1392466,2019-12-28,2020-01-18,,6619,35403,2
1392467,2019-12-28,2020-01-18,,6619,109621,2
1392468,2019-12-28,2020-01-18,,6619,121387,2
1392469,2019-12-28,2020-01-18,,6619,229091,2
1392470,2019-12-28,2020-01-18,,6619,420270,2
1392471,2019-12-28,2020-01-18,,6619,493145,2
1392472,2019-12-28,2020-01-18,,6619,952306,2
1392473,2019-12-28,2020-01-18,,6757,107027,2
1392474,2019-12-28,2020-01-18,,6882,572196,2
1392475,2019-12-28,2020-01-18,,6887,584827,2
1392476,2019-12-28,2020-01-18,,7189,258163,2
1392477,2019-12-28,2020-01-18,,7366,133691,2
1392478,2019-12-28,2020-01-18,,7417,801700,2
1392479,2019-12-28,2020-01-18,,7429,4323,2
1392480,2019-12-28,2020-01-18,,7512,104176,2
1392481,2019-12-28,2020-01-18,,7580,687189,2
1392482,2019-12-28,2020-01-18,,7659,755147,2
1392483,2019-12-28,2020-01-18,,8088,489709,2
1392484,2019-12-28,2020-01-18,,8206,82099,2
1392485,2019-12-28,2020-01-18,,8206,533430,2
1392486,2019-12-28,2020-01-18,,8308,592400,2
1392487,2019-12-28,2020-01-18,,8321,424540,2
1392488,2019-12-28,2020-01-18,,8513,215892,2
1392489,2019-12-28,2020-01-18,,8516,499787,2
1392490,2019-12-28,2020-01-18,,8573,527056,2
1392491,2019-12-28,2020-01-18,,8636,199412,2
1392492,2019-12-28,2020-01-18,,8645,357195,2
1392493,2019-12-28,2020-01-18,,9048,297609,2
1392494,2019-12-28,2020-01-18,,9175,398051,2
1392495,2019-12-28,2020-01-18,,9178,860463,2
1392496,2019-12-28,2020-01-18,,9291,337371,2
1392497,2019-12-28,2020-01-18,,9429,819370,2
1392498,2019-12-28,2020-01-18,,9616,467776,2
1392499,2019-12-28,2020-01-18,,9885,136201,2
1392500,2019-12-28,2020-01-18,,10183,298554,2
1392501,2019-12-28,2020-01-18,,10271,361215,2
1392502,2019-12-28,2020-01-18,,10330,542253,2
1392503,2019-12-28,2020-01-18,,10410,192565,2
1392504,2019-12-28,2020-01-18,,10661,928418,2
1392505,2019-12-28,2020-01-18,,10718,475831,2
1392506,2019-12-28,2020-01-18,,10909,15030,2
1392507,2019-12-28,2020-01-18,,10978,443836,2
1392508,2019-12-28,2020-01-18,,11030,739136,2
1392509,2019-12-28,2020-01-18,,11138,201353,2
1392510,2019-12-28,2020-01-18,,11138,861768,2
1392511,2019-12-28,2020-01-18,,11138,894100,2
1392512,2019-12-28,2020-01-18,,11138,900298,2
1392513,2019-12-28,2020-01-18,,11203,755647,2
1392514,2019-12-28,2020-01-18,,11275,607122,2
1392515,2019-12-28,2020-01-18,,11388,454486,2
1392516,2019-12-28,2020-01-18,,11685,474626,2
1392517,2019-12-28,2020-01-18,,11854,400465,2
1392518,2019-12-28,2020-01-18,,11854,857391,2
1392519,2019-12-28,2020-01-18,,11879,495336,2
1392520,2019-12-28,2020-01-18,,11905,447327,2
1392521,2019-12-28,2020-01-18,,12012,521501,2
1392522,2019-12-28,2020-01-18,,12015,6187,2
1392523,2019-12-28,2020-01-18,,12378,863873,2
1392524,2019-12-28,2020-01-18,,12519,742661,2
1392525,2019-12-28,2020-01-18,,12743,92330,2
1392526,2019-12-28,2020-01-18,,13079,625051,2
1392527,2019-12-28,2020-01-18,,13087,460115,2
1392528,2019-12-28,2020-01-18,,13244,103959,2
1392529,2019-12-28,2020-01-18,,13346,730458,2
1392530,2019-12-28,2020-01-18,,13355,54556,2
1392531,2019-12-28,2020-01-18,,13436,692332,2
1392532,2019-12-28,2020-01-18,,13439,929687,2
1392533,2019-12-28,2020-01-18,,13476,901353,2
1392534,2019-12-28,2020-01-18,,13530,480126,2
1392535,2019-12-28,2020-01-18,,13622,147268,2
1392536,2019-12-28,2020-01-18,,13631,283950,2
1392537,2019-12-28,2020-01-18,,13795,698964,2
1392538,2019-12-28,2020-01-18,,13839,89353,2
1392539,2019-12-28,2020-01-18,,13839,217650,2
1392540,2019-12-28,2020-01-18,,13839,238948,2
1392541,2019-12-28,2020-01-18,,13839,515584,2
1392542,2019-12-28,2020-01-18,,13839,679294,2
1392543,2019-12-28,2020-01-18,,13840,212417,2
1392544,2019-12-28,2020-01-18,,13981,4625,2
1392545,2019-12-28,2020-01-18,,14153,240068,2
1392546,2019-12-28,2020-01-18,,14273,646011,2
1392547,2019-12-28,2020-01-18,,14369,432868,2
1392548,2019-12-28,2020-01-18,,14392,86909,2
1392549,2019-12-28,2020-01-18,,14400,564441,2
1392550,2019-12-28,2020-01-18,,14414,263484,2
1392551,2019-12-28,2020-01-18,,14725,840156,2
1392552,2019-12-28,2020-01-18,,15095,897602,2
1392553,2019-12-28,2020-01-18,,15096,80024,2
1392554,2019-12-28,2020-01-18,,15171,896751,2
1392555,2019-12-28,2020-01-18,,15228,462619,2
1392556,2019-12-28,2020-01-18,,15408,525066,2
1392557,2019-12-28,2020-01-18,,15416,918333,2
1392558,2019-12-28,2020-01-18,,15435,499085,2
1392559,2019-12-28,2020-01-18,,15456,186234,2
1392560,2019-12-28,2020-01-18,,15503,586351,2
1392561,2019-12-28,2020-01-18,,15514,491497,2
1392562,2019-12-28,2020-01-18,,15554,812439,2
1392563,2019-12-28,2020-01-18,,15590,317646,2
1392564,2019-12-28,2020-01-18,,15639,153126,2
1392565,2019-12-28,2020-01-18,,15650,885188,2
1392566,2019-12-28,2020-01-18,,15670,403084,2
1392567,2019-12-28,2020-01-18,,15685,474978,2
1392568,2019-12-28,2020-01-18,,15721,323910,2
1392569,2019-12-28,2020-01-18,,15819,449883,2
1392570,2019-12-28,2020-01-18,,16008,131049,2
1392571,2019-12-28,2020-01-18,,16147,698881,2
1392572,2019-12-28,2020-01-18,,16160,285852,2
1392573,2019-12-28,2020-01-18,,16242,738605,2
1392574,2019-12-28,2020-01-18,,16437,650058,2
1392575,2019-12-28,2020-01-18,,16468,673128,2
1392576,2019-12-28,2020-01-18,,16596,427787,2
1392577,2019-12-28,2020-01-18,,16725,573561,2
1392578,2019-12-28,2020-01-18,,16753,452123,2
1392579,2019-12-28,2020-01-18,,17054,523437,2
1392580,2019-12-28,2020-01-18,,17221,299743,2
1392581,2019-12-28,2020-01-18,,17277,461270,2
1392582,2019-12-28,2020-01-18,,17277,916558,2
1392583,2019-12-28,2020-01-18,,17402,379188,2
1392584,2019-12-28,2020-01-18,,17619,141660,2
1392585,2019-12-28,2020-01-18,,17619,188235,2
1392586,2019-12-28,2020-01-18,,17619,880891,2
1392587,2019-12-28,2020-01-18,,17619,898051,2
1392588,2019-12-28,2020-01-18,,17626,138538,2
1392589,2019-12-28,2020-01-18,,17654,512538,2
1392590,2019-12-28,2020-01-18,,17742,698984,2
1392591,2019-12-28,2020-01-18,,17840,497634,2
1392592,2019-12-28,2020-01-18,,17883,430049,2
1392593,2019-12-28,2020-01-18,,17934,927080,2
1392594,2019-12-28,2020-01-18,,17993,500649,2
1392595,2019-12-28,2020-01-18,,18085,328809,2
1392596,2019-12-28,2020-01-18,,18227,679946,2
1392597,2019-12-28,2020-01-18,,18456,405353,2
1392598,2019-12-28,2020-01-18,,18500,318216,2
1392599,2019-12-28,2020-01-18,,18803,682972,2
1392600,2019-12-28,2020-01-18,,18868,729792,2
1392601,2019-12-28,2020-01-18,,18975,48061,2
1392602,2019-12-28,2020-01-18,,18983,197881,2
1392603,2019-12-28,2020-01-18,,18983,403145,2
1392604,2019-12-28,2020-01-18,,18988,575617,2
1392605,2019-12-28,2020-01-18,,19073,699229,2
1392606,2019-12-28,2020-01-18,,19138,348666,2
1392607,2019-12-28,2020-01-18,,19183,555042,2
1392608,2019-12-28,2020-01-18,,19299,336103,2
1392609,2019-12-28,2020-01-18,,19411,145025,2
1392610,2019-12-28,2020-01-18,,19455,812872,2
1392611,2019-12-28,2020-01-18,,19461,115505,2
1392612,2019-12-28,2020-01-18,,19541,489776,2
1392613,2019-12-28,2020-01-18,,19668,394440,2
1392614,2019-12-28,2020-01-18,,19743,51015,2
1392615,2019-12-28,2020-01-18,,19767,646399,2
1392616,2019-12-28,2020-01-18,,19768,378216,2
1392617,2019-12-28,2020-01-18,,19875,461336,2
1392618,2019-12-28,2020-01-18,,19923,514097,2
1392619,2019-12-28,2020-01-18,,20237,697098,2
1392620,2019-12-28,2020-01-18,,20386,927734,2
1392621,2019-12-28,2020-01-18,,20551,124270,2
1392622,2019-12-28,2020-01-18,,20595,123584,2
1392623,2019-12-28,2020-01-18,,20866,867906,2
1392624,2019-12-28,2020-01-18,,20940,828767,2
1392625,2019-12-28,2020-01-18,,20940,909225,2
1392626,2019-12-28,2020-01-18,,21149,938773,2
1392627,2019-12-28,2020-01-18,,21171,287354,2
1392628,2019-12-28,2020-01-18,,21325,194893,2
1392629,2019-12-28,2020-01-18,,21364,678081,2
1392630,2019-12-28,2020-01-18,,21364,803822,2
1392631,2019-12-28,2020-01-18,,21503,50386,2
1392632,2019-12-28,2020-01-18,,21746,201158,2
1392633,2019-12-28,2020-01-18,,21888,496687,2
1392634,2019-12-28,2020-01-18,,21890,167429,2
1392635,2019-12-28,2020-01-18,,21890,665288,2
1392636,2019-12-28,2020-01-18,,21905,609280,2
1392637,2019-12-28,2020-01-18,,22118,801764,2
1392638,2019-12-28,2020-01-18,,22404,671105,2
1392639,2019-12-28,2020-01-18,,22431,70774,2
1392640,2019-12-28,2020-01-18,,22631,543930,2
1392641,2019-12-28,2020-01-18,,22642,226856,2
1392642,2019-12-28,2020-01-18,,22691,282182,2
1392643,2019-12-28,2020-01-18,,22691,866399,2
1392644,2019-12-28,2020-01-18,,22901,411874,2
1392645,2019-12-28,2020-01-18,,22928,726124,2
1392646,2019-12-28,2020-01-18,,23114,493761,2
1392647,2019-12-28,2020-01-18,,23152,619561,2
1392648,2019-12-28,2020-01-18,,23243,261191,2
1392649,2019-12-28,2020-01-18,,23357,801143,2
1392650,2019-12-28,2020-01-18,,23369,62007,2
1392651,2019-12-28,2020-01-18,,23481,489749,2
1392652,2019-12-28,2020-01-18,,23542,592148,2
1392653,2019-12-28,2020-01-18,,23714,82286,2
1392654,2019-12-28,2020-01-18,,23717,287103,2
1392655,2019-12-28,2020-01-18,,23905,474699,2
1392656,2019-12-28,2020-01-18,,23977,508551,2
1392657,2019-12-28,2020-01-18,,24036,780756,2
1392658,2019-12-28,2020-01-18,,24044,646799,2
1392659,2019-12-28,2020-01-18,,24103,21377,2
1392660,2019-12-28,2020-01-18,,24141,469229,2
1392661,2019-12-28,2020-01-18,,24202,298834,2
1392662,2019-12-28,2020-01-18,,24452,194020,2
1392663,2019-12-28,2020-01-18,,24512,946312,2
1392664,2019-12-28,2020-01-18,,24753,59252,2
1392665,2019-12-28,2020-01-18,,24821,699928,2
1392666,2019-12-28,2020-01-18,,24924,627201,2
1392667,2019-12-28,2020-01-18,,25021,643932,2
1392668,2019-12-28,2020-01-18,,25046,650147,2
1392669,2019-12-28,2020-01-18,,25048,920700,2
1392670,2019-12-28,2020-01-18,,25119,947838,2
1392671,2019-12-28,2020-01-18,,25222,178378,2
1392672,2019-12-28,2020-01-18,,25257,444671,2
1392673,2019-12-28,2020-01-18,,25380,253517,2
1392674,2019-12-28,2020-01-18,,25491,726858,2
1392675,2019-12-28,2020-01-18,,25545,508880,2
1392676,2019-12-28,2020-01-18,,25604,888572,2
1392677,2019-12-28,2020-01-18,,25610,563060,2
1392678,2019-12-28,2020-01-18,,25821,203455,2
1392679,2019-12-28,2020-01-18,,25867,734323,2
1392680,2019-12-28,2020-01-18,,25977,375497,2
1392681,2019-12-28,2020-01-18,,26058,728843,2
1392682,2019-12-28,2020-01-18,,26097,154983,2
1392683,2019-12-28,2020-01-18,,26210,49512,2
1392684,2019-12-28,2020-01-18,,26243,336347,2
1392685,2019-12-28,2020-01-18,,26291,206256,2
1392686,2019-12-28,2020-01-18,,26439,945519,2
1392687,2019-12-28,2020-01-18,,26515,560184,2
1392688,2019-12-28,2020-01-18,,26522,169235,2
1392689,2019-12-28,2020-01-18,,26522,235307,2
1392690,2019-12-28,2020-01-18,,26522,349268,2
1392691,2019-12-28,2020-01-18,,26522,503594,2
1392692,2019-12-28,2020-01-18,,26522,506930,2
1392693,2019-12-28,2020-01-18,,26522,616360,2
1392694,2019-12-28,2020-01-18,,26522,767441,2
1392695,2019-12-28,2020-01-18,,26563,25031,2
1392696,2019-12-28,2020-01-18,,26621,702065,2
1392697,2019-12-28,2020-01-18,,27031,788522,2
1392698,2019-12-28,2020-01-18,,27141,105618,2
1392699,2019-12-28,2020-01-18,,27471,530377,2
1392700,2019-12-28,2020-01-18,,27501,426632,2
1392701,2019-12-28,2020-01-18,,27742,199696,2
1392702,2019-12-28,2020-01-18,,27909,773557,2
1392703,2019-12-28,2020-01-18,,27932,176141,2
1392704,2019-12-28,2020-01-18,,27932,598696,2
1392705,2019-12-28,2020-01-18,,27972,238125,2
1392706,2019-12-28,2020-01-18,,28118,210927,2
1392707,2019-12-28,2020-01-18,,28144,319536,2
1392708,2019-12-28,2020-01-18,,28184,25890,2
1392709,2019-12-28,2020-01-18,,28212,343699,2
1392710,2019-12-28,2020-01-18,,28268,245802,2
1392711,2019-12-28,2020-01-18,,28268,824020,2
1392712,2019-12-28,2020-01-18,,28268,849640,2
1392713,2019-12-28,2020-01-18,,28325,607762,2
1392714,2019-12-28,2020-01-18,,28331,190336,2
1392715,2019-12-28,2020-01-18,,28351,225898,2
1392716,2019-12-28,2020-01-18,,28419,283949,2
1392717,2019-12-28,2020-01-18,,28422,175371,2
1392718,2019-12-28,2020-01-18,,28490,453317,2
1392719,2019-12-28,2020-01-18,,28559,504578,2
1392720,2019-12-28,2020-01-18,,28570,895496,2
1392721,2019-12-28,2020-01-18,,28747,180032,2
1392722,2019-12-28,2020-01-18,,28931,763597,2
1392723,2019-12-28,2020-01-18,,28971,554577,2
1392724,2019-12-28,2020-01-18,,28971,668550,2
1392725,2019-12-28,2020-01-18,,29094,591158,2
1392726,2019-12-28,2020-01-18,,29348,149883,2
1392727,2019-12-28,2020-01-18,,29450,534149,2
1392728,2019-12-28,2020-01-18,,29590,281284,2
1392729,2019-12-28,2020-01-18,,29593,683241,2
1392730,2019-12-28,2020-01-18,,30136,477757,2
1392731,2019-12-28,2020-01-18,,30136,861788,2
1392732,2019-12-28,2020-01-18,,30192,823397,2
1392733,2019-12-28,2020-01-18,,30502,584026,2
1392734,2019-12-28,2020-01-18,,30548,404371,2
1392735,2019-12-28,2020-01-18,,30619,683469,2
1392736,2019-12-28,2020-01-18,,30720,641719,2
1392737,2019-12-28,2020-01-18,,30895,281148,2
1392738,2019-12-28,2020-01-18,,31020,288953,2
1392739,2019-12-28,2020-01-18,,31074,326703,2
1392740,2019-12-28,2020-01-18,,31076,829692,2
1392741,2019-12-28,2020-01-18,,31458,698965,2
1392742,2019-12-28,2020-01-18,,31474,321688,2
1392743,2019-12-28,2020-01-18,,31626,206390,2
1392744,2019-12-28,2020-01-18,,31882,462430,2
1392745,2019-12-28,2020-01-18,,31882,687803,2
1392746,2019-12-28,2020-01-18,,31929,760689,2
1392747,2019-12-28,2020-01-18,,32090,337047,2
1392748,2019-12-28,2020-01-18,,32257,261868,2
1392749,2019-12-28,2020-01-18,,32262,604136,2
1392750,2019-12-28,2020-01-18,,32310,681066,2
1392751,2019-12-28,2020-01-18,,32317,170904,2
1392752,2019-12-28,2020-01-18,,32672,14435,2
1392753,2019-12-28,2020-01-18,,32848,102267,2
1392754,2019-12-28,2020-01-18,,33377,450872,2
1392755,2019-12-28,2020-01-18,,33415,370593,2
1392756,2019-12-28,2020-01-18,,33415,815305,2
1392757,2019-12-28,2020-01-18,,33428,754966,2
1392758,2019-12-28,2020-01-18,,33532,872282,2
1392759,2019-12-28,2020-01-18,,33681,844146,2
1392760,2019-12-28,2020-01-18,,33691,96729,2
1392761,2019-12-28,2020-01-18,,33691,837209,2
1392762,2019-12-28,2020-01-18,,33898,870009,2
1392763,2019-12-28,2020-01-18,,34318,109517,2
1392764,2019-12-28,2020-01-18,,34325,818162,2
1392765,2019-12-28,2020-01-18,,34403,771757,2
1392766,2019-12-28,2020-01-18,,34431,210143,2
1392767,2019-12-28,2020-01-18,,34436,651198,2
1392768,2019-12-28,2020-01-18,,34502,424922,2
1392769,2019-12-28,2020-01-18,,34697,437938,2
1392770,2019-12-28,2020-01-18,,34806,658873,2
1392771,2019-12-28,2020-01-18,,34850,73649,2
1392772,2019-12-28,2020-01-18,,34850,762864,2
1392773,2019-12-28,2020-01-18,,34850,861769,2
1392774,2019-12-28,2020-01-18,,34850,911043,2
1392775,2019-12-28,2020-01-18,,35104,148411,2
1392776,2019-12-28,2020-01-18,,35113,751917,2
1392777,2019-12-28,2020-01-18,,35186,671689,2
1392778,2019-12-28,2020-01-18,,35239,230509,2
1392779,2019-12-28,2020-01-18,,35271,99957,2
1392780,2019-12-28,2020-01-18,,35671,98900,2
1392781,2019-12-28,2020-01-18,,35730,840259,2
1392782,2019-12-28,2020-01-18,,35754,954224,2
1392783,2019-12-28,2020-01-18,,35792,255590,2
1392784,2019-12-28,2020-01-18,,35950,466182,2
1392785,2019-12-28,2020-01-18,,36191,209300,2
1392786,2019-12-28,2020-01-18,,36252,640010,2
1392787,2019-12-28,2020-01-18,,36391,703662,2
1392788,2019-12-28,2020-01-18,,36406,442837,2
1392789,2019-12-28,2020-01-18,,36406,779557,2
1392790,2019-12-28,2020-01-18,,36546,931549,2
1392791,2019-12-28,2020-01-18,,36783,631358,2
1392792,2019-12-28,2020-01-18,,36828,872017,2
1392793,2019-12-28,2020-01-18,,36866,635088,2
1392794,2019-12-28,2020-01-18,,36870,543152,2
1392795,2019-12-28,2020-01-18,,36898,188400,2
1392796,2019-12-28,2020-01-18,,36898,936058,2
1392797,2019-12-28,2020-01-18,,37051,39484,2
1392798,2019-12-28,2020-01-18,,37178,362754,2
1392799,2019-12-28,2020-01-18,,37389,176008,2
1392800,2019-12-28,2020-01-18,,37506,201758,2
1392801,2019-12-28,2020-01-18,,37515,180020,2
1392802,2019-12-28,2020-01-18,,37593,846939,2
1392803,2019-12-28,2020-01-18,,37671,609153,2
1392804,2019-12-28,2020-01-18,,37678,501382,2
1392805,2019-12-28,2020-01-18,,37702,194923,2
1392806,2019-12-28,2020-01-18,,37780,661347,2
1392807,2019-12-28,2020-01-18,,37805,569834,2
1392808,2019-12-28,2020-01-18,,37824,867054,2
1392809,2019-12-28,2020-01-18,,38037,376648,2
1392810,2019-12-28,2020-01-18,,38308,557849,2
1392811,2019-12-28,2020-01-18,,38481,399285,2
1392812,2019-12-28,2020-01-18,,38652,1258,2
1392813,2019-12-28,2020-01-18,,38954,227930,2
1392814,2019-12-28,2020-01-18,,38954,841458,2
1392815,2019-12-28,2020-01-18,,38956,876744,2
1392816,2019-12-28,2020-01-18,,39248,154047,2
1392817,2019-12-28,2020-01-18,,39321,239700,2
1392818,2019-12-28,2020-01-18,,39376,486483,2
1392819,2019-12-28,2020-01-18,,39483,832174,2
1392820,2019-12-28,2020-01-18,,39487,552807,2
1392821,2019-12-28,2020-01-18,,39575,677897,2
1392822,2019-12-28,2020-01-18,,39714,369253,2
1392823,2019-12-28,2020-01-18,,39933,417524,2
1392824,2019-12-28,2020-01-18,,40002,186506,2
1392825,2019-12-28,2020-01-18,,40139,243877,2
1392826,2019-12-28,2020-01-18,,40230,228411,2
1392827,2019-12-28,2020-01-18,,40289,509227,2
1392828,2019-12-28,2020-01-18,,40295,869468,2
1392829,2019-12-28,2020-01-18,,40396,471503,2
1392830,2019-12-28,2020-01-18,,40465,357770,2
1392831,2019-12-28,2020-01-18,,40466,699858,2
1392832,2019-12-28,2020-01-18,,40564,21866,2
1392833,2019-12-28,2020-01-18,,40716,154765,2
1392834,2019-12-28,2020-01-18,,40741,698882,2
1392835,2019-12-28,2020-01-18,,40865,44585,2
1392836,2019-12-28,2020-01-18,,40948,474188,2
1392837,2019-12-28,2020-01-18,,40975,529125,2
1392838,2019-12-28,2020-01-18,,41045,729485,2
1392839,2019-12-28,2020-01-18,,41105,104355,2
1392840,2019-12-28,2020-01-18,,41122,729420,2
1392841,2019-12-28,2020-01-18,,41288,627223,2
1392842,2019-12-28,2020-01-18,,41309,228435,2
1392843,2019-12-28,2020-01-18,,41361,249267,2
1392844,2019-12-28,2020-01-18,,41458,370250,2
1392845,2019-12-28,2020-01-18,,41467,668463,2
1392846,2019-12-28,2020-01-18,,41544,196723,2
1392847,2019-12-28,2020-01-18,,41712,42183,2
1392848,2019-12-28,2020-01-18,,41744,57143,2
1392849,2019-12-28,2020-01-18,,42064,175548,2
1392850,2019-12-28,2020-01-18,,42181,450842,2
1392851,2019-12-28,2020-01-18,,42777,47209,2
1392852,2019-12-28,2020-01-18,,42814,220303,2
1392853,2019-12-28,2020-01-18,,43013,823802,2
1392854,2019-12-28,2020-01-18,,43053,404498,2
1392855,2019-12-28,2020-01-18,,43068,278156,2
1392856,2019-12-28,2020-01-18,,43139,683119,2
1392857,2019-12-28,2020-01-18,,43185,379184,2
1392858,2019-12-28,2020-01-18,,43209,43432,2
1392859,2019-12-28,2020-01-18,,43209,360681,2
1392860,2019-12-28,2020-01-18,,43209,399344,2
1392861,2019-12-28,2020-01-18,,43209,513646,2
1392862,2019-12-28,2020-01-18,,43209,571629,2
1392863,2019-12-28,2020-01-18,,43209,584053,2
1392864,2019-12-28,2020-01-18,,43209,624531,2
1392865,2019-12-28,2020-01-18,,43209,686548,2
1392866,2019-12-28,2020-01-18,,43209,774542,2
1392867,2019-12-28,2020-01-18,,43209,818166,2
1392868,2019-12-28,2020-01-18,,43209,893958,2
1392869,2019-12-28,2020-01-18,,43209,939146,2
1392870,2019-12-28,2020-01-18,,43554,711181,2
1392871,2019-12-28,2020-01-18,,43599,730435,2
1392872,2019-12-28,2020-01-18,,43602,27098,2
1392873,2019-12-28,2020-01-18,,43602,261869,2
1392874,2019-12-28,2020-01-18,,43615,291670,2
1392875,2019-12-28,2020-01-18,,43615,339883,2
1392876,2019-12-28,2020-01-18,,43615,551866,2
1392877,2019-12-28,2020-01-18,,43843,43862,2
1392878,2019-12-28,2020-01-18,,43909,671693,2
1392879,2019-12-28,2020-01-18,,44149,17544,2
1392880,2019-12-28,2020-01-18,,44207,445962,2
1392881,2019-12-28,2020-01-18,,44291,759380,2
1392882,2019-12-28,2020-01-18,,44514,876534,2
1392883,2019-12-28,2020-01-18,,44712,691835,2
1392884,2019-12-28,2020-01-18,,44954,505755,2
1392885,2019-12-28,2020-01-18,,45093,22304,2
1392886,2019-12-28,2020-01-18,,45093,217093,2
1392887,2019-12-28,2020-01-18,,45093,225683,2
1392888,2019-12-28,2020-01-18,,45093,297283,2
1392889,2019-12-28,2020-01-18,,45093,305496,2
1392890,2019-12-28,2020-01-18,,45093,406535,2
1392891,2019-12-28,2020-01-18,,45093,477451,2
1392892,2019-12-28,2020-01-18,,45093,712322,2
1392893,2019-12-28,2020-01-18,,45111,758837,2
1392894,2019-12-28,2020-01-18,,45328,633566,2
1392895,2019-12-28,2020-01-18,,45378,2943,2
1392896,2019-12-28,2020-01-18,,45378,330090,2
1392897,2019-12-28,2020-01-18,,45504,857265,2
1392898,2019-12-28,2020-01-18,,45548,734834,2
1392899,2019-12-28,2020-01-18,,45616,707883,2
1392900,2019-12-28,2020-01-18,,45720,431059,2
1392901,2019-12-28,2020-01-18,,45748,516106,2
1392902,2019-12-28,2020-01-18,,45748,588143,2
1392903,2019-12-28,2020-01-18,,45897,653492,2
1392904,2019-12-28,2020-01-18,,45996,362696,2
1392905,2019-12-28,2020-01-18,,46126,578169,2
1392906,2019-12-28,2020-01-18,,46196,215788,2
1392907,2019-12-28,2020-01-18,,46261,361733,2
1392908,2019-12-28,2020-01-18,,46748,75348,2
1392909,2019-12-28,2020-01-18,,46964,713609,2
1392910,2019-12-28,2020-01-18,,47079,523079,2
1392911,2019-12-28,2020-01-18,,47104,566243,2
1392912,2019-12-28,2020-01-18,,47340,399808,2
1392913,2019-12-28,2020-01-18,,47395,77220,2
1392914,2019-12-28,2020-01-18,,47549,232077,2
1392915,2019-12-28,2020-01-18,,47751,188198,2
1392916,2019-12-28,2020-01-18,,47758,224557,2
1392917,2019-12-28,2020-01-18,,47796,720666,2
1392918,2019-12-28,2020-01-18,,48206,548449,2
1392919,2019-12-28,2020-01-18,,48215,98232,2
1392920,2019-12-28,2020-01-18,,48412,672157,2
1392921,2019-12-28,2020-01-18,,48437,943025,2
1392922,2019-12-28,2020-01-18,,48447,300557,2
1392923,2019-12-28,2020-01-18,,48547,32250,2
1392924,2019-12-28,2020-01-18,,48569,698966,2
1392925,2019-12-28,2020-01-18,,48586,953689,2
1392926,2019-12-28,2020-01-18,,48594,817505,2
1392927,2019-12-28,2020-01-18,,48828,428841,2
1392928,2019-12-28,2020-01-18,,49193,498294,2
1392929,2019-12-28,2020-01-18,,49258,624083,2
1392930,2019-12-28,2020-01-18,,49404,336329,2
1392931,2019-12-28,2020-01-18,,49411,418840,2
1392932,2019-12-28,2020-01-18,,49420,825845,2
1392933,2019-12-28,2020-01-18,,49435,170427,2
1392934,2019-12-28,2020-01-18,,49435,609980,2
1392935,2019-12-28,2020-01-18,,49556,577267,2
1392936,2019-12-28,2020-01-18,,49586,101486,2
1392937,2019-12-28,2020-01-18,,49785,410580,2
1392938,2019-12-28,2020-01-18,,49842,757047,2
1392939,2019-12-28,2020-01-18,,49885,917786,2
1392940,2019-12-28,2020-01-18,,50115,748935,2
1392941,2019-12-28,2020-01-18,,50304,151298,2
1392942,2019-12-28,2020-01-18,,50330,602410,2
1392943,2019-12-28,2020-01-18,,50466,693100,2
1392944,2019-12-28,2020-01-18,,50605,254978,2
1392945,2019-12-28,2020-01-18,,50653,597044,2
1392946,2019-12-28,2020-01-18,,50915,679378,2
1392947,2019-12-28,2020-01-18,,50965,675927,2
1392948,2019-12-28,2020-01-18,,50967,741730,2
1392949,2019-12-28,2020-01-18,,51011,771843,2
1392950,2019-12-28,2020-01-18,,51038,821995,2
1392951,2019-12-28,2020-01-18,,51049,146635,2
1392952,2019-12-28,2020-01-18,,51121,68889,2
1392953,2019-12-28,2020-01-18,,51125,174432,2
1392954,2019-12-28,2020-01-18,,51377,490309,2
1392955,2019-12-28,2020-01-18,,51506,303636,2
1392956,2019-12-28,2020-01-18,,51542,875776,2
1392957,2019-12-28,2020-01-18,,51648,430073,2
1392958,2019-12-28,2020-01-18,,51655,760807,2
1392959,2019-12-28,2020-01-18,,51719,846470,2
1392960,2019-12-28,2020-01-18,,51848,335172,2
1392961,2019-12-28,2020-01-18,,52188,442559,2
1392962,2019-12-28,2020-01-18,,52431,188215,2
1392963,2019-12-28,2020-01-18,,52431,880882,2
1392964,2019-12-28,2020-01-18,,52442,861724,2
1392965,2019-12-28,2020-01-18,,52501,408722,2
1392966,2019-12-28,2020-01-18,,52501,709200,2
1392967,2019-12-28,2020-01-18,,52634,366487,2
1392968,2019-12-28,2020-01-18,,52663,943706,2
1392969,2019-12-28,2020-01-18,,52762,614894,2
1392970,2019-12-28,2020-01-18,,52821,188225,2
1392971,2019-12-28,2020-01-18,,52821,880890,2
1392972,2019-12-28,2020-01-18,,52826,666188,2
1392973,2019-12-28,2020-01-18,,52966,104368,2
1392974,2019-12-28,2020-01-18,,52966,751919,2
1392975,2019-12-28,2020-01-18,,53274,623198,2
1392976,2019-12-28,2020-01-18,,53345,870083,2
1392977,2019-12-28,2020-01-18,,53560,134066,2
1392978,2019-12-28,2020-01-18,,53607,845039,2
1392979,2019-12-28,2020-01-18,,53652,489777,2
1392980,2019-12-28,2020-01-18,,53844,500127,2
1392981,2019-12-28,2020-01-18,,53990,192236,2
1392982,2019-12-28,2020-01-18,,54008,778400,2
1392983,2019-12-28,2020-01-18,,54064,212665,2
1392984,2019-12-28,2020-01-18,,54180,603187,2
1392985,2019-12-28,2020-01-18,,54180,656924,2
1392986,2019-12-28,2020-01-18,,54180,950713,2
1392987,2019-12-28,2020-01-18,,54243,664658,2
1392988,2019-12-28,2020-01-18,,54255,65996,2
1392989,2019-12-28,2020-01-18,,54308,354632,2
1392990,2019-12-28,2020-01-18,,54388,257412,2
1392991,2019-12-28,2020-01-18,,54577,798381,2
1392992,2019-12-28,2020-01-18,,54631,621116,2
1392993,2019-12-28,2020-01-18,,54696,332733,2
1392994,2019-12-28,2020-01-18,,54778,31468,2
1392995,2019-12-28,2020-01-18,,54778,49348,2
1392996,2019-12-28,2020-01-18,,54778,405826,2
1392997,2019-12-28,2020-01-18,,54778,930779,2
1392998,2019-12-28,2020-01-18,,54868,256581,2
1392999,2019-12-28,2020-01-18,,55040,279997,2
1393000,2019-12-28,2020-01-18,,55059,708787,2
1393001,2019-12-28,2020-01-18,,55067,250953,2
1393002,2019-12-28,2020-01-18,,55157,598113,2
1393003,2019-12-28,2020-01-18,,55295,104369,2
1393004,2019-12-28,2020-01-18,,55462,598718,2
1393005,2019-12-28,2020-01-18,,55490,46553,2
1393006,2019-12-28,2020-01-18,,55553,743700,2
1393007,2019-12-28,2020-01-18,,55625,384270,2
1393008,2019-12-28,2020-01-18,,55663,837225,2
1393009,2019-12-28,2020-01-18,,55674,483756,2
1393010,2019-12-28,2020-01-18,,55732,784003,2
1393011,2019-12-28,2020-01-18,,55733,323203,2
1393012,2019-12-28,2020-01-18,,55798,786368,2
1393013,2019-12-28,2020-01-18,,55857,149023,2
1393014,2019-12-28,2020-01-18,,55995,104627,2
1393015,2019-12-28,2020-01-18,,56079,515350,2
1393016,2019-12-28,2020-01-18,,56190,346028,2
1393017,2019-12-28,2020-01-18,,56204,104246,2
1393018,2019-12-28,2020-01-18,,56204,321944,2
1393019,2019-12-28,2020-01-18,,56385,505404,2
1393020,2019-12-28,2020-01-18,,56457,87023,2
1393021,2019-12-28,2020-01-18,,56508,692004,2
1393022,2019-12-28,2020-01-18,,56585,705835,2
1393023,2019-12-28,2020-01-18,,56585,782131,2
1393024,2019-12-28,2020-01-18,,56750,862784,2
1393025,2019-12-28,2020-01-18,,56916,188122,2
1393026,2019-12-28,2020-01-18,,56919,285174,2
1393027,2019-12-28,2020-01-18,,56919,304577,2
1393028,2019-12-28,2020-01-18,,56919,399794,2
1393029,2019-12-28,2020-01-18,,56919,679280,2
1393030,2019-12-28,2020-01-18,,56919,779882,2
1393031,2019-12-28,2020-01-18,,56943,671102,2
1393032,2019-12-28,2020-01-18,,57274,289809,2
1393033,2019-12-28,2020-01-18,,57331,287526,2
1393034,2019-12-28,2020-01-18,,57371,401297,2
1393035,2019-12-28,2020-01-18,,57383,5283,2
1393036,2019-12-28,2020-01-18,,57491,698683,2
1393037,2019-12-28,2020-01-18,,57840,532410,2
1393038,2019-12-28,2020-01-18,,57840,695656,2
1393039,2019-12-28,2020-01-18,,57870,886636,2
1393040,2019-12-28,2020-01-18,,57972,593379,2
1393041,2019-12-28,2020-01-18,,58001,846928,2
1393042,2019-12-28,2020-01-18,,58194,853528,2
1393043,2019-12-28,2020-01-18,,58251,344761,2
1393044,2019-12-28,2020-01-18,,58251,936494,2
1393045,2019-12-28,2020-01-18,,58392,869511,2
1393046,2019-12-28,2020-01-18,,58407,182381,2
1393047,2019-12-28,2020-01-18,,58547,795188,2
1393048,2019-12-28,2020-01-18,,58819,823319,2
1393049,2019-12-28,2020-01-18,,58868,513994,2
1393050,2019-12-28,2020-01-18,,59048,841389,2
1393051,2019-12-28,2020-01-18,,59194,123374,2
1393052,2019-12-28,2020-01-18,,59200,770975,2
1393053,2019-12-28,2020-01-18,,59331,850879,2
1393054,2019-12-28,2020-01-18,,59424,479008,2
1393055,2019-12-28,2020-01-18,,59472,528481,2
1393056,2019-12-28,2020-01-18,,59481,222932,2
1393057,2019-12-28,2020-01-18,,59597,705242,2
1393058,2019-12-28,2020-01-18,,59720,633353,2
1393059,2019-12-28,2020-01-18,,59739,81461,2
1393060,2019-12-28,2020-01-18,,59739,167132,2
1393061,2019-12-28,2020-01-18,,59739,699363,2
1393062,2019-12-28,2020-01-18,,59739,872158,2
1393063,2019-12-28,2020-01-18,,59884,8546,2
1393064,2019-12-28,2020-01-18,,59884,251098,2
1393065,2019-12-28,2020-01-18,,59884,416087,2
1393066,2019-12-28,2020-01-18,,59884,421171,2
1393067,2019-12-28,2020-01-18,,59884,848371,2
1393068,2019-12-28,2020-01-18,,59884,924808,2
1393069,2019-12-28,2020-01-18,,59884,948416,2
1393070,2019-12-28,2020-01-18,,60003,744775,2
1393071,2019-12-28,2020-01-18,,60210,154763,2
1393072,2019-12-28,2020-01-18,,60232,683004,2
1393073,2019-12-28,2020-01-18,,60372,316399,2
1393074,2019-12-28,2020-01-18,,60591,21935,2
1393075,2019-12-28,2020-01-18,,60726,513845,2
1393076,2019-12-28,2020-01-18,,60761,919965,2
1393077,2019-12-28,2020-01-18,,60868,242478,2
1393078,2019-12-28,2020-01-18,,61016,282110,2
1393079,2019-12-28,2020-01-18,,61302,370826,2
1393080,2019-12-28,2020-01-18,,61466,791302,2
1393081,2019-12-28,2020-01-18,,61494,383296,2
1393082,2019-12-28,2020-01-18,,61512,871930,2
1393083,2019-12-28,2020-01-18,,61538,207997,2
1393084,2019-12-28,2020-01-18,,61540,295042,2
1393085,2019-12-28,2020-01-18,,61750,158441,2
1393086,2019-12-28,2020-01-18,,61827,124979,2
1393087,2019-12-28,2020-01-18,,61913,275084,2
1393088,2019-12-28,2020-01-18,,61924,35656,2
1393089,2019-12-28,2020-01-18,,61983,359516,2
1393090,2019-12-28,2020-01-18,,62022,740779,2
1393091,2019-12-28,2020-01-18,,62023,513438,2
1393092,2019-12-28,2020-01-18,,62152,59577,2
1393093,2019-12-28,2020-01-18,,62296,449591,2
1393094,2019-12-28,2020-01-18,,62335,418532,2
1393095,2019-12-28,2020-01-18,,62335,442395,2
1393096,2019-12-28,2020-01-18,,62410,141893,2
1393097,2019-12-28,2020-01-18,,62507,759860,2
1393098,2019-12-28,2020-01-18,,62667,243284,2
1393099,2019-12-28,2020-01-18,,62719,808022,2
1393100,2019-12-28,2020-01-18,,62766,682468,2
1393101,2019-12-28,2020-01-18,,62796,621823,2
1393102,2019-12-28,2020-01-18,,62973,734771,2
1393103,2019-12-28,2020-01-18,,63055,116871,2
1393104,2019-12-28,2020-01-18,,63202,277428,2
1393105,2019-12-28,2020-01-18,,63317,951412,2
1393106,2019-12-28,2020-01-18,,63388,256023,2
1393107,2019-12-28,2020-01-18,,63404,739828,2
1393108,2019-12-28,2020-01-18,,63456,482018,2
1393109,2019-12-28,2020-01-18,,63528,779398,2
1393110,2019-12-28,2020-01-18,,63744,348039,2
1393111,2019-12-28,2020-01-18,,63813,303235,2
1393112,2019-12-28,2020-01-18,,63877,90053,2
1393113,2019-12-28,2020-01-18,,63933,631718,2
1393114,2019-12-28,2020-01-18,,63933,649969,2
1393115,2019-12-28,2020-01-18,,63997,500829,2
1393116,2019-12-28,2020-01-18,,64179,100607,2
1393117,2019-12-28,2020-01-18,,64285,471258,2
1393118,2019-12-28,2020-01-18,,64362,277479,2
1393119,2019-12-28,2020-01-18,,64436,268667,2
1393120,2019-12-28,2020-01-18,,64436,529098,2
1393121,2019-12-28,2020-01-18,,64831,222933,2
1393122,2019-12-28,2020-01-18,,65165,166015,2
1393123,2019-12-28,2020-01-18,,65236,793698,2
1393124,2019-12-28,2020-01-18,,65342,876840,2
1393125,2019-12-28,2020-01-18,,65442,698743,2
1393126,2019-12-28,2020-01-18,,65515,316534,2
1393127,2019-12-28,2020-01-18,,65625,804858,2
1393128,2019-12-28,2020-01-18,,65689,648536,2
1393129,2019-12-28,2020-01-18,,65868,734967,2
1393130,2019-12-28,2020-01-18,,65879,840718,2
1393131,2019-12-28,2020-01-18,,65974,594229,2
1393132,2019-12-28,2020-01-18,,65997,4078,2
1393133,2019-12-28,2020-01-18,,66094,469044,2
1393134,2019-12-28,2020-01-18,,66145,486931,2
1393135,2019-12-28,2020-01-18,,66146,671440,2
1393136,2019-12-28,2020-01-18,,66237,131181,2
1393137,2019-12-28,2020-01-18,,66237,494835,2
1393138,2019-12-28,2020-01-18,,66486,431622,2
1393139,2019-12-28,2020-01-18,,66569,838299,2
1393140,2019-12-28,2020-01-18,,66730,247358,2
1393141,2019-12-28,2020-01-18,,66732,88350,2
1393142,2019-12-28,2020-01-18,,66792,256577,2
1393143,2019-12-28,2020-01-18,,66895,797445,2
1393144,2019-12-28,2020-01-18,,66919,462817,2
1393145,2019-12-28,2020-01-18,,66931,264832,2
1393146,2019-12-28,2020-01-18,,66931,516135,2
1393147,2019-12-28,2020-01-18,,67002,765971,2
1393148,2019-12-28,2020-01-18,,67121,910575,2
1393149,2019-12-28,2020-01-18,,67150,106440,2
1393150,2019-12-28,2020-01-18,,67373,896118,2
1393151,2019-12-28,2020-01-18,,67472,124111,2
1393152,2019-12-28,2020-01-18,,67489,795391,2
1393153,2019-12-28,2020-01-18,,67489,811576,2
1393154,2019-12-28,2020-01-18,,67489,832812,2
1393155,2019-12-28,2020-01-18,,67582,358412,2
1393156,2019-12-28,2020-01-18,,67641,901060,2
1393157,2019-12-28,2020-01-18,,67641,917012,2
1393158,2019-12-28,2020-01-18,,67771,126340,2
1393159,2019-12-28,2020-01-18,,67833,104543,2
1393160,2019-12-28,2020-01-18,,67994,465553,2
1393161,2019-12-28,2020-01-18,,68011,282183,2
1393162,2019-12-28,2020-01-18,,68011,309563,2
1393163,2019-12-28,2020-01-18,,68033,803556,2
1393164,2019-12-28,2020-01-18,,68277,695139,2
1393165,2019-12-28,2020-01-18,,68297,21605,2
1393166,2019-12-28,2020-01-18,,68297,73217,2
1393167,2019-12-28,2020-01-18,,68297,382081,2
1393168,2019-12-28,2020-01-18,,68297,638867,2
1393169,2019-12-28,2020-01-18,,68297,697063,2
1393170,2019-12-28,2020-01-18,,68297,735418,2
1393171,2019-12-28,2020-01-18,,68297,792131,2
1393172,2019-12-28,2020-01-18,,68297,934742,2
1393173,2019-12-28,2020-01-18,,68312,281722,2
1393174,2019-12-28,2020-01-18,,68312,430634,2
1393175,2019-12-28,2020-01-18,,68312,505578,2
1393176,2019-12-28,2020-01-18,,68312,917264,2
1393177,2019-12-28,2020-01-18,,68406,188008,2
1393178,2019-12-28,2020-01-18,,68558,895170,2
1393179,2019-12-28,2020-01-18,,68624,188216,2
1393180,2019-12-28,2020-01-18,,68624,608448,2
1393181,2019-12-28,2020-01-18,,68624,786833,2
1393182,2019-12-28,2020-01-18,,69026,330010,2
1393183,2019-12-28,2020-01-18,,69075,100174,2
1393184,2019-12-28,2020-01-18,,69075,383895,2
1393185,2019-12-28,2020-01-18,,69075,540478,2
1393186,2019-12-28,2020-01-18,,69116,646084,2
1393187,2019-12-28,2020-01-18,,69156,504897,2
1393188,2019-12-28,2020-01-18,,69156,558975,2
1393189,2019-12-28,2020-01-18,,69378,508705,2
1393190,2019-12-28,2020-01-18,,69501,347635,2
1393191,2019-12-28,2020-01-18,,69530,519056,2
1393192,2019-12-28,2020-01-18,,69544,175793,2
1393193,2019-12-28,2020-01-18,,69663,425081,2
1393194,2019-12-28,2020-01-18,,69738,852335,2
1393195,2019-12-28,2020-01-18,,69869,588794,2
1393196,2019-12-28,2020-01-18,,70123,291816,2
1393197,2019-12-28,2020-01-18,,70123,741008,2
1393198,2019-12-28,2020-01-18,,70123,864866,2
1393199,2019-12-28,2020-01-18,,70348,526410,2
1393200,2019-12-28,2020-01-18,,70348,654978,2
1393201,2019-12-28,2020-01-18,,70392,290145,2
1393202,2019-12-28,2020-01-18,,70484,725834,2
1393203,2019-12-28,2020-01-18,,70492,882796,2
1393204,2019-12-28,2020-01-18,,70547,754762,2
1393205,2019-12-28,2020-01-18,,70596,306324,2
1393206,2019-12-28,2020-01-18,,70597,76116,2
1393207,2019-12-28,2020-01-18,,70597,225021,2
1393208,2019-12-28,2020-01-18,,70663,87973,2
1393209,2019-12-28,2020-01-18,,70763,188297,2
1393210,2019-12-28,2020-01-18,,70885,493598,2
1393211,2019-12-28,2020-01-18,,70897,698744,2
1393212,2019-12-28,2020-01-18,,71038,538487,2
1393213,2019-12-28,2020-01-18,,71133,764448,2
1393214,2019-12-28,2020-01-18,,71385,777609,2
1393215,2019-12-28,2020-01-18,,71441,262743,2
1393216,2019-12-28,2020-01-18,,71452,456869,2
1393217,2019-12-28,2020-01-18,,71475,718937,2
1393218,2019-12-28,2020-01-18,,71496,194509,2
1393219,2019-12-28,2020-01-18,,71757,658354,2
1393220,2019-12-28,2020-01-18,,71861,246990,2
1393221,2019-12-28,2020-01-18,,72028,342450,2
1393222,2019-12-28,2020-01-18,,72173,618527,2
1393223,2019-12-28,2020-01-18,,72333,588131,2
1393224,2019-12-28,2020-01-18,,72476,443594,2
1393225,2019-12-28,2020-01-18,,72476,492519,2
1393226,2019-12-28,2020-01-18,,72476,683005,2
1393227,2019-12-28,2020-01-18,,72500,373009,2
1393228,2019-12-28,2020-01-18,,72557,40621,2
1393229,2019-12-28,2020-01-18,,72595,573505,2
1393230,2019-12-28,2020-01-18,,72720,331171,2
1393231,2019-12-28,2020-01-18,,73316,311954,2
1393232,2019-12-28,2020-01-18,,73553,546102,2
1393233,2019-12-28,2020-01-18,,73579,324986,2
1393234,2019-12-28,2020-01-18,,73620,413509,2
1393235,2019-12-28,2020-01-18,,73686,334987,2
1393236,2019-12-28,2020-01-18,,73698,628110,2
1393237,2019-12-28,2020-01-18,,73722,915363,2
1393238,2019-12-28,2020-01-18,,73737,273833,2
1393239,2019-12-28,2020-01-18,,73740,56597,2
1393240,2019-12-28,2020-01-18,,73822,910750,2
1393241,2019-12-28,2020-01-18,,73896,472567,2
1393242,2019-12-28,2020-01-18,,73959,122055,2
1393243,2019-12-28,2020-01-18,,73969,700160,2
1393244,2019-12-28,2020-01-18,,74164,399809,2
1393245,2019-12-28,2020-01-18,,74194,270351,2
1393246,2019-12-28,2020-01-18,,74240,791366,2
1393247,2019-12-28,2020-01-18,,74676,878046,2
1393248,2019-12-28,2020-01-18,,74716,579116,2
1393249,2019-12-28,2020-01-18,,74911,435378,2
1393250,2019-12-28,2020-01-18,,74983,246147,2
1393251,2019-12-28,2020-01-18,,74983,668013,2
1393252,2019-12-28,2020-01-18,,75146,203107,2
1393253,2019-12-28,2020-01-18,,75146,223478,2
1393254,2019-12-28,2020-01-18,,75146,504940,2
1393255,2019-12-28,2020-01-18,,75146,664091,2
1393256,2019-12-28,2020-01-18,,75267,886408,2
1393257,2019-12-28,2020-01-18,,75309,49080,2
1393258,2019-12-28,2020-01-18,,75313,424785,2
1393259,2019-12-28,2020-01-18,,75394,951655,2
1393260,2019-12-28,2020-01-18,,75584,432521,2
1393261,2019-12-28,2020-01-18,,75749,806972,2
1393262,2019-12-28,2020-01-18,,75816,19769,2
1393263,2019-12-28,2020-01-18,,75881,705249,2
1393264,2019-12-28,2020-01-18,,76020,416645,2
1393265,2019-12-28,2020-01-18,,76103,570256,2
1393266,2019-12-28,2020-01-18,,76181,160850,2
1393267,2019-12-28,2020-01-18,,76188,549939,2
1393268,2019-12-28,2020-01-18,,76591,46924,2
1393269,2019-12-28,2020-01-18,,76659,104508,2
1393270,2019-12-28,2020-01-18,,76771,303679,2
1393271,2019-12-28,2020-01-18,,76800,405354,2
1393272,2019-12-28,2020-01-18,,76833,235760,2
1393273,2019-12-28,2020-01-18,,76993,390941,2
1393274,2019-12-28,2020-01-18,,77301,37037,2
1393275,2019-12-28,2020-01-18,,77322,282459,2
1393276,2019-12-28,2020-01-18,,77347,947470,2
1393277,2019-12-28,2020-01-18,,77397,513740,2
1393278,2019-12-28,2020-01-18,,77587,798855,2
1393279,2019-12-28,2020-01-18,,77701,574364,2
1393280,2019-12-28,2020-01-18,,77735,751918,2
1393281,2019-12-28,2020-01-18,,77884,446336,2
1393282,2019-12-28,2020-01-18,,77892,67090,2
1393283,2019-12-28,2020-01-18,,77907,157274,2
1393284,2019-12-28,2020-01-18,,77993,139127,2
1393285,2019-12-28,2020-01-18,,77993,530057,2
1393286,2019-12-28,2020-01-18,,77993,948619,2
1393287,2019-12-28,2020-01-18,,78008,49496,2
1393288,2019-12-28,2020-01-18,,78036,802429,2
1393289,2019-12-28,2020-01-18,,78063,477299,2
1393290,2019-12-28,2020-01-18,,78168,732713,2
1393291,2019-12-28,2020-01-18,,78382,444639,2
1393292,2019-12-28,2020-01-18,,78400,399451,2
1393293,2019-12-28,2020-01-18,,78535,766640,2
1393294,2019-12-28,2020-01-18,,78607,333046,2
1393295,2019-12-28,2020-01-18,,78607,465852,2
1393296,2019-12-28,2020-01-18,,78620,187375,2
1393297,2019-12-28,2020-01-18,,78634,430180,2
1393298,2019-12-28,2020-01-18,,78724,255781,2
1393299,2019-12-28,2020-01-18,,78724,722997,2
1393300,2019-12-28,2020-01-18,,78739,580781,2
1393301,2019-12-28,2020-01-18,,78896,798454,2
1393302,2019-12-28,2020-01-18,,78917,763905,2
1393303,2019-12-28,2020-01-18,,78947,595853,2
1393304,2019-12-28,2020-01-18,,78955,864913,2
1393305,2019-12-28,2020-01-18,,78983,590344,2
1393306,2019-12-28,2020-01-18,,79073,371007,2
1393307,2019-12-28,2020-01-18,,79103,455335,2
1393308,2019-12-28,2020-01-18,,79133,668682,2
1393309,2019-12-28,2020-01-18,,79147,36016,2
1393310,2019-12-28,2020-01-18,,79147,60083,2
1393311,2019-12-28,2020-01-18,,79147,312840,2
1393312,2019-12-28,2020-01-18,,79475,345065,2
1393313,2019-12-28,2020-01-18,,79475,648940,2
1393314,2019-12-28,2020-01-18,,79487,405526,2
1393315,2019-12-28,2020-01-18,,79760,20965,2
1393316,2019-12-28,2020-01-18,,79760,818579,2
1393317,2019-12-28,2020-01-18,,79760,891165,2
1393318,2019-12-28,2020-01-18,,79891,443595,2
1393319,2019-12-28,2020-01-18,,79951,826385,2
1393320,2019-12-28,2020-01-18,,79952,654286,2
1393321,2019-12-28,2020-01-18,,80009,836501,2
1393322,2019-12-28,2020-01-18,,80070,861770,2
1393323,2019-12-28,2020-01-18,,80094,137293,2
1393324,2019-12-28,2020-01-18,,80131,147962,2
1393325,2019-12-28,2020-01-18,,80185,603946,2
1393326,2019-12-28,2020-01-18,,80186,622561,2
1393327,2019-12-28,2020-01-18,,80186,874901,2
1393328,2019-12-28,2020-01-18,,80712,478205,2
1393329,2019-12-28,2020-01-18,,80822,320524,2
1393330,2019-12-28,2020-01-18,,80844,472020,2
1393331,2019-12-28,2020-01-18,,80890,762449,2
1393332,2019-12-28,2020-01-18,,81225,183809,2
1393333,2019-12-28,2020-01-18,,81227,587368,2
1393334,2019-12-28,2020-01-18,,81244,107845,2
1393335,2019-12-28,2020-01-18,,81244,700506,2
1393336,2019-12-28,2020-01-18,,81347,621597,2
1393337,2019-12-28,2020-01-18,,81370,845005,2
1393338,2019-12-28,2020-01-18,,81417,353506,2
1393339,2019-12-28,2020-01-18,,81559,383981,2
1393340,2019-12-28,2020-01-18,,81589,349069,2
1393341,2019-12-28,2020-01-18,,81641,353993,2
1393342,2019-12-28,2020-01-18,,81641,380736,2
1393343,2019-12-28,2020-01-18,,81641,506207,2
1393344,2019-12-28,2020-01-18,,81641,836552,2
1393345,2019-12-28,2020-01-18,,81732,836735,2
1393346,2019-12-28,2020-01-18,,81854,222870,2
1393347,2019-12-28,2020-01-18,,81875,464843,2
1393348,2019-12-28,2020-01-18,,81907,576112,2
1393349,2019-12-28,2020-01-18,,81940,557232,2
1393350,2019-12-28,2020-01-18,,82120,615531,2
1393351,2019-12-28,2020-01-18,,82342,223012,2
1393352,2019-12-28,2020-01-18,,82379,356310,2
1393353,2019-12-28,2020-01-18,,82618,839867,2
1393354,2019-12-28,2020-01-18,,82749,146582,2
1393355,2019-12-28,2020-01-18,,82855,516431,2
1393356,2019-12-28,2020-01-18,,82855,838215,2
1393357,2019-12-28,2020-01-18,,82999,211917,2
1393358,2019-12-28,2020-01-18,,82999,302219,2
1393359,2019-12-28,2020-01-18,,83083,188199,2
1393360,2019-12-28,2020-01-18,,83083,880872,2
1393361,2019-12-28,2020-01-18,,83190,318232,2
1393362,2019-12-28,2020-01-18,,83324,477732,2
1393363,2019-12-28,2020-01-18,,83406,943721,2
1393364,2019-12-28,2020-01-18,,83449,20418,2
1393365,2019-12-28,2020-01-18,,83451,925447,2
1393366,2019-12-28,2020-01-18,,83627,254669,2
1393367,2019-12-28,2020-01-18,,83836,573631,2
1393368,2019-12-28,2020-01-18,,83955,137396,2
1393369,2019-12-28,2020-01-18,,83961,462087,2
1393370,2019-12-28,2020-01-18,,84103,770531,2
1393371,2019-12-28,2020-01-18,,84103,877650,2
1393372,2019-12-28,2020-01-18,,84214,501715,2
1393373,2019-12-28,2020-01-18,,84366,656932,2
1393374,2019-12-28,2020-01-18,,84469,601732,2
1393375,2019-12-28,2020-01-18,,84793,621598,2
1393376,2019-12-28,2020-01-18,,84855,631719,2
1393377,2019-12-28,2020-01-18,,84885,6534,2
1393378,2019-12-28,2020-01-18,,84894,872183,2
1393379,2019-12-28,2020-01-18,,84914,21736,2
1393380,2019-12-28,2020-01-18,,84914,114773,2
1393381,2019-12-28,2020-01-18,,84914,241484,2
1393382,2019-12-28,2020-01-18,,84925,316527,2
1393383,2019-12-28,2020-01-18,,84974,75262,2
1393384,2019-12-28,2020-01-18,,84997,191154,2
1393385,2019-12-28,2020-01-18,,85050,220877,2
1393386,2019-12-28,2020-01-18,,85083,419623,2
1393387,2019-12-28,2020-01-18,,85122,685525,2
1393388,2019-12-28,2020-01-18,,85283,152568,2
1393389,2019-12-28,2020-01-18,,85283,838218,2
1393390,2019-12-28,2020-01-18,,85324,86029,2
1393391,2019-12-28,2020-01-18,,85591,75263,2
1393392,2019-12-28,2020-01-18,,85782,176487,2
1393393,2019-12-28,2020-01-18,,85782,447785,2
1393394,2019-12-28,2020-01-18,,85822,339265,2
1393395,2019-12-28,2020-01-18,,85902,864173,2
1393396,2019-12-28,2020-01-18,,85907,179638,2
1393397,2019-12-28,2020-01-18,,85958,900326,2
1393398,2019-12-28,2020-01-18,,85975,870124,2
1393399,2019-12-28,2020-01-18,,86026,218625,2
1393400,2019-12-28,2020-01-18,,86146,327396,2
1393401,2019-12-28,2020-01-18,,86146,591993,2
1393402,2019-12-28,2020-01-18,,86146,832844,2
1393403,2019-12-28,2020-01-18,,86246,502467,2
1393404,2019-12-28,2020-01-18,,86301,213289,2
1393405,2019-12-28,2020-01-18,,86547,167602,2
1393406,2019-12-28,2020-01-18,,86621,151378,2
1393407,2019-12-28,2020-01-18,,86725,926273,2
1393408,2019-12-28,2020-01-18,,86765,476444,2
1393409,2019-12-28,2020-01-18,,86841,114050,2
1393410,2019-12-28,2020-01-18,,86852,340656,2
1393411,2019-12-28,2020-01-18,,86852,378353,2
1393412,2019-12-28,2020-01-18,,86852,937352,2
1393413,2019-12-28,2020-01-18,,86881,22410,2
1393414,2019-12-28,2020-01-18,,86881,739221,2
1393415,2019-12-28,2020-01-18,,87019,769795,2
1393416,2019-12-28,2020-01-18,,87136,180450,2
1393417,2019-12-28,2020-01-18,,87165,476503,2
1393418,2019-12-28,2020-01-18,,87489,129195,2
1393419,2019-12-28,2020-01-18,,87533,99677,2
1393420,2019-12-28,2020-01-18,,87538,164690,2
1393421,2019-12-28,2020-01-18,,87551,799961,2
1393422,2019-12-28,2020-01-18,,87604,243716,2
1393423,2019-12-28,2020-01-18,,87644,129848,2
1393424,2019-12-28,2020-01-18,,87763,446056,2
1393425,2019-12-28,2020-01-18,,87786,229167,2
1393426,2019-12-28,2020-01-18,,87806,689953,2
1393427,2019-12-28,2020-01-18,,87862,66254,2
1393428,2019-12-28,2020-01-18,,87907,155144,2
1393429,2019-12-28,2020-01-18,,87923,759682,2
1393430,2019-12-28,2020-01-18,,88069,754673,2
1393431,2019-12-28,2020-01-18,,88276,898777,2
1393432,2019-12-28,2020-01-18,,88916,495600,2
1393433,2019-12-28,2020-01-18,,89163,239669,2
1393434,2019-12-28,2020-01-18,,89213,637257,2
1393435,2019-12-28,2020-01-18,,89314,277094,2
1393436,2019-12-28,2020-01-18,,89355,436073,2
1393437,2019-12-28,2020-01-18,,89375,778912,2
1393438,2019-12-28,2020-01-18,,89462,722327,2
1393439,2019-12-28,2020-01-18,,89522,93661,2
1393440,2019-12-28,2020-01-18,,89522,387361,2
1393441,2019-12-28,2020-01-18,,89522,397141,2
1393442,2019-12-28,2020-01-18,,89854,264126,2
1393443,2019-12-28,2020-01-18,,90308,366447,2
1393444,2019-12-28,2020-01-18,,90315,447781,2
1393445,2019-12-28,2020-01-18,,90315,510557,2
1393446,2019-12-28,2020-01-18,,90652,182924,2
1393447,2019-12-28,2020-01-18,,90776,882328,2
1393448,2019-12-28,2020-01-18,,90792,165477,2
1393449,2019-12-28,2020-01-18,,91076,395226,2
1393450,2019-12-28,2020-01-18,,91076,822367,2
1393451,2019-12-28,2020-01-18,,91080,38395,2
1393452,2019-12-28,2020-01-18,,91264,142978,2
1393453,2019-12-28,2020-01-18,,91277,304345,2
1393454,2019-12-28,2020-01-18,,91502,62442,2
1393455,2019-12-28,2020-01-18,,91502,73218,2
1393456,2019-12-28,2020-01-18,,91502,611353,2
1393457,2019-12-28,2020-01-18,,91656,109176,2
1393458,2019-12-28,2020-01-18,,91656,355542,2
1393459,2019-12-28,2020-01-18,,91718,553964,2
1393460,2019-12-28,2020-01-18,,91796,122043,2
1393461,2019-12-28,2020-01-18,,91969,71105,2
1393462,2019-12-28,2020-01-18,,92048,528579,2
1393463,2019-12-28,2020-01-18,,92126,379365,2
1393464,2019-12-28,2020-01-18,,92268,76539,2
1393465,2019-12-28,2020-01-18,,92326,174546,2
1393466,2019-12-28,2020-01-18,,92372,583947,2
1393467,2019-12-28,2020-01-18,,92450,565462,2
1393468,2019-12-28,2020-01-18,,92569,264304,2
1393469,2019-12-28,2020-01-18,,92630,417824,2
1393470,2019-12-28,2020-01-18,,92792,399795,2
1393471,2019-12-28,2020-01-18,,93005,360284,2
1393472,2019-12-28,2020-01-18,,93077,458826,2
1393473,2019-12-28,2020-01-18,,93111,586539,2
1393474,2019-12-28,2020-01-18,,93143,631581,2
1393475,2019-12-28,2020-01-18,,93167,709629,2
1393476,2019-12-28,2020-01-18,,93318,685380,2
1393477,2019-12-28,2020-01-18,,93337,145558,2
1393478,2019-12-28,2020-01-18,,93337,200597,2
1393479,2019-12-28,2020-01-18,,93337,457651,2
1393480,2019-12-28,2020-01-18,,93337,587369,2
1393481,2019-12-28,2020-01-18,,93337,666220,2
1393482,2019-12-28,2020-01-18,,93337,681595,2
1393483,2019-12-28,2020-01-18,,93488,529058,2
1393484,2019-12-28,2020-01-18,,93561,269183,2
1393485,2019-12-28,2020-01-18,,93654,268196,2
1393486,2019-12-28,2020-01-18,,93944,307943,2
1393487,2019-12-28,2020-01-18,,94026,452011,2
1393488,2019-12-28,2020-01-18,,94117,191405,2
1393489,2019-12-28,2020-01-18,,94249,555521,2
1393490,2019-12-28,2020-01-18,,94438,609257,2
1393491,2019-12-28,2020-01-18,,94588,13140,2
1393492,2019-12-28,2020-01-18,,94606,88609,2
1393493,2019-12-28,2020-01-18,,94705,707814,2
1393494,2019-12-28,2020-01-18,,94786,517314,2
1393495,2019-12-28,2020-01-18,,95046,147350,2
1393496,2019-12-28,2020-01-18,,95046,890330,2
1393497,2019-12-28,2020-01-18,,95055,842964,2
1393498,2019-12-28,2020-01-18,,95068,37972,2
1393499,2019-12-28,2020-01-18,,95068,353074,2
1393500,2019-12-28,2020-01-18,,95068,852317,2
1393501,2019-12-28,2020-01-18,,95084,287716,2
1393502,2019-12-28,2020-01-18,,95102,766817,2
1393503,2019-12-28,2020-01-18,,95277,175131,2
1393504,2019-12-28,2020-01-18,,95286,381929,2
1393505,2019-12-28,2020-01-18,,95608,925330,2
1393506,2019-12-28,2020-01-18,,95645,346445,2
1393507,2019-12-28,2020-01-18,,95688,654781,2
1393508,2019-12-28,2020-01-18,,95758,535755,2
1393509,2019-12-28,2020-01-18,,95900,511828,2
1393510,2019-12-28,2020-01-18,,95902,5346,2
1393511,2019-12-28,2020-01-18,,96093,503438,2
1393512,2019-12-28,2020-01-18,,96124,793834,2
1393513,2019-12-28,2020-01-18,,96190,931221,2
1393514,2019-12-28,2020-01-18,,96202,64014,2
1393515,2019-12-28,2020-01-18,,96263,440777,2
1393516,2019-12-28,2020-01-18,,96352,678892,2
1393517,2019-12-28,2020-01-18,,96406,199698,2
1393518,2019-12-28,2020-01-18,,96601,67843,2
1393519,2019-12-28,2020-01-18,,96631,11519,2
1393520,2019-12-28,2020-01-18,,96649,785287,2
1393521,2019-12-28,2020-01-18,,96770,115164,2
1393522,2019-12-28,2020-01-18,,96916,543535,2
1393523,2019-12-28,2020-01-18,,97073,538135,2
1393524,2019-12-28,2020-01-18,,97163,673620,2
1393525,2019-12-28,2020-01-18,,97201,40856,2
1393526,2019-12-28,2020-01-18,,97203,138920,2
1393527,2019-12-28,2020-01-18,,97318,355543,2
1393528,2019-12-28,2020-01-18,,97318,655811,2
1393529,2019-12-28,2020-01-18,,97318,804386,2
1393530,2019-12-28,2020-01-18,,97428,95594,2
1393531,2019-12-28,2020-01-18,,97464,865166,2
1393532,2019-12-28,2020-01-18,,97703,698110,2
1393533,2019-12-28,2020-01-18,,97751,534144,2
1393534,2019-12-28,2020-01-18,,98075,39443,2
1393535,2019-12-28,2020-01-18,,98121,14174,2
1393536,2019-12-28,2020-01-18,,98258,741540,2
1393537,2019-12-28,2020-01-18,,98430,143505,2
1393538,2019-12-28,2020-01-18,,98430,680862,2
1393539,2019-12-28,2020-01-18,,98456,741457,2
1393540,2019-12-28,2020-01-18,,98474,709233,2
1393541,2019-12-28,2020-01-18,,98483,777714,2
1393542,2019-12-28,2020-01-18,,98503,241341,2
1393543,2019-12-28,2020-01-18,,98514,824306,2
1393544,2019-12-28,2020-01-18,,98597,160256,2
1393545,2019-12-28,2020-01-18,,98612,805259,2
1393546,2019-12-28,2020-01-18,,98811,909211,2
1393547,2019-12-28,2020-01-18,,99042,407289,2
1393548,2019-12-28,2020-01-18,,99042,793251,2
1393549,2019-12-28,2020-01-18,,99070,689063,2
1393550,2019-12-28,2020-01-18,,99355,455490,2
1393551,2019-12-28,2020-01-18,,99440,95001,2
1393552,2019-12-28,2020-01-18,,99458,405308,2
1393553,2019-12-28,2020-01-18,,99495,881745,2
1393554,2019-12-28,2020-01-18,,99525,717392,2
1393555,2019-12-28,2020-01-18,,99537,288433,2
1393556,2019-12-28,2020-01-18,,99708,895807,2
1393557,2019-12-28,2020-01-18,,99791,898685,2
1393558,2019-12-28,2020-01-18,,99823,392708,2
1393559,2019-12-28,2020-01-18,,100047,331446,2
1393560,2019-12-28,2020-01-18,,100230,26546,2
1393561,2019-12-28,2020-01-18,,100278,283908,2
1393562,2019-12-28,2020-01-18,,100354,621697,2
1393563,2019-12-28,2020-01-18,,100373,443729,2
1393564,2019-12-28,2020-01-18,,100373,523650,2
1393565,2019-12-28,2020-01-18,,100373,627967,2
1393566,2019-12-28,2020-01-18,,100373,698347,2
1393567,2019-12-28,2020-01-18,,100626,644261,2
1393568,2019-12-28,2020-01-18,,100848,117748,2
1393569,2019-12-28,2020-01-18,,100871,160217,2
1393570,2019-12-28,2020-01-18,,100964,450055,2
1393571,2019-12-28,2020-01-18,,101003,195385,2
1393572,2019-12-28,2020-01-18,,101023,614672,2
1393573,2019-12-28,2020-01-18,,101142,288102,2
1393574,2019-12-28,2020-01-18,,101368,314749,2
1393575,2019-12-28,2020-01-18,,101801,815239,2
1393576,2019-12-28,2020-01-18,,101965,667200,2
1393577,2019-12-28,2020-01-18,,102051,563536,2
1393578,2019-12-28,2020-01-18,,102139,118219,2
1393579,2019-12-28,2020-01-18,,102180,425087,2
1393580,2019-12-28,2020-01-18,,102220,249087,2
1393581,2019-12-28,2020-01-18,,102272,895758,2
1393582,2019-12-28,2020-01-18,,102387,504941,2
1393583,2019-12-28,2020-01-18,,102387,875741,2
1393584,2019-12-28,2020-01-18,,102401,703397,2
1393585,2019-12-28,2020-01-18,,102511,160230,2
1393586,2019-12-28,2020-01-18,,102709,48510,2
1393587,2019-12-28,2020-01-18,,102727,156085,2
1393588,2019-12-28,2020-01-18,,102733,748376,2
1393589,2019-12-28,2020-01-18,,102768,542825,2
1393590,2019-12-28,2020-01-18,,102823,661690,2
1393591,2019-12-28,2020-01-18,,102848,698745,2
1393592,2019-12-28,2020-01-18,,103021,33038,2
1393593,2019-12-28,2020-01-18,,103326,761684,2
1393594,2019-12-28,2020-01-18,,103553,740236,2
1393595,2019-12-28,2020-01-18,,103632,92504,2
1393596,2019-12-28,2020-01-18,,103651,371977,2
1393597,2019-12-28,2020-01-18,,103651,425449,2
1393598,2019-12-28,2020-01-18,,103677,764034,2
1393599,2019-12-28,2020-01-18,,103829,545307,2
1393600,2019-12-28,2020-01-18,,103842,47593,2
1393601,2019-12-28,2020-01-18,,103882,792784,2
1393602,2019-12-28,2020-01-18,,104078,253422,2
1393603,2019-12-28,2020-01-18,,104078,293602,2
1393604,2019-12-28,2020-01-18,,104078,924987,2
1393605,2019-12-28,2020-01-18,,104078,944357,2
1393606,2019-12-28,2020-01-18,,104351,35562,2
1393607,2019-12-28,2020-01-18,,104613,671175,2
1393608,2019-12-28,2020-01-18,,104864,396590,2
1393609,2019-12-28,2020-01-18,,104865,310525,2
1393610,2019-12-28,2020-01-18,,104869,24338,2
1393611,2019-12-28,2020-01-18,,104869,70938,2
1393612,2019-12-28,2020-01-18,,104869,74672,2
1393613,2019-12-28,2020-01-18,,104869,168900,2
1393614,2019-12-28,2020-01-18,,104869,239177,2
1393615,2019-12-28,2020-01-18,,104869,244923,2
1393616,2019-12-28,2020-01-18,,104869,356174,2
1393617,2019-12-28,2020-01-18,,104869,396736,2
1393618,2019-12-28,2020-01-18,,104869,399796,2
1393619,2019-12-28,2020-01-18,,104869,451062,2
1393620,2019-12-28,2020-01-18,,104869,482967,2
1393621,2019-12-28,2020-01-18,,104869,532158,2
1393622,2019-12-28,2020-01-18,,104869,533695,2
1393623,2019-12-28,2020-01-18,,104869,545950,2
1393624,2019-12-28,2020-01-18,,104869,558411,2
1393625,2019-12-28,2020-01-18,,104869,610697,2
1393626,2019-12-28,2020-01-18,,104869,700883,2
1393627,2019-12-28,2020-01-18,,104869,760778,2
1393628,2019-12-28,2020-01-18,,104869,807537,2
1393629,2019-12-28,2020-01-18,,104903,262031,2
1393630,2019-12-28,2020-01-18,,104941,947726,2
1393631,2019-12-28,2020-01-18,,105310,480738,2
1393632,2019-12-28,2020-01-18,,105402,732904,2
1393633,2019-12-28,2020-01-18,,105410,598535,2
1393634,2019-12-28,2020-01-18,,105492,106313,2
1393635,2019-12-28,2020-01-18,,105492,170744,2
1393636,2019-12-28,2020-01-18,,105492,679670,2
1393637,2019-12-28,2020-01-18,,105524,50940,2
1393638,2019-12-28,2020-01-18,,105537,246250,2
1393639,2019-12-28,2020-01-18,,105702,749868,2
1393640,2019-12-28,2020-01-18,,105799,496355,2
1393641,2019-12-28,2020-01-18,,105820,168533,2
1393642,2019-12-28,2020-01-18,,105861,797623,2
1393643,2019-12-28,2020-01-18,,105875,795079,2
1393644,2019-12-28,2020-01-18,,106019,555553,2
1393645,2019-12-28,2020-01-18,,106077,9067,2
1393646,2019-12-28,2020-01-18,,106205,528907,2
1393647,2019-12-28,2020-01-18,,106282,784553,2
1393648,2019-12-28,2020-01-18,,106356,446023,2
1393649,2019-12-28,2020-01-18,,106356,477072,2
1393650,2019-12-28,2020-01-18,,106398,543211,2
1393651,2019-12-28,2020-01-18,,106647,186517,2
1393652,2019-12-28,2020-01-18,,106669,626642,2
1393653,2019-12-28,2020-01-18,,106755,212149,2
1393654,2019-12-28,2020-01-18,,106829,361384,2
1393655,2019-12-28,2020-01-18,,106910,342846,2
1393656,2019-12-28,2020-01-18,,106954,242076,2
1393657,2019-12-28,2020-01-18,,106985,613561,2
1393658,2019-12-28,2020-01-18,,107129,923369,2
1393659,2019-12-28,2020-01-18,,107297,575000,2
1393660,2019-12-28,2020-01-18,,107315,902049,2
1393661,2019-12-28,2020-01-18,,107479,164137,2
1393662,2019-12-28,2020-01-18,,107555,392445,2
1393663,2019-12-28,2020-01-18,,107772,943563,2
1393664,2019-12-28,2020-01-18,,108127,140971,2
1393665,2019-12-28,2020-01-18,,108138,621599,2
1393666,2019-12-28,2020-01-18,,108143,655190,2
1393667,2019-12-28,2020-01-18,,108160,11845,2
1393668,2019-12-28,2020-01-18,,108160,215591,2
1393669,2019-12-28,2020-01-18,,108160,926923,2
1393670,2019-12-28,2020-01-18,,108299,345512,2
1393671,2019-12-28,2020-01-18,,108340,523915,2
1393672,2019-12-28,2020-01-18,,108453,326692,2
1393673,2019-12-28,2020-01-18,,108471,369215,2
1393674,2019-12-28,2020-01-18,,108621,201356,2
1393675,2019-12-28,2020-01-18,,108621,399797,2
1393676,2019-12-28,2020-01-18,,108621,762868,2
1393677,2019-12-28,2020-01-18,,108668,443169,2
1393678,2019-12-28,2020-01-18,,108702,805470,2
1393679,2019-12-28,2020-01-18,,108761,612986,2
1393680,2019-12-28,2020-01-18,,108798,592770,2
1393681,2019-12-28,2020-01-18,,108906,361948,2
1393682,2019-12-28,2020-01-18,,108982,522538,2
1393683,2019-12-28,2020-01-18,,109010,685764,2
1393684,2019-12-28,2020-01-18,,109017,491758,2
1393685,2019-12-28,2020-01-18,,109436,25595,2
1393686,2019-12-28,2020-01-18,,109436,791170,2
1393687,2019-12-28,2020-01-18,,109494,709634,2
1393688,2019-12-28,2020-01-18,,109508,155003,2
1393689,2019-12-28,2020-01-18,,109558,427454,2
1393690,2019-12-28,2020-01-18,,109609,950406,2
1393691,2019-12-28,2020-01-18,,109668,664959,2
1393692,2019-12-28,2020-01-18,,109905,707646,2
1393693,2019-12-28,2020-01-18,,110029,621698,2
1393694,2019-12-28,2020-01-18,,110060,822874,2
1393695,2019-12-28,2020-01-18,,110121,226134,2
1393696,2019-12-28,2020-01-18,,110172,541879,2
1393697,2019-12-28,2020-01-18,,110223,521609,2
1393698,2019-12-28,2020-01-18,,110490,763975,2
1393699,2019-12-28,2020-01-18,,110770,782569,2
1393700,2019-12-28,2020-01-18,,110881,718581,2
1393701,2019-12-28,2020-01-18,,110928,238700,2
1393702,2019-12-28,2020-01-18,,110928,246439,2
1393703,2019-12-28,2020-01-18,,110938,698746,2
1393704,2019-12-28,2020-01-18,,111018,225049,2
1393705,2019-12-28,2020-01-18,,111026,104247,2
1393706,2019-12-28,2020-01-18,,111203,720508,2
1393707,2019-12-28,2020-01-18,,111252,477534,2
1393708,2019-12-28,2020-01-18,,111367,754792,2
1393709,2019-12-28,2020-01-18,,111451,321576,2
1393710,2019-12-28,2020-01-18,,111451,371513,2
1393711,2019-12-28,2020-01-18,,111451,497910,2
1393712,2019-12-28,2020-01-18,,111539,887165,2
1393713,2019-12-28,2020-01-18,,111605,418809,2
1393714,2019-12-28,2020-01-18,,111605,750066,2
1393715,2019-12-28,2020-01-18,,111673,197253,2
1393716,2019-12-28,2020-01-18,,111682,161647,2
1393717,2019-12-28,2020-01-18,,111747,344494,2
1393718,2019-12-28,2020-01-18,,111891,845797,2
1393719,2019-12-28,2020-01-18,,112198,257919,2
1393720,2019-12-28,2020-01-18,,112208,543857,2
1393721,2019-12-28,2020-01-18,,112214,465854,2
1393722,2019-12-28,2020-01-18,,112270,417572,2
1393723,2019-12-28,2020-01-18,,112270,453856,2
1393724,2019-12-28,2020-01-18,,112281,628115,2
1393725,2019-12-28,2020-01-18,,112349,198395,2
1393726,2019-12-28,2020-01-18,,112410,458794,2
1393727,2019-12-28,2020-01-18,,112465,687975,2
1393728,2019-12-28,2020-01-18,,112493,89616,2
1393729,2019-12-28,2020-01-18,,112518,577469,2
1393730,2019-12-28,2020-01-18,,112556,729120,2
1393731,2019-12-28,2020-01-18,,112594,50906,2
1393732,2019-12-28,2020-01-18,,112649,698747,2
1393733,2019-12-28,2020-01-18,,112716,416067,2
1393734,2019-12-28,2020-01-18,,112738,25128,2
1393735,2019-12-28,2020-01-18,,112767,631808,2
1393736,2019-12-28,2020-01-18,,112770,880013,2
1393737,2019-12-28,2020-01-18,,112805,598130,2
1393738,2019-12-28,2020-01-18,,112902,483086,2
1393739,2019-12-28,2020-01-18,,112927,766350,2
1393740,2019-12-28,2020-01-18,,113111,655261,2
1393741,2019-12-28,2020-01-18,,113139,698967,2
1393742,2019-12-28,2020-01-18,,113327,683120,2
1393743,2019-12-28,2020-01-18,,113356,476033,2
1393744,2019-12-28,2020-01-18,,113356,770799,2
1393745,2019-12-28,2020-01-18,,113423,498269,2
1393746,2019-12-28,2020-01-18,,113423,834947,2
1393747,2019-12-28,2020-01-18,,113460,281690,2
1393748,2019-12-28,2020-01-18,,113650,405355,2
1393749,2019-12-28,2020-01-18,,113785,825255,2
1393750,2019-12-28,2020-01-18,,113797,58317,2
1393751,2019-12-28,2020-01-18,,113797,338824,2
1393752,2019-12-28,2020-01-18,,113845,656011,2
1393753,2019-12-28,2020-01-18,,113990,414823,2
1393754,2019-12-28,2020-01-18,,113990,530134,2
1393755,2019-12-28,2020-01-18,,114076,355427,2
1393756,2019-12-28,2020-01-18,,114367,628913,2
1393757,2019-12-28,2020-01-18,,114368,199031,2
1393758,2019-12-28,2020-01-18,,114378,775634,2
1393759,2019-12-28,2020-01-18,,114416,896192,2
1393760,2019-12-28,2020-01-18,,114711,248979,2
1393761,2019-12-28,2020-01-18,,114903,632648,2
1393762,2019-12-28,2020-01-18,,114941,116577,2
1393763,2019-12-28,2020-01-18,,114941,248053,2
1393764,2019-12-28,2020-01-18,,114950,637259,2
1393765,2019-12-28,2020-01-18,,115004,146484,2
1393766,2019-12-28,2020-01-18,,115012,438894,2
1393767,2019-12-28,2020-01-18,,115106,626543,2
1393768,2019-12-28,2020-01-18,,115115,480666,2
1393769,2019-12-28,2020-01-18,,115197,879879,2
1393770,2019-12-28,2020-01-18,,115320,262489,2
1393771,2019-12-28,2020-01-18,,115335,243994,2
1393772,2019-12-28,2020-01-18,,115341,147641,2
1393773,2019-12-28,2020-01-18,,115454,723398,2
1393774,2019-12-28,2020-01-18,,115491,416401,2
1393775,2019-12-28,2020-01-18,,115727,400356,2
1393776,2019-12-28,2020-01-18,,115762,494613,2
1393777,2019-12-28,2020-01-18,,115822,407010,2
1393778,2019-12-28,2020-01-18,,115927,910606,2
1393779,2019-12-28,2020-01-18,,115928,255076,2
1393780,2019-12-28,2020-01-18,,116120,585712,2
1393781,2019-12-28,2020-01-18,,116250,648801,2
1393782,2019-12-28,2020-01-18,,116702,216168,2
1393783,2019-12-28,2020-01-18,,116801,871934,2
1393784,2019-12-28,2020-01-18,,116903,325591,2
1393785,2019-12-28,2020-01-18,,117004,910302,2
1393786,2019-12-28,2020-01-18,,117041,927289,2
1393787,2019-12-28,2020-01-18,,117288,146182,2
1393788,2019-12-28,2020-01-18,,117815,201851,2
1393789,2019-12-28,2020-01-18,,117815,767484,2
1393790,2019-12-28,2020-01-18,,117815,794048,2
1393791,2019-12-28,2020-01-18,,117825,683188,2
1393792,2019-12-28,2020-01-18,,117923,317387,2
1393793,2019-12-28,2020-01-18,,117923,444697,2
1393794,2019-12-28,2020-01-18,,117923,469000,2
1393795,2019-12-28,2020-01-18,,117923,786827,2
1393796,2019-12-28,2020-01-18,,117923,881970,2
1393797,2019-12-28,2020-01-18,,118055,760060,2
1393798,2019-12-28,2020-01-18,,118274,828326,2
1393799,2019-12-28,2020-01-18,,118283,876179,2
1393800,2019-12-28,2020-01-18,,118461,870056,2
1393801,2019-12-28,2020-01-18,,118669,360383,2
1393802,2019-12-28,2020-01-18,,118669,835169,2
1393803,2019-12-28,2020-01-18,,118734,606811,2
1393804,2019-12-28,2020-01-18,,118794,322307,2
1393805,2019-12-28,2020-01-18,,118814,752987,2
1393806,2019-12-28,2020-01-18,,118884,171811,2
1393807,2019-12-28,2020-01-18,,118884,207160,2
1393808,2019-12-28,2020-01-18,,118884,280842,2
1393809,2019-12-28,2020-01-18,,118884,377470,2
1393810,2019-12-28,2020-01-18,,118935,621898,2
1393811,2019-12-28,2020-01-18,,118962,698748,2
1393812,2019-12-28,2020-01-18,,119082,68454,2
1393813,2019-12-28,2020-01-18,,119209,443646,2
1393814,2019-12-28,2020-01-18,,119280,510785,2
1393815,2019-12-28,2020-01-18,,119325,43344,2
1393816,2019-12-28,2020-01-18,,119389,137386,2
1393817,2019-12-28,2020-01-18,,119606,268236,2
1393818,2019-12-28,2020-01-18,,119639,885287,2
1393819,2019-12-28,2020-01-18,,119674,94151,2
1393820,2019-12-28,2020-01-18,,119829,803821,2
1393821,2019-12-28,2020-01-18,,119973,363633,2
1393822,2019-12-28,2020-01-18,,119973,365653,2
1393823,2019-12-28,2020-01-18,,120297,179155,2
1393824,2019-12-28,2020-01-18,,120405,597875,2
1393825,2019-12-28,2020-01-18,,120428,604777,2
1393826,2019-12-28,2020-01-18,,120445,36721,2
1393827,2019-12-28,2020-01-18,,120560,887196,2
1393828,2019-12-28,2020-01-18,,120631,188200,2
1393829,2019-12-28,2020-01-18,,120631,928905,2
1393830,2019-12-28,2020-01-18,,120753,154563,2
1393831,2019-12-28,2020-01-18,,120813,195442,2
1393832,2019-12-28,2020-01-18,,120858,31609,2
1393833,2019-12-28,2020-01-18,,120893,850120,2
1393834,2019-12-28,2020-01-18,,121162,693735,2
1393835,2019-12-28,2020-01-18,,121213,488302,2
1393836,2019-12-28,2020-01-18,,121232,343944,2
1393837,2019-12-28,2020-01-18,,121274,24142,2
1393838,2019-12-28,2020-01-18,,121276,810681,2
1393839,2019-12-28,2020-01-18,,121411,766593,2
1393840,2019-12-28,2020-01-18,,121509,685648,2
1393841,2019-12-28,2020-01-18,,121519,282344,2
1393842,2019-12-28,2020-01-18,,121562,816704,2
1393843,2019-12-28,2020-01-18,,121662,493516,2
1393844,2019-12-28,2020-01-18,,121723,269364,2
1393845,2019-12-28,2020-01-18,,121746,830335,2
1393846,2019-12-28,2020-01-18,,121775,516735,2
1393847,2019-12-28,2020-01-18,,121918,189116,2
1393848,2019-12-28,2020-01-18,,122096,698749,2
1393849,2019-12-28,2020-01-18,,122138,613580,2
1393850,2019-12-28,2020-01-18,,122172,334178,2
1393851,2019-12-28,2020-01-18,,122227,77948,2
1393852,2019-12-28,2020-01-18,,122299,419111,2
1393853,2019-12-28,2020-01-18,,122379,338107,2
1393854,2019-12-28,2020-01-18,,122662,795020,2
1393855,2019-12-28,2020-01-18,,122760,780459,2
1393856,2019-12-28,2020-01-18,,122782,67362,2
1393857,2019-12-28,2020-01-18,,122838,885612,2
1393858,2019-12-28,2020-01-18,,122907,760962,2
1393859,2019-12-28,2020-01-18,,122907,872018,2
1393860,2019-12-28,2020-01-18,,122913,536738,2
1393861,2019-12-28,2020-01-18,,122959,649515,2
1393862,2019-12-28,2020-01-18,,122983,698427,2
1393863,2019-12-28,2020-01-18,,123067,598550,2
1393864,2019-12-28,2020-01-18,,123107,548797,2
1393865,2019-12-28,2020-01-18,,123137,776089,2
1393866,2019-12-28,2020-01-18,,123406,232911,2
1393867,2019-12-28,2020-01-18,,123568,706243,2
1393868,2019-12-28,2020-01-18,,123601,858513,2
1393869,2019-12-28,2020-01-18,,123634,665753,2
1393870,2019-12-28,2020-01-18,,123650,318780,2
1393871,2019-12-28,2020-01-18,,123744,598452,2
1393872,2019-12-28,2020-01-18,,123752,800639,2
1393873,2019-12-28,2020-01-18,,123962,309576,2
1393874,2019-12-28,2020-01-18,,124021,389493,2
1393875,2019-12-28,2020-01-18,,124053,722934,2
1393876,2019-12-28,2020-01-18,,124313,612560,2
1393877,2019-12-28,2020-01-18,,124426,883570,2
1393878,2019-12-28,2020-01-18,,124485,858762,2
1393879,2019-12-28,2020-01-18,,124627,405979,2
1393880,2019-12-28,2020-01-18,,124742,55091,2
1393881,2019-12-28,2020-01-18,,125173,306574,2
1393882,2019-12-28,2020-01-18,,125266,638323,2
1393883,2019-12-28,2020-01-18,,125320,539356,2
1393884,2019-12-28,2020-01-18,,125566,721320,2
1393885,2019-12-28,2020-01-18,,125627,342997,2
1393886,2019-12-28,2020-01-18,,125627,693767,2
1393887,2019-12-28,2020-01-18,,125775,252744,2
1393888,2019-12-28,2020-01-18,,125799,434410,2
1393889,2019-12-28,2020-01-18,,125828,18877,2
1393890,2019-12-28,2020-01-18,,125844,270596,2
1393891,2019-12-28,2020-01-18,,125914,681487,2
1393892,2019-12-28,2020-01-18,,126287,504019,2
1393893,2019-12-28,2020-01-18,,126301,397838,2
1393894,2019-12-28,2020-01-18,,126320,910856,2
1393895,2019-12-28,2020-01-18,,126330,891384,2
1393896,2019-12-28,2020-01-18,,126657,250292,2
1393897,2019-12-28,2020-01-18,,126782,763632,2
1393898,2019-12-28,2020-01-18,,126880,424239,2
1393899,2019-12-28,2020-01-18,,126908,113285,2
1393900,2019-12-28,2020-01-18,,127012,154230,2
1393901,2019-12-28,2020-01-18,,127069,523370,2
1393902,2019-12-28,2020-01-18,,127105,622248,2
1393903,2019-12-28,2020-01-18,,127118,924336,2
1393904,2019-12-28,2020-01-18,,127136,240889,2
1393905,2019-12-28,2020-01-18,,127266,8978,2
1393906,2019-12-28,2020-01-18,,127436,851243,2
1393907,2019-12-28,2020-01-18,,127541,918219,2
1393908,2019-12-28,2020-01-18,,127548,386275,2
1393909,2019-12-28,2020-01-18,,127579,425059,2
1393910,2019-12-28,2020-01-18,,127703,548819,2
1393911,2019-12-28,2020-01-18,,127769,852222,2
1393912,2019-12-28,2020-01-18,,128003,160789,2
1393913,2019-12-28,2020-01-18,,128027,701476,2
1393914,2019-12-28,2020-01-18,,128089,652209,2
1393915,2019-12-28,2020-01-18,,128195,837142,2
1393916,2019-12-28,2020-01-18,,128473,110099,2
1393917,2019-12-28,2020-01-18,,128582,282944,2
1393918,2019-12-28,2020-01-18,,128592,187784,2
1393919,2019-12-28,2020-01-18,,128760,533476,2
1393920,2019-12-28,2020-01-18,,128918,322558,2
1393921,2019-12-28,2020-01-18,,128947,365177,2
1393922,2019-12-28,2020-01-18,,128978,782539,2
1393923,2019-12-28,2020-01-18,,129057,353408,2
1393924,2019-12-28,2020-01-18,,129107,420241,2
1393925,2019-12-28,2020-01-18,,129251,229090,2
1393926,2019-12-28,2020-01-18,,129251,341261,2
1393927,2019-12-28,2020-01-18,,129251,593935,2
1393928,2019-12-28,2020-01-18,,129347,22229,2
1393929,2019-12-28,2020-01-18,,129347,44693,2
1393930,2019-12-28,2020-01-18,,129347,269455,2
1393931,2019-12-28,2020-01-18,,129347,704949,2
1393932,2019-12-28,2020-01-18,,129347,949995,2
1393933,2019-12-28,2020-01-18,,129388,104455,2
1393934,2019-12-28,2020-01-18,,129397,329563,2
1393935,2019-12-28,2020-01-18,,129483,131780,2
1393936,2019-12-28,2020-01-18,,129534,249859,2
1393937,2019-12-28,2020-01-18,,129582,260936,2
1393938,2019-12-28,2020-01-18,,129609,655552,2
1393939,2019-12-28,2020-01-18,,129677,38550,2
1393940,2019-12-28,2020-01-18,,129775,432589,2
1393941,2019-12-28,2020-01-18,,130033,104370,2
1393942,2019-12-28,2020-01-18,,130052,301245,2
1393943,2019-12-28,2020-01-18,,130084,544170,2
1393944,2019-12-28,2020-01-18,,130368,27011,2
1393945,2019-12-28,2020-01-18,,130559,75943,2
1393946,2019-12-28,2020-01-18,,130559,481420,2
1393947,2019-12-28,2020-01-18,,130705,194765,2
1393948,2019-12-28,2020-01-18,,130748,721883,2
1393949,2019-12-28,2020-01-18,,130774,363821,2
1393950,2019-12-28,2020-01-18,,130775,672513,2
1393951,2019-12-28,2020-01-18,,130799,137289,2
1393952,2019-12-28,2020-01-18,,131148,591008,2
1393953,2019-12-28,2020-01-18,,131310,256302,2
1393954,2019-12-28,2020-01-18,,131683,227995,2
1393955,2019-12-28,2020-01-18,,131683,299545,2
1393956,2019-12-28,2020-01-18,,131683,884967,2
1393957,2019-12-28,2020-01-18,,131685,284290,2
1393958,2019-12-28,2020-01-18,,131894,93643,2
1393959,2019-12-28,2020-01-18,,131894,327393,2
1393960,2019-12-28,2020-01-18,,131916,273208,2
1393961,2019-12-28,2020-01-18,,131984,510674,2
1393962,2019-12-28,2020-01-18,,131984,685830,2
1393963,2019-12-28,2020-01-18,,131984,732672,2
1393964,2019-12-28,2020-01-18,,132022,383985,2
1393965,2019-12-28,2020-01-18,,132028,874092,2
1393966,2019-12-28,2020-01-18,,132052,398919,2
1393967,2019-12-28,2020-01-18,,132095,586020,2
1393968,2019-12-28,2020-01-18,,132144,341621,2
1393969,2019-12-28,2020-01-18,,132144,866476,2
1393970,2019-12-28,2020-01-18,,132144,907319,2
1393971,2019-12-28,2020-01-18,,132235,633577,2
1393972,2019-12-28,2020-01-18,,132277,302414,2
1393973,2019-12-28,2020-01-18,,132287,20712,2
1393974,2019-12-28,2020-01-18,,132348,536966,2
1393975,2019-12-28,2020-01-18,,132374,385646,2
1393976,2019-12-28,2020-01-18,,132447,925446,2
1393977,2019-12-28,2020-01-18,,132553,469776,2
1393978,2019-12-28,2020-01-18,,132578,738877,2
1393979,2019-12-28,2020-01-18,,132579,446362,2
1393980,2019-12-28,2020-01-18,,132633,402845,2
1393981,2019-12-28,2020-01-18,,132652,170783,2
1393982,2019-12-28,2020-01-18,,132664,458679,2
1393983,2019-12-28,2020-01-18,,132735,565378,2
1393984,2019-12-28,2020-01-18,,132784,99278,2
1393985,2019-12-28,2020-01-18,,133025,639956,2
1393986,2019-12-28,2020-01-18,,133044,952746,2
1393987,2019-12-28,2020-01-18,,133141,489530,2
1393988,2019-12-28,2020-01-18,,133261,35793,2
1393989,2019-12-28,2020-01-18,,133287,209373,2
1393990,2019-12-28,2020-01-18,,133287,769297,2
1393991,2019-12-28,2020-01-18,,133574,412976,2
1393992,2019-12-28,2020-01-18,,133607,474436,2
1393993,2019-12-28,2020-01-18,,133639,815396,2
1393994,2019-12-28,2020-01-18,,133659,744259,2
1393995,2019-12-28,2020-01-18,,133736,187793,2
1393996,2019-12-28,2020-01-18,,133848,460650,2
1393997,2019-12-28,2020-01-18,,134149,852123,2
1393998,2019-12-28,2020-01-18,,134247,338252,2
1393999,2019-12-28,2020-01-18,,134248,111375,2
1394000,2019-12-28,2020-01-18,,134253,516943,2
1394001,2019-12-28,2020-01-18,,134316,878472,2
1394002,2019-12-28,2020-01-18,,134343,383267,2
1394003,2019-12-28,2020-01-18,,134352,810285,2
1394004,2019-12-28,2020-01-18,,134356,28065,2
1394005,2019-12-28,2020-01-18,,134372,625474,2
1394006,2019-12-28,2020-01-18,,134413,492946,2
1394007,2019-12-28,2020-01-18,,134525,338880,2
1394008,2019-12-28,2020-01-18,,134534,939027,2
1394009,2019-12-28,2020-01-18,,134546,264804,2
1394010,2019-12-28,2020-01-18,,134589,119677,2
1394011,2019-12-28,2020-01-18,,134589,148761,2
1394012,2019-12-28,2020-01-18,,134700,953967,2
1394013,2019-12-28,2020-01-18,,134798,183099,2
1394014,2019-12-28,2020-01-18,,134800,332221,2
1394015,2019-12-28,2020-01-18,,134946,638015,2
1394016,2019-12-28,2020-01-18,,134973,902443,2
1394017,2019-12-28,2020-01-18,,135154,711245,2
1394018,2019-12-28,2020-01-18,,135218,171636,2
1394019,2019-12-28,2020-01-18,,135282,236903,2
1394020,2019-12-28,2020-01-18,,135321,387814,2
1394021,2019-12-28,2020-01-18,,135350,845983,2
1394022,2019-12-28,2020-01-18,,135555,321669,2
1394023,2019-12-28,2020-01-18,,136175,872744,2
1394024,2019-12-28,2020-01-18,,136353,728130,2
1394025,2019-12-28,2020-01-18,,136358,492985,2
1394026,2019-12-28,2020-01-18,,136376,323563,2
1394027,2019-12-28,2020-01-18,,136402,228158,2
1394028,2019-12-28,2020-01-18,,136795,704062,2
1394029,2019-12-28,2020-01-18,,136823,19549,2
1394030,2019-12-28,2020-01-18,,136884,739196,2
1394031,2019-12-28,2020-01-18,,137060,38572,2
1394032,2019-12-28,2020-01-18,,137176,122897,2
1394033,2019-12-28,2020-01-18,,137251,425095,2
1394034,2019-12-28,2020-01-18,,137251,476210,2
1394035,2019-12-28,2020-01-18,,137251,693336,2
1394036,2019-12-28,2020-01-18,,137251,765918,2
1394037,2019-12-28,2020-01-18,,137257,34827,2
1394038,2019-12-28,2020-01-18,,137257,807357,2
1394039,2019-12-28,2020-01-18,,137257,859973,2
1394040,2019-12-28,2020-01-18,,137292,637616,2
1394041,2019-12-28,2020-01-18,,137369,533408,2
1394042,2019-12-28,2020-01-18,,137564,790994,2
1394043,2019-12-28,2020-01-18,,137592,43224,2
1394044,2019-12-28,2020-01-18,,137592,111053,2
1394045,2019-12-28,2020-01-18,,137592,162494,2
1394046,2019-12-28,2020-01-18,,137592,236214,2
1394047,2019-12-28,2020-01-18,,137592,287093,2
1394048,2019-12-28,2020-01-18,,137592,301457,2
1394049,2019-12-28,2020-01-18,,137592,363475,2
1394050,2019-12-28,2020-01-18,,137592,378540,2
1394051,2019-12-28,2020-01-18,,137592,391423,2
1394052,2019-12-28,2020-01-18,,137592,434852,2
1394053,2019-12-28,2020-01-18,,137592,601465,2
1394054,2019-12-28,2020-01-18,,137592,714194,2
1394055,2019-12-28,2020-01-18,,137592,820670,2
1394056,2019-12-28,2020-01-18,,137592,916109,2
1394057,2019-12-28,2020-01-18,,137592,941785,2
1394058,2019-12-28,2020-01-18,,137699,671866,2
1394059,2019-12-28,2020-01-18,,138077,655758,2
1394060,2019-12-28,2020-01-18,,138140,693570,2
1394061,2019-12-28,2020-01-18,,138237,533866,2
1394062,2019-12-28,2020-01-18,,138299,693118,2
1394063,2019-12-28,2020-01-18,,138457,705757,2
1394064,2019-12-28,2020-01-18,,138535,563800,2
1394065,2019-12-28,2020-01-18,,138535,610951,2
1394066,2019-12-28,2020-01-18,,138535,714928,2
1394067,2019-12-28,2020-01-18,,138535,717521,2
1394068,2019-12-28,2020-01-18,,138535,900864,2
1394069,2019-12-28,2020-01-18,,138542,172936,2
1394070,2019-12-28,2020-01-18,,138622,807681,2
1394071,2019-12-28,2020-01-18,,138656,594420,2
1394072,2019-12-28,2020-01-18,,138681,671659,2
1394073,2019-12-28,2020-01-18,,138865,342813,2
1394074,2019-12-28,2020-01-18,,138877,700602,2
1394075,2019-12-28,2020-01-18,,138877,872019,2
1394076,2019-12-28,2020-01-18,,139100,128757,2
1394077,2019-12-28,2020-01-18,,139125,124293,2
1394078,2019-12-28,2020-01-18,,139468,195425,2
1394079,2019-12-28,2020-01-18,,139561,46187,2
1394080,2019-12-28,2020-01-18,,139561,155194,2
1394081,2019-12-28,2020-01-18,,139561,209936,2
1394082,2019-12-28,2020-01-18,,139561,265337,2
1394083,2019-12-28,2020-01-18,,139561,937517,2
1394084,2019-12-28,2020-01-18,,139647,652153,2
1394085,2019-12-28,2020-01-18,,139647,683121,2
1394086,2019-12-28,2020-01-18,,139647,705803,2
1394087,2019-12-28,2020-01-18,,139647,819974,2
1394088,2019-12-28,2020-01-18,,139902,30888,2
1394089,2019-12-28,2020-01-18,,139902,34950,2
1394090,2019-12-28,2020-01-18,,139912,708223,2
1394091,2019-12-28,2020-01-18,,140010,623814,2
1394092,2019-12-28,2020-01-18,,140100,235472,2
1394093,2019-12-28,2020-01-18,,140223,947596,2
1394094,2019-12-28,2020-01-18,,140387,722820,2
1394095,2019-12-28,2020-01-18,,140433,348961,2
1394096,2019-12-28,2020-01-18,,140435,197428,2
1394097,2019-12-28,2020-01-18,,140537,611228,2
1394098,2019-12-28,2020-01-18,,140629,766623,2
1394099,2019-12-28,2020-01-18,,140896,394917,2
1394100,2019-12-28,2020-01-18,,140979,15601,2
1394101,2019-12-28,2020-01-18,,140979,514999,2
1394102,2019-12-28,2020-01-18,,141060,399818,2
1394103,2019-12-28,2020-01-18,,141072,722140,2
1394104,2019-12-28,2020-01-18,,141262,906308,2
1394105,2019-12-28,2020-01-18,,141308,179476,2
1394106,2019-12-28,2020-01-18,,141586,174734,2
1394107,2019-12-28,2020-01-18,,141621,156024,2
1394108,2019-12-28,2020-01-18,,141901,28921,2
1394109,2019-12-28,2020-01-18,,141901,826698,2
1394110,2019-12-28,2020-01-18,,141991,502939,2
1394111,2019-12-28,2020-01-18,,142011,208095,2
1394112,2019-12-28,2020-01-18,,142072,505435,2
1394113,2019-12-28,2020-01-18,,142078,535672,2
1394114,2019-12-28,2020-01-18,,142201,319962,2
1394115,2019-12-28,2020-01-18,,142389,189361,2
1394116,2019-12-28,2020-01-18,,142441,925243,2
1394117,2019-12-28,2020-01-18,,142574,713098,2
1394118,2019-12-28,2020-01-18,,142700,417144,2
1394119,2019-12-28,2020-01-18,,142766,351563,2
1394120,2019-12-28,2020-01-18,,142766,929754,2
1394121,2019-12-28,2020-01-18,,142830,690673,2
1394122,2019-12-28,2020-01-18,,142858,397545,2
1394123,2019-12-28,2020-01-18,,143134,364723,2
1394124,2019-12-28,2020-01-18,,143241,202885,2
1394125,2019-12-28,2020-01-18,,143248,800638,2
1394126,2019-12-28,2020-01-18,,143439,428388,2
1394127,2019-12-28,2020-01-18,,143510,512803,2
1394128,2019-12-28,2020-01-18,,143562,17462,2
1394129,2019-12-28,2020-01-18,,143713,778763,2
1394130,2019-12-28,2020-01-18,,143888,807907,2
1394131,2019-12-28,2020-01-18,,143967,142415,2
1394132,2019-12-28,2020-01-18,,143997,899812,2
1394133,2019-12-28,2020-01-18,,144096,672359,2
1394134,2019-12-28,2020-01-18,,144147,71814,2
1394135,2019-12-28,2020-01-18,,144479,598699,2
1394136,2019-12-28,2020-01-18,,144752,700184,2
1394137,2019-12-28,2020-01-18,,144902,712467,2
1394138,2019-12-28,2020-01-18,,145099,737588,2
1394139,2019-12-28,2020-01-18,,145175,271970,2
1394140,2019-12-28,2020-01-18,,145264,725500,2
1394141,2019-12-28,2020-01-18,,145429,412398,2
1394142,2019-12-28,2020-01-18,,145429,603204,2
1394143,2019-12-28,2020-01-18,,145506,606489,2
1394144,2019-12-28,2020-01-18,,145513,459817,2
1394145,2019-12-28,2020-01-18,,145608,497354,2
1394146,2019-12-28,2020-01-18,,145779,496522,2
1394147,2019-12-28,2020-01-18,,145799,76584,2
1394148,2019-12-28,2020-01-18,,145886,279673,2
1394149,2019-12-28,2020-01-18,,145925,217210,2
1394150,2019-12-28,2020-01-18,,145925,608624,2
1394151,2019-12-28,2020-01-18,,145968,366525,2
1394152,2019-12-28,2020-01-18,,145968,382829,2
1394153,2019-12-28,2020-01-18,,146113,135618,2
1394154,2019-12-28,2020-01-18,,146287,773951,2
1394155,2019-12-28,2020-01-18,,146384,704029,2
1394156,2019-12-28,2020-01-18,,146430,708511,2
1394157,2019-12-28,2020-01-18,,146438,172993,2
1394158,2019-12-28,2020-01-18,,146502,165536,2
1394159,2019-12-28,2020-01-18,,146578,390601,2
1394160,2019-12-28,2020-01-18,,146660,17842,2
1394161,2019-12-28,2020-01-18,,146739,413021,2
1394162,2019-12-28,2020-01-18,,146739,857633,2
1394163,2019-12-28,2020-01-18,,146807,53153,2
1394164,2019-12-28,2020-01-18,,146856,195303,2
1394165,2019-12-28,2020-01-18,,146933,758501,2
1394166,2019-12-28,2020-01-18,,147233,168567,2
1394167,2019-12-28,2020-01-18,,147279,451313,2
1394168,2019-12-28,2020-01-18,,147612,461016,2
1394169,2019-12-28,2020-01-18,,147797,38022,2
1394170,2019-12-28,2020-01-18,,147883,114227,2
1394171,2019-12-28,2020-01-18,,147885,737405,2
1394172,2019-12-28,2020-01-18,,147919,675190,2
1394173,2019-12-28,2020-01-18,,147947,556919,2
1394174,2019-12-28,2020-01-18,,148097,414346,2
1394175,2019-12-28,2020-01-18,,148106,165061,2
1394176,2019-12-28,2020-01-18,,148136,622555,2
1394177,2019-12-28,2020-01-18,,148162,792950,2
1394178,2019-12-28,2020-01-18,,148217,622072,2
1394179,2019-12-28,2020-01-18,,148314,364294,2
1394180,2019-12-28,2020-01-18,,148314,742646,2
1394181,2019-12-28,2020-01-18,,148314,886330,2
1394182,2019-12-28,2020-01-18,,148314,910158,2
1394183,2019-12-28,2020-01-18,,148314,911287,2
1394184,2019-12-28,2020-01-18,,148325,894225,2
1394185,2019-12-28,2020-01-18,,148483,11148,2
1394186,2019-12-28,2020-01-18,,148490,453957,2
1394187,2019-12-28,2020-01-18,,148658,881724,2
1394188,2019-12-28,2020-01-18,,148678,953112,2
1394189,2019-12-28,2020-01-18,,148759,277582,2
1394190,2019-12-28,2020-01-18,,148791,81333,2
1394191,2019-12-28,2020-01-18,,148791,117887,2
1394192,2019-12-28,2020-01-18,,148952,563715,2
1394193,2019-12-28,2020-01-18,,148998,505144,2
1394194,2019-12-28,2020-01-18,,149008,874686,2
1394195,2019-12-28,2020-01-18,,149065,424572,2
1394196,2019-12-28,2020-01-18,,149286,727187,2
1394197,2019-12-28,2020-01-18,,149535,146512,2
1394198,2019-12-28,2020-01-18,,149768,872344,2
1394199,2019-12-28,2020-01-18,,149773,317360,2
1394200,2019-12-28,2020-01-18,,149773,656904,2
1394201,2019-12-28,2020-01-18,,149773,886255,2
1394202,2019-12-28,2020-01-18,,149811,809395,2
1394203,2019-12-28,2020-01-18,,149823,20498,2
1394204,2019-12-28,2020-01-18,,149852,136327,2
1394205,2019-12-28,2020-01-18,,150107,525372,2
1394206,2019-12-28,2020-01-18,,150148,46082,2
1394207,2019-12-28,2020-01-18,,150148,122048,2
1394208,2019-12-28,2020-01-18,,150148,408137,2
1394209,2019-12-28,2020-01-18,,150148,451063,2
1394210,2019-12-28,2020-01-18,,150148,493146,2
1394211,2019-12-28,2020-01-18,,150148,545777,2
1394212,2019-12-28,2020-01-18,,150148,563273,2
1394213,2019-12-28,2020-01-18,,150148,693497,2
1394214,2019-12-28,2020-01-18,,150148,897099,2
1394215,2019-12-28,2020-01-18,,150301,698750,2
1394216,2019-12-28,2020-01-18,,150534,20946,2
1394217,2019-12-28,2020-01-18,,150555,104248,2
1394218,2019-12-28,2020-01-18,,150638,554013,2
1394219,2019-12-28,2020-01-18,,150665,104013,2
1394220,2019-12-28,2020-01-18,,150822,632560,2
1394221,2019-12-28,2020-01-18,,150862,760195,2
1394222,2019-12-28,2020-01-18,,150949,145026,2
1394223,2019-12-28,2020-01-18,,151076,318563,2
1394224,2019-12-28,2020-01-18,,151241,271795,2
1394225,2019-12-28,2020-01-18,,151263,621600,2
1394226,2019-12-28,2020-01-18,,151405,59354,2
1394227,2019-12-28,2020-01-18,,151496,539691,2
1394228,2019-12-28,2020-01-18,,151747,554099,2
1394229,2019-12-28,2020-01-18,,151888,251796,2
1394230,2019-12-28,2020-01-18,,151933,542405,2
1394231,2019-12-28,2020-01-18,,152094,811608,2
1394232,2019-12-28,2020-01-18,,152139,333239,2
1394233,2019-12-28,2020-01-18,,152254,204912,2
1394234,2019-12-28,2020-01-18,,152441,947667,2
1394235,2019-12-28,2020-01-18,,152499,31736,2
1394236,2019-12-28,2020-01-18,,152499,755788,2
1394237,2019-12-28,2020-01-18,,152626,616800,2
1394238,2019-12-28,2020-01-18,,152733,278748,2
1394239,2019-12-28,2020-01-18,,153011,819651,2
1394240,2019-12-28,2020-01-18,,153216,600756,2
1394241,2019-12-28,2020-01-18,,153232,502961,2
1394242,2019-12-28,2020-01-18,,153232,729306,2
1394243,2019-12-28,2020-01-18,,153260,197254,2
1394244,2019-12-28,2020-01-18,,153328,554621,2
1394245,2019-12-28,2020-01-18,,153876,366689,2
1394246,2019-12-28,2020-01-18,,153952,896738,2
1394247,2019-12-28,2020-01-18,,154144,147642,2
1394248,2019-12-28,2020-01-18,,154389,472669,2
1394249,2019-12-28,2020-01-18,,154483,72101,2
1394250,2019-12-28,2020-01-18,,154495,241990,2
1394251,2019-12-28,2020-01-18,,154563,243864,2
1394252,2019-12-28,2020-01-18,,154563,779220,2
1394253,2019-12-28,2020-01-18,,154610,255656,2
1394254,2019-12-28,2020-01-18,,155339,282680,2
1394255,2019-12-28,2020-01-18,,155638,152194,2
1394256,2019-12-28,2020-01-18,,155674,621762,2
1394257,2019-12-28,2020-01-18,,155679,720397,2
1394258,2019-12-28,2020-01-18,,155725,860044,2
1394259,2019-12-28,2020-01-18,,155815,691404,2
1394260,2019-12-28,2020-01-18,,155832,732247,2
1394261,2019-12-28,2020-01-18,,156001,482530,2
1394262,2019-12-28,2020-01-18,,156163,680981,2
1394263,2019-12-28,2020-01-18,,156238,299851,2
1394264,2019-12-28,2020-01-18,,156273,829166,2
1394265,2019-12-28,2020-01-18,,156305,613123,2
1394266,2019-12-28,2020-01-18,,156413,155089,2
1394267,2019-12-28,2020-01-18,,156430,831447,2
1394268,2019-12-28,2020-01-18,,156431,517679,2
1394269,2019-12-28,2020-01-18,,156533,221915,2
1394270,2019-12-28,2020-01-18,,156605,698751,2
1394271,2019-12-28,2020-01-18,,156613,638938,2
1394272,2019-12-28,2020-01-18,,156637,358476,2
1394273,2019-12-28,2020-01-18,,156948,934930,2
1394274,2019-12-28,2020-01-18,,157111,260045,2
1394275,2019-12-28,2020-01-18,,157125,721649,2
1394276,2019-12-28,2020-01-18,,157134,246306,2
1394277,2019-12-28,2020-01-18,,157143,819966,2
1394278,2019-12-28,2020-01-18,,157235,568609,2
1394279,2019-12-28,2020-01-18,,157300,637290,2
1394280,2019-12-28,2020-01-18,,157329,374350,2
1394281,2019-12-28,2020-01-18,,157336,252707,2
1394282,2019-12-28,2020-01-18,,157880,387907,2
1394283,2019-12-28,2020-01-18,,158120,188137,2
1394284,2019-12-28,2020-01-18,,158120,789932,2
1394285,2019-12-28,2020-01-18,,158295,830616,2
1394286,2019-12-28,2020-01-18,,158480,270179,2
1394287,2019-12-28,2020-01-18,,158617,857668,2
1394288,2019-12-28,2020-01-18,,158666,745865,2
1394289,2019-12-28,2020-01-18,,158879,801812,2
1394290,2019-12-28,2020-01-18,,158976,199344,2
1394291,2019-12-28,2020-01-18,,158990,593760,2
1394292,2019-12-28,2020-01-18,,159010,941869,2
1394293,2019-12-28,2020-01-18,,159141,750770,2
1394294,2019-12-28,2020-01-18,,159168,122053,2
1394295,2019-12-28,2020-01-18,,159168,819416,2
1394296,2019-12-28,2020-01-18,,159237,694001,2
1394297,2019-12-28,2020-01-18,,159353,95895,2
1394298,2019-12-28,2020-01-18,,159353,298555,2
1394299,2019-12-28,2020-01-18,,159353,342939,2
1394300,2019-12-28,2020-01-18,,159353,681488,2
1394301,2019-12-28,2020-01-18,,159371,825439,2
1394302,2019-12-28,2020-01-18,,159550,70963,2
1394303,2019-12-28,2020-01-18,,159588,212302,2
1394304,2019-12-29,2020-01-19,,45,180826,2
1394305,2019-12-29,2020-01-19,,45,743933,2
1394306,2019-12-29,2020-01-19,,61,321945,2
1394307,2019-12-29,2020-01-19,,157,515359,2
1394308,2019-12-29,2020-01-19,,266,699982,2
1394309,2019-12-29,2020-01-19,,363,664035,2
1394310,2019-12-29,2020-01-19,,524,443483,2
1394311,2019-12-29,2020-01-19,,566,278131,2
1394312,2019-12-29,2020-01-19,,615,364614,2
1394313,2019-12-29,2020-01-19,,719,163320,2
1394314,2019-12-29,2020-01-19,,768,624024,2
1394315,2019-12-29,2020-01-19,,788,799628,2
1394316,2019-12-29,2020-01-19,,820,453988,2
1394317,2019-12-29,2020-01-19,,836,843153,2
1394318,2019-12-29,2020-01-19,,900,17271,2
1394319,2019-12-29,2020-01-19,,1081,671044,2
1394320,2019-12-29,2020-01-19,,1081,785154,2
1394321,2019-12-29,2020-01-19,,1118,484095,2
1394322,2019-12-29,2020-01-19,,1178,882928,2
1394323,2019-12-29,2020-01-19,,1220,851710,2
1394324,2019-12-29,2020-01-19,,1247,621699,2
1394325,2019-12-29,2020-01-19,,1447,504942,2
1394326,2019-12-29,2020-01-19,,1497,258705,2
1394327,2019-12-29,2020-01-19,,1542,283060,2
1394328,2019-12-29,2020-01-19,,1542,453575,2
1394329,2019-12-29,2020-01-19,,1542,512335,2
1394330,2019-12-29,2020-01-19,,1542,538579,2
1394331,2019-12-29,2020-01-19,,1542,944358,2
1394332,2019-12-29,2020-01-19,,1570,198159,2
1394333,2019-12-29,2020-01-19,,1739,38908,2
1394334,2019-12-29,2020-01-19,,1739,129756,2
1394335,2019-12-29,2020-01-19,,1770,823783,2
1394336,2019-12-29,2020-01-19,,1859,777583,2
1394337,2019-12-29,2020-01-19,,1859,887834,2
1394338,2019-12-29,2020-01-19,,1878,542780,2
1394339,2019-12-29,2020-01-19,,1895,853467,2
1394340,2019-12-29,2020-01-19,,2022,279470,2
1394341,2019-12-29,2020-01-19,,2022,639529,2
1394342,2019-12-29,2020-01-19,,2478,763994,2
1394343,2019-12-29,2020-01-19,,2526,645987,2
1394344,2019-12-29,2020-01-19,,2526,798108,2
1394345,2019-12-29,2020-01-19,,2597,566199,2
1394346,2019-12-29,2020-01-19,,2597,785799,2
1394347,2019-12-29,2020-01-19,,2641,667441,2
1394348,2019-12-29,2020-01-19,,2780,633355,2
1394349,2019-12-29,2020-01-19,,2939,181911,2
1394350,2019-12-29,2020-01-19,,2941,222871,2
1394351,2019-12-29,2020-01-19,,2965,385473,2
1394352,2019-12-29,2020-01-19,,3062,223013,2
1394353,2019-12-29,2020-01-19,,3194,697053,2
1394354,2019-12-29,2020-01-19,,3231,499166,2
1394355,2019-12-29,2020-01-19,,3277,65328,2
1394356,2019-12-29,2020-01-19,,3351,26844,2
1394357,2019-12-29,2020-01-19,,3457,358614,2
1394358,2019-12-29,2020-01-19,,3743,114051,2
1394359,2019-12-29,2020-01-19,,3815,293603,2
1394360,2019-12-29,2020-01-19,,3815,628914,2
1394361,2019-12-29,2020-01-19,,3819,267737,2
1394362,2019-12-29,2020-01-19,,3858,108083,2
1394363,2019-12-29,2020-01-19,,4137,263177,2
1394364,2019-12-29,2020-01-19,,4181,845006,2
1394365,2019-12-29,2020-01-19,,4275,469299,2
1394366,2019-12-29,2020-01-19,,4370,853375,2
1394367,2019-12-29,2020-01-19,,4769,327282,2
1394368,2019-12-29,2020-01-19,,4918,454143,2
1394369,2019-12-29,2020-01-19,,5069,699912,2
1394370,2019-12-29,2020-01-19,,5069,823398,2
1394371,2019-12-29,2020-01-19,,5089,802746,2
1394372,2019-12-29,2020-01-19,,5164,335886,2
1394373,2019-12-29,2020-01-19,,5164,836499,2
1394374,2019-12-29,2020-01-19,,5174,241655,2
1394375,2019-12-29,2020-01-19,,5243,83432,2
1394376,2019-12-29,2020-01-19,,5287,461604,2
1394377,2019-12-29,2020-01-19,,5403,941743,2
1394378,2019-12-29,2020-01-19,,5460,425918,2
1394379,2019-12-29,2020-01-19,,5638,114119,2
1394380,2019-12-29,2020-01-19,,5814,788455,2
1394381,2019-12-29,2020-01-19,,5825,831525,2
1394382,2019-12-29,2020-01-19,,5908,122006,2
1394383,2019-12-29,2020-01-19,,5908,306944,2
1394384,2019-12-29,2020-01-19,,5908,923654,2
1394385,2019-12-29,2020-01-19,,5939,929943,2
1394386,2019-12-29,2020-01-19,,6211,132059,2
1394387,2019-12-29,2020-01-19,,6211,572091,2
1394388,2019-12-29,2020-01-19,,6211,654228,2
1394389,2019-12-29,2020-01-19,,6619,451065,2
1394390,2019-12-29,2020-01-19,,6696,541956,2
1394391,2019-12-29,2020-01-19,,6725,244970,2
1394392,2019-12-29,2020-01-19,,6725,281683,2
1394393,2019-12-29,2020-01-19,,6739,886758,2
1394394,2019-12-29,2020-01-19,,6819,543301,2
1394395,2019-12-29,2020-01-19,,6857,490710,2
1394396,2019-12-29,2020-01-19,,6883,227439,2
1394397,2019-12-29,2020-01-19,,7075,778659,2
1394398,2019-12-29,2020-01-19,,7121,82267,2
1394399,2019-12-29,2020-01-19,,7167,219675,2
1394400,2019-12-29,2020-01-19,,7257,747996,2
1394401,2019-12-29,2020-01-19,,7352,867754,2
1394402,2019-12-29,2020-01-19,,7431,558740,2
1394403,2019-12-29,2020-01-19,,7844,82198,2
1394404,2019-12-29,2020-01-19,,7904,47011,2
1394405,2019-12-29,2020-01-19,,7904,417029,2
1394406,2019-12-29,2020-01-19,,7904,750478,2
1394407,2019-12-29,2020-01-19,,7904,785804,2
1394408,2019-12-29,2020-01-19,,7956,273569,2
1394409,2019-12-29,2020-01-19,,7988,499700,2
1394410,2019-12-29,2020-01-19,,8145,897219,2
1394411,2019-12-29,2020-01-19,,8156,400975,2
1394412,2019-12-29,2020-01-19,,8289,694738,2
1394413,2019-12-29,2020-01-19,,8335,916357,2
1394414,2019-12-29,2020-01-19,,8415,785958,2
1394415,2019-12-29,2020-01-19,,8451,344971,2
1394416,2019-12-29,2020-01-19,,8494,163806,2
1394417,2019-12-29,2020-01-19,,8809,681656,2
1394418,2019-12-29,2020-01-19,,9048,432605,2
1394419,2019-12-29,2020-01-19,,9195,791793,2
1394420,2019-12-29,2020-01-19,,9211,634766,2
1394421,2019-12-29,2020-01-19,,9294,399810,2
1394422,2019-12-29,2020-01-19,,9303,603346,2
1394423,2019-12-29,2020-01-19,,9315,582785,2
1394424,2019-12-29,2020-01-19,,9427,836496,2
1394425,2019-12-29,2020-01-19,,9736,454978,2
1394426,2019-12-29,2020-01-19,,10080,635394,2
1394427,2019-12-29,2020-01-19,,10302,346182,2
1394428,2019-12-29,2020-01-19,,10432,331618,2
1394429,2019-12-29,2020-01-19,,10602,624160,2
1394430,2019-12-29,2020-01-19,,10824,228105,2
1394431,2019-12-29,2020-01-19,,10845,895298,2
1394432,2019-12-29,2020-01-19,,10924,479556,2
1394433,2019-12-29,2020-01-19,,11034,817824,2
1394434,2019-12-29,2020-01-19,,11070,275116,2
1394435,2019-12-29,2020-01-19,,11134,318643,2
1394436,2019-12-29,2020-01-19,,11138,504040,2
1394437,2019-12-29,2020-01-19,,11439,23356,2
1394438,2019-12-29,2020-01-19,,11738,599585,2
1394439,2019-12-29,2020-01-19,,11823,146858,2
1394440,2019-12-29,2020-01-19,,12015,766579,2
1394441,2019-12-29,2020-01-19,,12225,354603,2
1394442,2019-12-29,2020-01-19,,12442,612233,2
1394443,2019-12-29,2020-01-19,,12488,175549,2
1394444,2019-12-29,2020-01-19,,12628,485102,2
1394445,2019-12-29,2020-01-19,,12656,386397,2
1394446,2019-12-29,2020-01-19,,12840,944636,2
1394447,2019-12-29,2020-01-19,,12846,255444,2
1394448,2019-12-29,2020-01-19,,12849,298997,2
1394449,2019-12-29,2020-01-19,,12872,398322,2
1394450,2019-12-29,2020-01-19,,12997,602154,2
1394451,2019-12-29,2020-01-19,,13087,488125,2
1394452,2019-12-29,2020-01-19,,13087,924704,2
1394453,2019-12-29,2020-01-19,,13087,952743,2
1394454,2019-12-29,2020-01-19,,13185,321376,2
1394455,2019-12-29,2020-01-19,,13292,757624,2
1394456,2019-12-29,2020-01-19,,13346,241020,2
1394457,2019-12-29,2020-01-19,,13387,846471,2
1394458,2019-12-29,2020-01-19,,13530,620942,2
1394459,2019-12-29,2020-01-19,,13547,794709,2
1394460,2019-12-29,2020-01-19,,13548,88013,2
1394461,2019-12-29,2020-01-19,,13548,138539,2
1394462,2019-12-29,2020-01-19,,13644,422507,2
1394463,2019-12-29,2020-01-19,,13833,599387,2
1394464,2019-12-29,2020-01-19,,13901,759370,2
1394465,2019-12-29,2020-01-19,,13944,557595,2
1394466,2019-12-29,2020-01-19,,13944,579121,2
1394467,2019-12-29,2020-01-19,,14071,149847,2
1394468,2019-12-29,2020-01-19,,14185,565184,2
1394469,2019-12-29,2020-01-19,,14222,86439,2
1394470,2019-12-29,2020-01-19,,14252,925579,2
1394471,2019-12-29,2020-01-19,,14369,153761,2
1394472,2019-12-29,2020-01-19,,14385,240636,2
1394473,2019-12-29,2020-01-19,,14467,877749,2
1394474,2019-12-29,2020-01-19,,14764,111968,2
1394475,2019-12-29,2020-01-19,,14867,290986,2
1394476,2019-12-29,2020-01-19,,15033,405777,2
1394477,2019-12-29,2020-01-19,,15132,170690,2
1394478,2019-12-29,2020-01-19,,15140,104311,2
1394479,2019-12-29,2020-01-19,,15308,31078,2
1394480,2019-12-29,2020-01-19,,15308,247501,2
1394481,2019-12-29,2020-01-19,,15689,953543,2
1394482,2019-12-29,2020-01-19,,15803,73471,2
1394483,2019-12-29,2020-01-19,,15835,469379,2
1394484,2019-12-29,2020-01-19,,15929,456570,2
1394485,2019-12-29,2020-01-19,,16133,536630,2
1394486,2019-12-29,2020-01-19,,16323,458827,2
1394487,2019-12-29,2020-01-19,,16464,315991,2
1394488,2019-12-29,2020-01-19,,17178,330063,2
1394489,2019-12-29,2020-01-19,,17321,648958,2
1394490,2019-12-29,2020-01-19,,17500,137262,2
1394491,2019-12-29,2020-01-19,,17607,469450,2
1394492,2019-12-29,2020-01-19,,17948,270372,2
1394493,2019-12-29,2020-01-19,,18250,172662,2
1394494,2019-12-29,2020-01-19,,18557,311451,2
1394495,2019-12-29,2020-01-19,,18622,811179,2
1394496,2019-12-29,2020-01-19,,18717,882690,2
1394497,2019-12-29,2020-01-19,,18763,943476,2
1394498,2019-12-29,2020-01-19,,18950,869971,2
1394499,2019-12-29,2020-01-19,,18975,335114,2
1394500,2019-12-29,2020-01-19,,18975,780793,2
1394501,2019-12-29,2020-01-19,,18983,611195,2
1394502,2019-12-29,2020-01-19,,19235,517338,2
1394503,2019-12-29,2020-01-19,,19521,305192,2
1394504,2019-12-29,2020-01-19,,19537,312851,2
1394505,2019-12-29,2020-01-19,,19537,867516,2
1394506,2019-12-29,2020-01-19,,19626,195210,2
1394507,2019-12-29,2020-01-19,,19626,300992,2
1394508,2019-12-29,2020-01-19,,19626,451600,2
1394509,2019-12-29,2020-01-19,,19626,658244,2
1394510,2019-12-29,2020-01-19,,19626,678075,2
1394511,2019-12-29,2020-01-19,,19626,700591,2
1394512,2019-12-29,2020-01-19,,19626,803814,2
1394513,2019-12-29,2020-01-19,,19658,550556,2
1394514,2019-12-29,2020-01-19,,19747,633576,2
1394515,2019-12-29,2020-01-19,,19794,476160,2
1394516,2019-12-29,2020-01-19,,19926,585036,2
1394517,2019-12-29,2020-01-19,,20198,712778,2
1394518,2019-12-29,2020-01-19,,20422,165478,2
1394519,2019-12-29,2020-01-19,,20795,933729,2
1394520,2019-12-29,2020-01-19,,20909,340130,2
1394521,2019-12-29,2020-01-19,,20980,80094,2
1394522,2019-12-29,2020-01-19,,20993,584134,2
1394523,2019-12-29,2020-01-19,,21182,874896,2
1394524,2019-12-29,2020-01-19,,21208,498897,2
1394525,2019-12-29,2020-01-19,,21208,849157,2
1394526,2019-12-29,2020-01-19,,21214,98786,2
1394527,2019-12-29,2020-01-19,,21275,713913,2
1394528,2019-12-29,2020-01-19,,21364,851619,2
1394529,2019-12-29,2020-01-19,,21581,900526,2
1394530,2019-12-29,2020-01-19,,21598,162764,2
1394531,2019-12-29,2020-01-19,,21759,43832,2
1394532,2019-12-29,2020-01-19,,21765,474415,2
1394533,2019-12-29,2020-01-19,,21765,540502,2
1394534,2019-12-29,2020-01-19,,21993,452791,2
1394535,2019-12-29,2020-01-19,,22001,560750,2
1394536,2019-12-29,2020-01-19,,22144,702007,2
1394537,2019-12-29,2020-01-19,,22272,454078,2
1394538,2019-12-29,2020-01-19,,22295,153663,2
1394539,2019-12-29,2020-01-19,,22428,600014,2
1394540,2019-12-29,2020-01-19,,22526,600904,2
1394541,2019-12-29,2020-01-19,,22531,248862,2
1394542,2019-12-29,2020-01-19,,22630,150089,2
1394543,2019-12-29,2020-01-19,,22724,556961,2
1394544,2019-12-29,2020-01-19,,22736,162125,2
1394545,2019-12-29,2020-01-19,,22921,815306,2
1394546,2019-12-29,2020-01-19,,22966,942811,2
1394547,2019-12-29,2020-01-19,,23183,530413,2
1394548,2019-12-29,2020-01-19,,23187,74630,2
1394549,2019-12-29,2020-01-19,,23267,948088,2
1394550,2019-12-29,2020-01-19,,23277,118237,2
1394551,2019-12-29,2020-01-19,,23415,905610,2
1394552,2019-12-29,2020-01-19,,24015,104371,2
1394553,2019-12-29,2020-01-19,,24015,621700,2
1394554,2019-12-29,2020-01-19,,24048,736169,2
1394555,2019-12-29,2020-01-19,,24365,222923,2
1394556,2019-12-29,2020-01-19,,24415,112112,2
1394557,2019-12-29,2020-01-19,,24415,832375,2
1394558,2019-12-29,2020-01-19,,24747,136810,2
1394559,2019-12-29,2020-01-19,,24750,104198,2
1394560,2019-12-29,2020-01-19,,24750,382620,2
1394561,2019-12-29,2020-01-19,,24971,652584,2
1394562,2019-12-29,2020-01-19,,25046,420506,2
1394563,2019-12-29,2020-01-19,,25335,203053,2
1394564,2019-12-29,2020-01-19,,25421,846986,2
1394565,2019-12-29,2020-01-19,,25503,103930,2
1394566,2019-12-29,2020-01-19,,25666,80810,2
1394567,2019-12-29,2020-01-19,,25822,904534,2
1394568,2019-12-29,2020-01-19,,25827,455863,2
1394569,2019-12-29,2020-01-19,,25964,191406,2
1394570,2019-12-29,2020-01-19,,25991,169720,2
1394571,2019-12-29,2020-01-19,,25999,769016,2
1394572,2019-12-29,2020-01-19,,26306,482226,2
1394573,2019-12-29,2020-01-19,,26338,182191,2
1394574,2019-12-29,2020-01-19,,26359,648321,2
1394575,2019-12-29,2020-01-19,,26480,927252,2
1394576,2019-12-29,2020-01-19,,26504,21854,2
1394577,2019-12-29,2020-01-19,,26504,627911,2
1394578,2019-12-29,2020-01-19,,26504,698752,2
1394579,2019-12-29,2020-01-19,,26584,147643,2
1394580,2019-12-29,2020-01-19,,26584,253510,2
1394581,2019-12-29,2020-01-19,,26584,872020,2
1394582,2019-12-29,2020-01-19,,26930,745423,2
1394583,2019-12-29,2020-01-19,,26966,140340,2
1394584,2019-12-29,2020-01-19,,26966,441957,2
1394585,2019-12-29,2020-01-19,,26970,686287,2
1394586,2019-12-29,2020-01-19,,27181,240821,2
1394587,2019-12-29,2020-01-19,,27215,474022,2
1394588,2019-12-29,2020-01-19,,27340,344131,2
1394589,2019-12-29,2020-01-19,,27346,361058,2
1394590,2019-12-29,2020-01-19,,27521,449409,2
1394591,2019-12-29,2020-01-19,,27521,683270,2
1394592,2019-12-29,2020-01-19,,27521,875770,2
1394593,2019-12-29,2020-01-19,,27602,498212,2
1394594,2019-12-29,2020-01-19,,27729,453119,2
1394595,2019-12-29,2020-01-19,,27884,147623,2
1394596,2019-12-29,2020-01-19,,27887,633959,2
1394597,2019-12-29,2020-01-19,,28075,193337,2
1394598,2019-12-29,2020-01-19,,28450,560580,2
1394599,2019-12-29,2020-01-19,,28462,61526,2
1394600,2019-12-29,2020-01-19,,28462,518051,2
1394601,2019-12-29,2020-01-19,,28469,876775,2
1394602,2019-12-29,2020-01-19,,28571,303865,2
1394603,2019-12-29,2020-01-19,,28571,411471,2
1394604,2019-12-29,2020-01-19,,28571,901061,2
1394605,2019-12-29,2020-01-19,,28658,383094,2
1394606,2019-12-29,2020-01-19,,28774,806931,2
1394607,2019-12-29,2020-01-19,,28803,833954,2
1394608,2019-12-29,2020-01-19,,28962,823078,2
1394609,2019-12-29,2020-01-19,,28994,218676,2
1394610,2019-12-29,2020-01-19,,29046,263371,2
1394611,2019-12-29,2020-01-19,,29237,438901,2
1394612,2019-12-29,2020-01-19,,29429,317589,2
1394613,2019-12-29,2020-01-19,,29437,57847,2
1394614,2019-12-29,2020-01-19,,29531,562276,2
1394615,2019-12-29,2020-01-19,,29593,184521,2
1394616,2019-12-29,2020-01-19,,29703,934551,2
1394617,2019-12-29,2020-01-19,,29755,826331,2
1394618,2019-12-29,2020-01-19,,29780,548226,2
1394619,2019-12-29,2020-01-19,,30218,691235,2
1394620,2019-12-29,2020-01-19,,30260,239870,2
1394621,2019-12-29,2020-01-19,,30485,142351,2
1394622,2019-12-29,2020-01-19,,30554,26165,2
1394623,2019-12-29,2020-01-19,,30647,761366,2
1394624,2019-12-29,2020-01-19,,30652,386195,2
1394625,2019-12-29,2020-01-19,,30762,806669,2
1394626,2019-12-29,2020-01-19,,30822,483183,2
1394627,2019-12-29,2020-01-19,,30863,298556,2
1394628,2019-12-29,2020-01-19,,30874,411495,2
1394629,2019-12-29,2020-01-19,,30878,610348,2
1394630,2019-12-29,2020-01-19,,31228,282595,2
1394631,2019-12-29,2020-01-19,,31334,588593,2
1394632,2019-12-29,2020-01-19,,31367,235338,2
1394633,2019-12-29,2020-01-19,,31396,269665,2
1394634,2019-12-29,2020-01-19,,31523,211999,2
1394635,2019-12-29,2020-01-19,,31663,411645,2
1394636,2019-12-29,2020-01-19,,31720,618478,2
1394637,2019-12-29,2020-01-19,,31746,760248,2
1394638,2019-12-29,2020-01-19,,31842,760097,2
1394639,2019-12-29,2020-01-19,,31882,384619,2
1394640,2019-12-29,2020-01-19,,31882,435219,2
1394641,2019-12-29,2020-01-19,,32091,186927,2
1394642,2019-12-29,2020-01-19,,32166,252486,2
1394643,2019-12-29,2020-01-19,,32166,541208,2
1394644,2019-12-29,2020-01-19,,32166,701042,2
1394645,2019-12-29,2020-01-19,,32196,740989,2
1394646,2019-12-29,2020-01-19,,32222,869665,2
1394647,2019-12-29,2020-01-19,,32246,514941,2
1394648,2019-12-29,2020-01-19,,32393,247906,2
1394649,2019-12-29,2020-01-19,,32536,491002,2
1394650,2019-12-29,2020-01-19,,32536,866642,2
1394651,2019-12-29,2020-01-19,,32724,241500,2
1394652,2019-12-29,2020-01-19,,32891,5704,2
1394653,2019-12-29,2020-01-19,,33096,795953,2
1394654,2019-12-29,2020-01-19,,33208,930447,2
1394655,2019-12-29,2020-01-19,,33376,493795,2
1394656,2019-12-29,2020-01-19,,33546,675634,2
1394657,2019-12-29,2020-01-19,,33687,910611,2
1394658,2019-12-29,2020-01-19,,33697,163974,2
1394659,2019-12-29,2020-01-19,,33798,682968,2
1394660,2019-12-29,2020-01-19,,34072,583066,2
1394661,2019-12-29,2020-01-19,,34074,135212,2
1394662,2019-12-29,2020-01-19,,34074,412456,2
1394663,2019-12-29,2020-01-19,,34458,492840,2
1394664,2019-12-29,2020-01-19,,34809,815292,2
1394665,2019-12-29,2020-01-19,,34850,387350,2
1394666,2019-12-29,2020-01-19,,34969,418841,2
1394667,2019-12-29,2020-01-19,,35031,403699,2
1394668,2019-12-29,2020-01-19,,35087,669563,2
1394669,2019-12-29,2020-01-19,,35109,383449,2
1394670,2019-12-29,2020-01-19,,35254,14521,2
1394671,2019-12-29,2020-01-19,,35343,23481,2
1394672,2019-12-29,2020-01-19,,35392,518583,2
1394673,2019-12-29,2020-01-19,,35499,148419,2
1394674,2019-12-29,2020-01-19,,35603,289023,2
1394675,2019-12-29,2020-01-19,,35661,669848,2
1394676,2019-12-29,2020-01-19,,35693,362199,2
1394677,2019-12-29,2020-01-19,,35762,717393,2
1394678,2019-12-29,2020-01-19,,35839,758161,2
1394679,2019-12-29,2020-01-19,,35876,242069,2
1394680,2019-12-29,2020-01-19,,35882,561367,2
1394681,2019-12-29,2020-01-19,,35887,782864,2
1394682,2019-12-29,2020-01-19,,36157,138593,2
1394683,2019-12-29,2020-01-19,,36157,551761,2
1394684,2019-12-29,2020-01-19,,36157,623241,2
1394685,2019-12-29,2020-01-19,,36227,204733,2
1394686,2019-12-29,2020-01-19,,36343,585887,2
1394687,2019-12-29,2020-01-19,,36406,231235,2
1394688,2019-12-29,2020-01-19,,36458,356314,2
1394689,2019-12-29,2020-01-19,,36547,754793,2
1394690,2019-12-29,2020-01-19,,36716,231398,2
1394691,2019-12-29,2020-01-19,,37044,180558,2
1394692,2019-12-29,2020-01-19,,37053,516107,2
1394693,2019-12-29,2020-01-19,,37053,857884,2
1394694,2019-12-29,2020-01-19,,37187,2782,2
1394695,2019-12-29,2020-01-19,,37261,773858,2
1394696,2019-12-29,2020-01-19,,37291,791187,2
1394697,2019-12-29,2020-01-19,,37483,489470,2
1394698,2019-12-29,2020-01-19,,37611,667790,2
1394699,2019-12-29,2020-01-19,,37735,816330,2
1394700,2019-12-29,2020-01-19,,37767,581025,2
1394701,2019-12-29,2020-01-19,,38258,578520,2
1394702,2019-12-29,2020-01-19,,38359,954271,2
1394703,2019-12-29,2020-01-19,,38440,6988,2
1394704,2019-12-29,2020-01-19,,38906,502543,2
1394705,2019-12-29,2020-01-19,,38933,660720,2
1394706,2019-12-29,2020-01-19,,38937,761188,2
1394707,2019-12-29,2020-01-19,,38937,774083,2
1394708,2019-12-29,2020-01-19,,38954,372498,2
1394709,2019-12-29,2020-01-19,,39062,907099,2
1394710,2019-12-29,2020-01-19,,39063,171005,2
1394711,2019-12-29,2020-01-19,,39099,183224,2
1394712,2019-12-29,2020-01-19,,39146,513851,2
1394713,2019-12-29,2020-01-19,,39214,443647,2
1394714,2019-12-29,2020-01-19,,39437,887335,2
1394715,2019-12-29,2020-01-19,,39445,350910,2
1394716,2019-12-29,2020-01-19,,39901,915113,2
1394717,2019-12-29,2020-01-19,,39923,610799,2
1394718,2019-12-29,2020-01-19,,39986,740953,2
1394719,2019-12-29,2020-01-19,,39988,350340,2
1394720,2019-12-29,2020-01-19,,39988,526894,2
1394721,2019-12-29,2020-01-19,,40466,78603,2
1394722,2019-12-29,2020-01-19,,40466,829682,2
1394723,2019-12-29,2020-01-19,,40718,33541,2
1394724,2019-12-29,2020-01-19,,40883,333554,2
1394725,2019-12-29,2020-01-19,,40902,156729,2
1394726,2019-12-29,2020-01-19,,41174,355002,2
1394727,2019-12-29,2020-01-19,,41255,232909,2
1394728,2019-12-29,2020-01-19,,41486,702850,2
1394729,2019-12-29,2020-01-19,,41545,933697,2
1394730,2019-12-29,2020-01-19,,41588,352336,2
1394731,2019-12-29,2020-01-19,,41890,97828,2
1394732,2019-12-29,2020-01-19,,41941,505438,2
1394733,2019-12-29,2020-01-19,,42118,190030,2
1394734,2019-12-29,2020-01-19,,42170,358138,2
1394735,2019-12-29,2020-01-19,,42258,475626,2
1394736,2019-12-29,2020-01-19,,42286,293604,2
1394737,2019-12-29,2020-01-19,,42294,903320,2
1394738,2019-12-29,2020-01-19,,42449,767144,2
1394739,2019-12-29,2020-01-19,,42574,867183,2
1394740,2019-12-29,2020-01-19,,42608,224928,2
1394741,2019-12-29,2020-01-19,,42772,104249,2
1394742,2019-12-29,2020-01-19,,42814,269432,2
1394743,2019-12-29,2020-01-19,,43146,124480,2
1394744,2019-12-29,2020-01-19,,43155,743446,2
1394745,2019-12-29,2020-01-19,,43209,147644,2
1394746,2019-12-29,2020-01-19,,43209,306547,2
1394747,2019-12-29,2020-01-19,,43209,622578,2
1394748,2019-12-29,2020-01-19,,43333,389466,2
1394749,2019-12-29,2020-01-19,,43381,890422,2
1394750,2019-12-29,2020-01-19,,43416,689747,2
1394751,2019-12-29,2020-01-19,,43518,258439,2
1394752,2019-12-29,2020-01-19,,43518,846626,2
1394753,2019-12-29,2020-01-19,,43564,71099,2
1394754,2019-12-29,2020-01-19,,43750,622350,2
1394755,2019-12-29,2020-01-19,,43856,923339,2
1394756,2019-12-29,2020-01-19,,43930,399819,2
1394757,2019-12-29,2020-01-19,,43954,926794,2
1394758,2019-12-29,2020-01-19,,44242,41571,2
1394759,2019-12-29,2020-01-19,,44242,656925,2
1394760,2019-12-29,2020-01-19,,44471,793294,2
1394761,2019-12-29,2020-01-19,,44506,795901,2
1394762,2019-12-29,2020-01-19,,44605,564783,2
1394763,2019-12-29,2020-01-19,,44662,627757,2
1394764,2019-12-29,2020-01-19,,44907,346704,2
1394765,2019-12-29,2020-01-19,,44912,661153,2
1394766,2019-12-29,2020-01-19,,45089,400471,2
1394767,2019-12-29,2020-01-19,,45138,617402,2
1394768,2019-12-29,2020-01-19,,45238,900749,2
1394769,2019-12-29,2020-01-19,,45282,264705,2
1394770,2019-12-29,2020-01-19,,45559,342529,2
1394771,2019-12-29,2020-01-19,,45629,820928,2
1394772,2019-12-29,2020-01-19,,45649,525692,2
1394773,2019-12-29,2020-01-19,,45728,602256,2
1394774,2019-12-29,2020-01-19,,45741,813805,2
1394775,2019-12-29,2020-01-19,,45882,693801,2
1394776,2019-12-29,2020-01-19,,45896,412095,2
1394777,2019-12-29,2020-01-19,,46085,480658,2
1394778,2019-12-29,2020-01-19,,46125,499659,2
1394779,2019-12-29,2020-01-19,,46125,630785,2
1394780,2019-12-29,2020-01-19,,46182,425963,2
1394781,2019-12-29,2020-01-19,,46251,167658,2
1394782,2019-12-29,2020-01-19,,46251,364761,2
1394783,2019-12-29,2020-01-19,,46251,480728,2
1394784,2019-12-29,2020-01-19,,46251,689186,2
1394785,2019-12-29,2020-01-19,,46270,94376,2
1394786,2019-12-29,2020-01-19,,46270,700627,2
1394787,2019-12-29,2020-01-19,,46270,741978,2
1394788,2019-12-29,2020-01-19,,46270,924045,2
1394789,2019-12-29,2020-01-19,,46395,842470,2
1394790,2019-12-29,2020-01-19,,46443,852691,2
1394791,2019-12-29,2020-01-19,,46465,316910,2
1394792,2019-12-29,2020-01-19,,46530,290107,2
1394793,2019-12-29,2020-01-19,,46530,369962,2
1394794,2019-12-29,2020-01-19,,46530,720197,2
1394795,2019-12-29,2020-01-19,,46635,679759,2
1394796,2019-12-29,2020-01-19,,46805,814529,2
1394797,2019-12-29,2020-01-19,,46964,512441,2
1394798,2019-12-29,2020-01-19,,47020,279061,2
1394799,2019-12-29,2020-01-19,,47029,511838,2
1394800,2019-12-29,2020-01-19,,47177,43650,2
1394801,2019-12-29,2020-01-19,,47220,604931,2
1394802,2019-12-29,2020-01-19,,47220,906343,2
1394803,2019-12-29,2020-01-19,,47436,264433,2
1394804,2019-12-29,2020-01-19,,47638,704734,2
1394805,2019-12-29,2020-01-19,,47659,859720,2
1394806,2019-12-29,2020-01-19,,47758,557313,2
1394807,2019-12-29,2020-01-19,,47825,782842,2
1394808,2019-12-29,2020-01-19,,47928,486075,2
1394809,2019-12-29,2020-01-19,,48162,405309,2
1394810,2019-12-29,2020-01-19,,48253,447058,2
1394811,2019-12-29,2020-01-19,,48435,924749,2
1394812,2019-12-29,2020-01-19,,48461,598516,2
1394813,2019-12-29,2020-01-19,,48547,49508,2
1394814,2019-12-29,2020-01-19,,48623,316543,2
1394815,2019-12-29,2020-01-19,,48700,71125,2
1394816,2019-12-29,2020-01-19,,48703,878361,2
1394817,2019-12-29,2020-01-19,,49149,860185,2
1394818,2019-12-29,2020-01-19,,49397,79065,2
1394819,2019-12-29,2020-01-19,,49430,86390,2
1394820,2019-12-29,2020-01-19,,49598,837210,2
1394821,2019-12-29,2020-01-19,,49717,884677,2
1394822,2019-12-29,2020-01-19,,49739,274140,2
1394823,2019-12-29,2020-01-19,,49763,405310,2
1394824,2019-12-29,2020-01-19,,49785,29828,2
1394825,2019-12-29,2020-01-19,,49785,480962,2
1394826,2019-12-29,2020-01-19,,49901,928419,2
1394827,2019-12-29,2020-01-19,,49962,878167,2
1394828,2019-12-29,2020-01-19,,49994,615607,2
1394829,2019-12-29,2020-01-19,,50048,671270,2
1394830,2019-12-29,2020-01-19,,50093,423437,2
1394831,2019-12-29,2020-01-19,,50335,132136,2
1394832,2019-12-29,2020-01-19,,50505,245218,2
1394833,2019-12-29,2020-01-19,,50679,306792,2
1394834,2019-12-29,2020-01-19,,50692,860408,2
1394835,2019-12-29,2020-01-19,,50921,638813,2
1394836,2019-12-29,2020-01-19,,51029,858704,2
1394837,2019-12-29,2020-01-19,,51038,900191,2
1394838,2019-12-29,2020-01-19,,51108,494581,2
1394839,2019-12-29,2020-01-19,,51232,137219,2
1394840,2019-12-29,2020-01-19,,51285,571621,2
1394841,2019-12-29,2020-01-19,,51307,812300,2
1394842,2019-12-29,2020-01-19,,51349,14860,2
1394843,2019-12-29,2020-01-19,,51454,905847,2
1394844,2019-12-29,2020-01-19,,51532,662624,2
1394845,2019-12-29,2020-01-19,,51532,685165,2
1394846,2019-12-29,2020-01-19,,51548,679158,2
1394847,2019-12-29,2020-01-19,,51571,384571,2
1394848,2019-12-29,2020-01-19,,51613,127100,2
1394849,2019-12-29,2020-01-19,,51699,4543,2
1394850,2019-12-29,2020-01-19,,51851,926388,2
1394851,2019-12-29,2020-01-19,,52083,232108,2
1394852,2019-12-29,2020-01-19,,52188,844449,2
1394853,2019-12-29,2020-01-19,,52231,562471,2
1394854,2019-12-29,2020-01-19,,52305,379459,2
1394855,2019-12-29,2020-01-19,,52446,362250,2
1394856,2019-12-29,2020-01-19,,52456,508852,2
1394857,2019-12-29,2020-01-19,,52465,740997,2
1394858,2019-12-29,2020-01-19,,52634,735860,2
1394859,2019-12-29,2020-01-19,,52647,797171,2
1394860,2019-12-29,2020-01-19,,52685,955873,2
1394861,2019-12-29,2020-01-19,,52762,238909,2
1394862,2019-12-29,2020-01-19,,52821,204887,2
1394863,2019-12-29,2020-01-19,,52821,227727,2
1394864,2019-12-29,2020-01-19,,52821,233763,2
1394865,2019-12-29,2020-01-19,,52821,400308,2
1394866,2019-12-29,2020-01-19,,53153,135391,2
1394867,2019-12-29,2020-01-19,,53170,823071,2
1394868,2019-12-29,2020-01-19,,53420,688211,2
1394869,2019-12-29,2020-01-19,,53540,428913,2
1394870,2019-12-29,2020-01-19,,53540,537708,2
1394871,2019-12-29,2020-01-19,,53560,832682,2
1394872,2019-12-29,2020-01-19,,53572,455347,2
1394873,2019-12-29,2020-01-19,,53619,878755,2
1394874,2019-12-29,2020-01-19,,53797,49473,2
1394875,2019-12-29,2020-01-19,,53797,598688,2
1394876,2019-12-29,2020-01-19,,53932,231637,2
1394877,2019-12-29,2020-01-19,,53996,278599,2
1394878,2019-12-29,2020-01-19,,54052,704689,2
1394879,2019-12-29,2020-01-19,,54254,23357,2
1394880,2019-12-29,2020-01-19,,54403,750160,2
1394881,2019-12-29,2020-01-19,,54540,652936,2
1394882,2019-12-29,2020-01-19,,54732,147624,2
1394883,2019-12-29,2020-01-19,,54778,134194,2
1394884,2019-12-29,2020-01-19,,54778,310540,2
1394885,2019-12-29,2020-01-19,,54827,131475,2
1394886,2019-12-29,2020-01-19,,54915,883223,2
1394887,2019-12-29,2020-01-19,,54922,823684,2
1394888,2019-12-29,2020-01-19,,55008,771564,2
1394889,2019-12-29,2020-01-19,,55217,846493,2
1394890,2019-12-29,2020-01-19,,55241,126414,2
1394891,2019-12-29,2020-01-19,,55267,14434,2
1394892,2019-12-29,2020-01-19,,55331,794891,2
1394893,2019-12-29,2020-01-19,,55502,303191,2
1394894,2019-12-29,2020-01-19,,55527,559008,2
1394895,2019-12-29,2020-01-19,,55532,566336,2
1394896,2019-12-29,2020-01-19,,55646,95022,2
1394897,2019-12-29,2020-01-19,,55758,55702,2
1394898,2019-12-29,2020-01-19,,55760,376106,2
1394899,2019-12-29,2020-01-19,,55764,147115,2
1394900,2019-12-29,2020-01-19,,55884,137845,2
1394901,2019-12-29,2020-01-19,,55942,202807,2
1394902,2019-12-29,2020-01-19,,55942,398499,2
1394903,2019-12-29,2020-01-19,,56219,14743,2
1394904,2019-12-29,2020-01-19,,56219,17682,2
1394905,2019-12-29,2020-01-19,,56219,157067,2
1394906,2019-12-29,2020-01-19,,56219,258692,2
1394907,2019-12-29,2020-01-19,,56219,394071,2
1394908,2019-12-29,2020-01-19,,56219,565996,2
1394909,2019-12-29,2020-01-19,,56219,900750,2
1394910,2019-12-29,2020-01-19,,56397,886327,2
1394911,2019-12-29,2020-01-19,,56468,40906,2
1394912,2019-12-29,2020-01-19,,56873,548002,2
1394913,2019-12-29,2020-01-19,,56887,604492,2
1394914,2019-12-29,2020-01-19,,56909,513947,2
1394915,2019-12-29,2020-01-19,,56916,399798,2
1394916,2019-12-29,2020-01-19,,56983,400017,2
1394917,2019-12-29,2020-01-19,,56998,245359,2
1394918,2019-12-29,2020-01-19,,57055,194010,2
1394919,2019-12-29,2020-01-19,,57084,488317,2
1394920,2019-12-29,2020-01-19,,57377,942783,2
1394921,2019-12-29,2020-01-19,,57520,141537,2
1394922,2019-12-29,2020-01-19,,57548,593282,2
1394923,2019-12-29,2020-01-19,,57686,145594,2
1394924,2019-12-29,2020-01-19,,57686,315235,2
1394925,2019-12-29,2020-01-19,,57686,748210,2
1394926,2019-12-29,2020-01-19,,57793,571454,2
1394927,2019-12-29,2020-01-19,,57972,936221,2
1394928,2019-12-29,2020-01-19,,57988,405356,2
1394929,2019-12-29,2020-01-19,,58056,34367,2
1394930,2019-12-29,2020-01-19,,58213,866310,2
1394931,2019-12-29,2020-01-19,,58308,379966,2
1394932,2019-12-29,2020-01-19,,58372,261121,2
1394933,2019-12-29,2020-01-19,,58392,372592,2
1394934,2019-12-29,2020-01-19,,58487,538168,2
1394935,2019-12-29,2020-01-19,,58553,636051,2
1394936,2019-12-29,2020-01-19,,58639,46537,2
1394937,2019-12-29,2020-01-19,,58666,690647,2
1394938,2019-12-29,2020-01-19,,58670,18586,2
1394939,2019-12-29,2020-01-19,,58759,70848,2
1394940,2019-12-29,2020-01-19,,58804,246175,2
1394941,2019-12-29,2020-01-19,,58804,399811,2
1394942,2019-12-29,2020-01-19,,58804,437993,2
1394943,2019-12-29,2020-01-19,,58804,596868,2
1394944,2019-12-29,2020-01-19,,58804,612142,2
1394945,2019-12-29,2020-01-19,,58868,226420,2
1394946,2019-12-29,2020-01-19,,58868,389607,2
1394947,2019-12-29,2020-01-19,,58970,10641,2
1394948,2019-12-29,2020-01-19,,59030,175132,2
1394949,2019-12-29,2020-01-19,,59030,366450,2
1394950,2019-12-29,2020-01-19,,59030,511917,2
1394951,2019-12-29,2020-01-19,,59030,548255,2
1394952,2019-12-29,2020-01-19,,59142,8168,2
1394953,2019-12-29,2020-01-19,,59423,447797,2
1394954,2019-12-29,2020-01-19,,59585,740230,2
1394955,2019-12-29,2020-01-19,,59711,607128,2
1394956,2019-12-29,2020-01-19,,59720,538681,2
1394957,2019-12-29,2020-01-19,,59739,177288,2
1394958,2019-12-29,2020-01-19,,59739,604878,2
1394959,2019-12-29,2020-01-19,,59739,821690,2
1394960,2019-12-29,2020-01-19,,59758,302990,2
1394961,2019-12-29,2020-01-19,,59827,152649,2
1394962,2019-12-29,2020-01-19,,59850,234971,2
1394963,2019-12-29,2020-01-19,,59878,671418,2
1394964,2019-12-29,2020-01-19,,60033,842766,2
1394965,2019-12-29,2020-01-19,,60314,449384,2
1394966,2019-12-29,2020-01-19,,60314,479256,2
1394967,2019-12-29,2020-01-19,,60618,775848,2
1394968,2019-12-29,2020-01-19,,60621,756954,2
1394969,2019-12-29,2020-01-19,,60762,649929,2
1394970,2019-12-29,2020-01-19,,60841,457648,2
1394971,2019-12-29,2020-01-19,,60907,682806,2
1394972,2019-12-29,2020-01-19,,60935,869607,2
1394973,2019-12-29,2020-01-19,,61022,997,2
1394974,2019-12-29,2020-01-19,,61124,719967,2
1394975,2019-12-29,2020-01-19,,61130,285061,2
1394976,2019-12-29,2020-01-19,,61157,408557,2
1394977,2019-12-29,2020-01-19,,61315,522664,2
1394978,2019-12-29,2020-01-19,,61354,48443,2
1394979,2019-12-29,2020-01-19,,61357,933223,2
1394980,2019-12-29,2020-01-19,,61421,600020,2
1394981,2019-12-29,2020-01-19,,61425,808714,2
1394982,2019-12-29,2020-01-19,,61547,176445,2
1394983,2019-12-29,2020-01-19,,61551,658995,2
1394984,2019-12-29,2020-01-19,,61608,930412,2
1394985,2019-12-29,2020-01-19,,61630,675978,2
1394986,2019-12-29,2020-01-19,,61648,842441,2
1394987,2019-12-29,2020-01-19,,61986,215489,2
1394988,2019-12-29,2020-01-19,,62016,585310,2
1394989,2019-12-29,2020-01-19,,62019,726259,2
1394990,2019-12-29,2020-01-19,,62335,551531,2
1394991,2019-12-29,2020-01-19,,62442,848838,2
1394992,2019-12-29,2020-01-19,,62513,122603,2
1394993,2019-12-29,2020-01-19,,62576,371040,2
1394994,2019-12-29,2020-01-19,,62579,758441,2
1394995,2019-12-29,2020-01-19,,62626,702256,2
1394996,2019-12-29,2020-01-19,,62719,46891,2
1394997,2019-12-29,2020-01-19,,62719,234018,2
1394998,2019-12-29,2020-01-19,,62719,275326,2
1394999,2019-12-29,2020-01-19,,62719,297676,2
1395000,2019-12-29,2020-01-19,,62719,398782,2
1395001,2019-12-29,2020-01-19,,62719,463172,2
1395002,2019-12-29,2020-01-19,,62719,501263,2
1395003,2019-12-29,2020-01-19,,62719,657091,2
1395004,2019-12-29,2020-01-19,,62719,738583,2
1395005,2019-12-29,2020-01-19,,62719,760073,2
1395006,2019-12-29,2020-01-19,,62719,813369,2
1395007,2019-12-29,2020-01-19,,62719,918702,2
1395008,2019-12-29,2020-01-19,,62763,532602,2
1395009,2019-12-29,2020-01-19,,63172,443492,2
1395010,2019-12-29,2020-01-19,,63182,606910,2
1395011,2019-12-29,2020-01-19,,63242,439672,2
1395012,2019-12-29,2020-01-19,,63262,96072,2
1395013,2019-12-29,2020-01-19,,63262,103967,2
1395014,2019-12-29,2020-01-19,,63345,185400,2
1395015,2019-12-29,2020-01-19,,63796,49188,2
1395016,2019-12-29,2020-01-19,,63982,185207,2
1395017,2019-12-29,2020-01-19,,64193,472574,2
1395018,2019-12-29,2020-01-19,,64225,162909,2
1395019,2019-12-29,2020-01-19,,64285,445645,2
1395020,2019-12-29,2020-01-19,,64372,472230,2
1395021,2019-12-29,2020-01-19,,64436,41065,2
1395022,2019-12-29,2020-01-19,,64436,350425,2
1395023,2019-12-29,2020-01-19,,64463,396749,2
1395024,2019-12-29,2020-01-19,,64469,521130,2
1395025,2019-12-29,2020-01-19,,64519,382623,2
1395026,2019-12-29,2020-01-19,,64532,255649,2
1395027,2019-12-29,2020-01-19,,64574,632571,2
1395028,2019-12-29,2020-01-19,,64601,220832,2
1395029,2019-12-29,2020-01-19,,64659,428362,2
1395030,2019-12-29,2020-01-19,,64790,811517,2
1395031,2019-12-29,2020-01-19,,64793,51616,2
1395032,2019-12-29,2020-01-19,,64898,800338,2
1395033,2019-12-29,2020-01-19,,64958,911538,2
1395034,2019-12-29,2020-01-19,,65036,540297,2
1395035,2019-12-29,2020-01-19,,65043,595428,2
1395036,2019-12-29,2020-01-19,,65068,372354,2
1395037,2019-12-29,2020-01-19,,65077,727100,2
1395038,2019-12-29,2020-01-19,,65249,447990,2
1395039,2019-12-29,2020-01-19,,65332,665531,2
1395040,2019-12-29,2020-01-19,,65442,621601,2
1395041,2019-12-29,2020-01-19,,65442,757028,2
1395042,2019-12-29,2020-01-19,,65518,801003,2
1395043,2019-12-29,2020-01-19,,65520,341580,2
1395044,2019-12-29,2020-01-19,,65557,583255,2
1395045,2019-12-29,2020-01-19,,65566,715232,2
1395046,2019-12-29,2020-01-19,,65689,253716,2
1395047,2019-12-29,2020-01-19,,65689,378202,2
1395048,2019-12-29,2020-01-19,,65769,889960,2
1395049,2019-12-29,2020-01-19,,65796,864819,2
1395050,2019-12-29,2020-01-19,,65796,923161,2
1395051,2019-12-29,2020-01-19,,65863,252210,2
1395052,2019-12-29,2020-01-19,,66011,547318,2
1395053,2019-12-29,2020-01-19,,66166,680347,2
1395054,2019-12-29,2020-01-19,,66167,665289,2
1395055,2019-12-29,2020-01-19,,66167,806487,2
1395056,2019-12-29,2020-01-19,,66385,151428,2
1395057,2019-12-29,2020-01-19,,66691,614683,2
1395058,2019-12-29,2020-01-19,,66815,181920,2
1395059,2019-12-29,2020-01-19,,67121,179382,2
1395060,2019-12-29,2020-01-19,,67193,284070,2
1395061,2019-12-29,2020-01-19,,67356,752879,2
1395062,2019-12-29,2020-01-19,,67493,786136,2
1395063,2019-12-29,2020-01-19,,67497,154352,2
1395064,2019-12-29,2020-01-19,,67628,322944,2
1395065,2019-12-29,2020-01-19,,67780,767808,2
1395066,2019-12-29,2020-01-19,,67900,31090,2
1395067,2019-12-29,2020-01-19,,67984,725874,2
1395068,2019-12-29,2020-01-19,,68012,915062,2
1395069,2019-12-29,2020-01-19,,68027,637203,2
1395070,2019-12-29,2020-01-19,,68067,54866,2
1395071,2019-12-29,2020-01-19,,68220,290386,2
1395072,2019-12-29,2020-01-19,,68247,844167,2
1395073,2019-12-29,2020-01-19,,68312,147872,2
1395074,2019-12-29,2020-01-19,,68355,16450,2
1395075,2019-12-29,2020-01-19,,68406,92353,2
1395076,2019-12-29,2020-01-19,,68406,220247,2
1395077,2019-12-29,2020-01-19,,68523,767879,2
1395078,2019-12-29,2020-01-19,,68534,648937,2
1395079,2019-12-29,2020-01-19,,68534,650421,2
1395080,2019-12-29,2020-01-19,,68624,27562,2
1395081,2019-12-29,2020-01-19,,68624,201718,2
1395082,2019-12-29,2020-01-19,,68624,395619,2
1395083,2019-12-29,2020-01-19,,68624,406536,2
1395084,2019-12-29,2020-01-19,,68967,584465,2
1395085,2019-12-29,2020-01-19,,69075,884103,2
1395086,2019-12-29,2020-01-19,,69110,128037,2
1395087,2019-12-29,2020-01-19,,69273,475899,2
1395088,2019-12-29,2020-01-19,,69334,126979,2
1395089,2019-12-29,2020-01-19,,69334,603219,2
1395090,2019-12-29,2020-01-19,,69334,870486,2
1395091,2019-12-29,2020-01-19,,69365,57103,2
1395092,2019-12-29,2020-01-19,,69515,14339,2
1395093,2019-12-29,2020-01-19,,69530,122056,2
1395094,2019-12-29,2020-01-19,,69641,887826,2
1395095,2019-12-29,2020-01-19,,69663,166083,2
1395096,2019-12-29,2020-01-19,,69989,56406,2
1395097,2019-12-29,2020-01-19,,69996,468913,2
1395098,2019-12-29,2020-01-19,,70041,780699,2
1395099,2019-12-29,2020-01-19,,70080,415185,2
1395100,2019-12-29,2020-01-19,,70080,563512,2
1395101,2019-12-29,2020-01-19,,70164,371224,2
1395102,2019-12-29,2020-01-19,,70172,215206,2
1395103,2019-12-29,2020-01-19,,70175,506612,2
1395104,2019-12-29,2020-01-19,,70289,533851,2
1395105,2019-12-29,2020-01-19,,70365,383082,2
1395106,2019-12-29,2020-01-19,,70445,285996,2
1395107,2019-12-29,2020-01-19,,70663,575064,2
1395108,2019-12-29,2020-01-19,,70664,692536,2
1395109,2019-12-29,2020-01-19,,70665,50923,2
1395110,2019-12-29,2020-01-19,,70697,330359,2
1395111,2019-12-29,2020-01-19,,70728,627964,2
1395112,2019-12-29,2020-01-19,,70809,421357,2
1395113,2019-12-29,2020-01-19,,70885,258002,2
1395114,2019-12-29,2020-01-19,,70903,721155,2
1395115,2019-12-29,2020-01-19,,70970,176080,2
1395116,2019-12-29,2020-01-19,,71015,696537,2
1395117,2019-12-29,2020-01-19,,71044,65804,2
1395118,2019-12-29,2020-01-19,,71044,432174,2
1395119,2019-12-29,2020-01-19,,71044,605340,2
1395120,2019-12-29,2020-01-19,,71044,842886,2
1395121,2019-12-29,2020-01-19,,71044,940606,2
1395122,2019-12-29,2020-01-19,,71091,381440,2
1395123,2019-12-29,2020-01-19,,71144,497318,2
1395124,2019-12-29,2020-01-19,,71200,888192,2
1395125,2019-12-29,2020-01-19,,71238,104831,2
1395126,2019-12-29,2020-01-19,,71276,412255,2
1395127,2019-12-29,2020-01-19,,71276,775679,2
1395128,2019-12-29,2020-01-19,,71422,244516,2
1395129,2019-12-29,2020-01-19,,71428,409907,2
1395130,2019-12-29,2020-01-19,,71472,637538,2
1395131,2019-12-29,2020-01-19,,71506,837232,2
1395132,2019-12-29,2020-01-19,,71647,451157,2
1395133,2019-12-29,2020-01-19,,71835,827647,2
1395134,2019-12-29,2020-01-19,,71918,600385,2
1395135,2019-12-29,2020-01-19,,72266,175550,2
1395136,2019-12-29,2020-01-19,,72307,531980,2
1395137,2019-12-29,2020-01-19,,72350,331763,2
1395138,2019-12-29,2020-01-19,,72355,597930,2
1395139,2019-12-29,2020-01-19,,72399,146552,2
1395140,2019-12-29,2020-01-19,,72457,228244,2
1395141,2019-12-29,2020-01-19,,72532,343853,2
1395142,2019-12-29,2020-01-19,,72903,249480,2
1395143,2019-12-29,2020-01-19,,72903,722367,2
1395144,2019-12-29,2020-01-19,,72903,896897,2
1395145,2019-12-29,2020-01-19,,73082,867934,2
1395146,2019-12-29,2020-01-19,,73153,558930,2
1395147,2019-12-29,2020-01-19,,73295,732215,2
1395148,2019-12-29,2020-01-19,,73579,132899,2
1395149,2019-12-29,2020-01-19,,73640,33862,2
1395150,2019-12-29,2020-01-19,,73725,299937,2
1395151,2019-12-29,2020-01-19,,73725,332109,2
1395152,2019-12-29,2020-01-19,,73740,782822,2
1395153,2019-12-29,2020-01-19,,73978,844863,2
1395154,2019-12-29,2020-01-19,,73984,706056,2
1395155,2019-12-29,2020-01-19,,74078,134594,2
1395156,2019-12-29,2020-01-19,,74078,199430,2
1395157,2019-12-29,2020-01-19,,74146,493623,2
1395158,2019-12-29,2020-01-19,,74164,68450,2
1395159,2019-12-29,2020-01-19,,74164,846152,2
1395160,2019-12-29,2020-01-19,,74177,224033,2
1395161,2019-12-29,2020-01-19,,74368,622005,2
1395162,2019-12-29,2020-01-19,,74469,776116,2
1395163,2019-12-29,2020-01-19,,74483,89845,2
1395164,2019-12-29,2020-01-19,,74716,894322,2
1395165,2019-12-29,2020-01-19,,74780,826727,2
1395166,2019-12-29,2020-01-19,,74875,97486,2
1395167,2019-12-29,2020-01-19,,75010,498116,2
1395168,2019-12-29,2020-01-19,,75079,163876,2
1395169,2019-12-29,2020-01-19,,75079,826386,2
1395170,2019-12-29,2020-01-19,,75112,504240,2
1395171,2019-12-29,2020-01-19,,75146,353549,2
1395172,2019-12-29,2020-01-19,,75171,864889,2
1395173,2019-12-29,2020-01-19,,75315,229928,2
1395174,2019-12-29,2020-01-19,,75550,646437,2
1395175,2019-12-29,2020-01-19,,75881,622489,2
1395176,2019-12-29,2020-01-19,,76025,230960,2
1395177,2019-12-29,2020-01-19,,76071,541209,2
1395178,2019-12-29,2020-01-19,,76107,290016,2
1395179,2019-12-29,2020-01-19,,76110,696953,2
1395180,2019-12-29,2020-01-19,,76166,300053,2
1395181,2019-12-29,2020-01-19,,76176,741541,2
1395182,2019-12-29,2020-01-19,,76181,347211,2
1395183,2019-12-29,2020-01-19,,76216,555673,2
1395184,2019-12-29,2020-01-19,,76318,845128,2
1395185,2019-12-29,2020-01-19,,76382,468749,2
1395186,2019-12-29,2020-01-19,,76540,881992,2
1395187,2019-12-29,2020-01-19,,76912,236943,2
1395188,2019-12-29,2020-01-19,,76984,297169,2
1395189,2019-12-29,2020-01-19,,77081,588497,2
1395190,2019-12-29,2020-01-19,,77230,941916,2
1395191,2019-12-29,2020-01-19,,77301,576022,2
1395192,2019-12-29,2020-01-19,,77301,773851,2
1395193,2019-12-29,2020-01-19,,77386,438004,2
1395194,2019-12-29,2020-01-19,,77397,770958,2
1395195,2019-12-29,2020-01-19,,77523,134136,2
1395196,2019-12-29,2020-01-19,,77662,890217,2
1395197,2019-12-29,2020-01-19,,77756,687119,2
1395198,2019-12-29,2020-01-19,,77769,498295,2
1395199,2019-12-29,2020-01-19,,77883,848430,2
1395200,2019-12-29,2020-01-19,,77952,90305,2
1395201,2019-12-29,2020-01-19,,77952,206121,2
1395202,2019-12-29,2020-01-19,,77952,237656,2
1395203,2019-12-29,2020-01-19,,77952,238532,2
1395204,2019-12-29,2020-01-19,,77952,407753,2
1395205,2019-12-29,2020-01-19,,78248,667449,2
1395206,2019-12-29,2020-01-19,,78278,240399,2
1395207,2019-12-29,2020-01-19,,78284,202424,2
1395208,2019-12-29,2020-01-19,,78494,834666,2
1395209,2019-12-29,2020-01-19,,78620,927476,2
1395210,2019-12-29,2020-01-19,,78738,621830,2
1395211,2019-12-29,2020-01-19,,78738,824065,2
1395212,2019-12-29,2020-01-19,,78869,43521,2
1395213,2019-12-29,2020-01-19,,78869,332390,2
1395214,2019-12-29,2020-01-19,,79008,336305,2
1395215,2019-12-29,2020-01-19,,79051,219182,2
1395216,2019-12-29,2020-01-19,,79286,678017,2
1395217,2019-12-29,2020-01-19,,79465,524769,2
1395218,2019-12-29,2020-01-19,,79475,696134,2
1395219,2019-12-29,2020-01-19,,79760,176203,2
1395220,2019-12-29,2020-01-19,,79860,588201,2
1395221,2019-12-29,2020-01-19,,79874,687076,2
1395222,2019-12-29,2020-01-19,,79874,708321,2
1395223,2019-12-29,2020-01-19,,79951,861771,2
1395224,2019-12-29,2020-01-19,,80061,621253,2
1395225,2019-12-29,2020-01-19,,80070,437469,2
1395226,2019-12-29,2020-01-19,,80075,949835,2
1395227,2019-12-29,2020-01-19,,80354,422033,2
1395228,2019-12-29,2020-01-19,,80364,721878,2
1395229,2019-12-29,2020-01-19,,80394,26115,2
1395230,2019-12-29,2020-01-19,,80428,311630,2
1395231,2019-12-29,2020-01-19,,80470,109909,2
1395232,2019-12-29,2020-01-19,,80540,601595,2
1395233,2019-12-29,2020-01-19,,80577,712567,2
1395234,2019-12-29,2020-01-19,,80727,614739,2
1395235,2019-12-29,2020-01-19,,80794,100317,2
1395236,2019-12-29,2020-01-19,,80805,137474,2
1395237,2019-12-29,2020-01-19,,80823,879901,2
1395238,2019-12-29,2020-01-19,,81290,299750,2
1395239,2019-12-29,2020-01-19,,81308,889870,2
1395240,2019-12-29,2020-01-19,,81641,35696,2
1395241,2019-12-29,2020-01-19,,81641,450071,2
1395242,2019-12-29,2020-01-19,,81641,787137,2
1395243,2019-12-29,2020-01-19,,81676,259284,2
1395244,2019-12-29,2020-01-19,,81846,211171,2
1395245,2019-12-29,2020-01-19,,82113,96859,2
1395246,2019-12-29,2020-01-19,,82134,443596,2
1395247,2019-12-29,2020-01-19,,82234,873603,2
1395248,2019-12-29,2020-01-19,,82238,952030,2
1395249,2019-12-29,2020-01-19,,82485,179097,2
1395250,2019-12-29,2020-01-19,,82485,276974,2
1395251,2019-12-29,2020-01-19,,82485,323522,2
1395252,2019-12-29,2020-01-19,,82485,477264,2
1395253,2019-12-29,2020-01-19,,82485,694914,2
1395254,2019-12-29,2020-01-19,,82485,818587,2
1395255,2019-12-29,2020-01-19,,82507,222872,2
1395256,2019-12-29,2020-01-19,,82542,499948,2
1395257,2019-12-29,2020-01-19,,82633,59782,2
1395258,2019-12-29,2020-01-19,,82663,297254,2
1395259,2019-12-29,2020-01-19,,82965,270385,2
1395260,2019-12-29,2020-01-19,,82976,580417,2
1395261,2019-12-29,2020-01-19,,82986,55020,2
1395262,2019-12-29,2020-01-19,,83083,49478,2
1395263,2019-12-29,2020-01-19,,83083,55359,2
1395264,2019-12-29,2020-01-19,,83083,762869,2
1395265,2019-12-29,2020-01-19,,83083,911044,2
1395266,2019-12-29,2020-01-19,,83097,115510,2
1395267,2019-12-29,2020-01-19,,83116,669271,2
1395268,2019-12-29,2020-01-19,,83135,88544,2
1395269,2019-12-29,2020-01-19,,83135,697164,2
1395270,2019-12-29,2020-01-19,,83136,631416,2
1395271,2019-12-29,2020-01-19,,83259,683242,2
1395272,2019-12-29,2020-01-19,,83324,188201,2
1395273,2019-12-29,2020-01-19,,83324,861772,2
1395274,2019-12-29,2020-01-19,,83401,534043,2
1395275,2019-12-29,2020-01-19,,83403,171035,2
1395276,2019-12-29,2020-01-19,,83449,470963,2
1395277,2019-12-29,2020-01-19,,83451,371667,2
1395278,2019-12-29,2020-01-19,,83451,614905,2
1395279,2019-12-29,2020-01-19,,83548,253331,2
1395280,2019-12-29,2020-01-19,,83558,429167,2
1395281,2019-12-29,2020-01-19,,83760,336154,2
1395282,2019-12-29,2020-01-19,,83903,63008,2
1395283,2019-12-29,2020-01-19,,83903,437161,2
1395284,2019-12-29,2020-01-19,,83903,620788,2
1395285,2019-12-29,2020-01-19,,83943,72224,2
1395286,2019-12-29,2020-01-19,,84032,17746,2
1395287,2019-12-29,2020-01-19,,84032,150692,2
1395288,2019-12-29,2020-01-19,,84062,664443,2
1395289,2019-12-29,2020-01-19,,84103,323507,2
1395290,2019-12-29,2020-01-19,,84103,417197,2
1395291,2019-12-29,2020-01-19,,84103,517385,2
1395292,2019-12-29,2020-01-19,,84103,521805,2
1395293,2019-12-29,2020-01-19,,84103,564466,2
1395294,2019-12-29,2020-01-19,,84103,754604,2
1395295,2019-12-29,2020-01-19,,84103,757615,2
1395296,2019-12-29,2020-01-19,,84263,322050,2
1395297,2019-12-29,2020-01-19,,84393,640374,2
1395298,2019-12-29,2020-01-19,,84488,176535,2
1395299,2019-12-29,2020-01-19,,84744,66990,2
1395300,2019-12-29,2020-01-19,,84768,79235,2
1395301,2019-12-29,2020-01-19,,84885,332173,2
1395302,2019-12-29,2020-01-19,,84914,233186,2
1395303,2019-12-29,2020-01-19,,85035,817241,2
1395304,2019-12-29,2020-01-19,,85040,698833,2
1395305,2019-12-29,2020-01-19,,85082,454869,2
1395306,2019-12-29,2020-01-19,,85097,399812,2
1395307,2019-12-29,2020-01-19,,85145,70717,2
1395308,2019-12-29,2020-01-19,,85260,450337,2
1395309,2019-12-29,2020-01-19,,85283,826708,2
1395310,2019-12-29,2020-01-19,,85757,449995,2
1395311,2019-12-29,2020-01-19,,85799,588023,2
1395312,2019-12-29,2020-01-19,,85958,355092,2
1395313,2019-12-29,2020-01-19,,85981,250255,2
1395314,2019-12-29,2020-01-19,,86042,343365,2
1395315,2019-12-29,2020-01-19,,86198,953178,2
1395316,2019-12-29,2020-01-19,,86289,348525,2
1395317,2019-12-29,2020-01-19,,86301,406537,2
1395318,2019-12-29,2020-01-19,,86317,836671,2
1395319,2019-12-29,2020-01-19,,86551,899835,2
1395320,2019-12-29,2020-01-19,,86634,443847,2
1395321,2019-12-29,2020-01-19,,86699,251039,2
1395322,2019-12-29,2020-01-19,,86750,520790,2
1395323,2019-12-29,2020-01-19,,86852,183862,2
1395324,2019-12-29,2020-01-19,,87049,887846,2
1395325,2019-12-29,2020-01-19,,87437,710839,2
1395326,2019-12-29,2020-01-19,,87504,389733,2
1395327,2019-12-29,2020-01-19,,87542,366087,2
1395328,2019-12-29,2020-01-19,,87556,269998,2
1395329,2019-12-29,2020-01-19,,87586,80982,2
1395330,2019-12-29,2020-01-19,,87654,23359,2
1395331,2019-12-29,2020-01-19,,87868,852262,2
1395332,2019-12-29,2020-01-19,,87870,384194,2
1395333,2019-12-29,2020-01-19,,87894,903862,2
1395334,2019-12-29,2020-01-19,,87902,600878,2
1395335,2019-12-29,2020-01-19,,88026,406725,2
1395336,2019-12-29,2020-01-19,,88053,226235,2
1395337,2019-12-29,2020-01-19,,88128,226258,2
1395338,2019-12-29,2020-01-19,,88128,398346,2
1395339,2019-12-29,2020-01-19,,88128,495079,2
1395340,2019-12-29,2020-01-19,,88257,448505,2
1395341,2019-12-29,2020-01-19,,88311,191619,2
1395342,2019-12-29,2020-01-19,,88777,310659,2
1395343,2019-12-29,2020-01-19,,88809,45045,2
1395344,2019-12-29,2020-01-19,,89008,87600,2
1395345,2019-12-29,2020-01-19,,89163,351316,2
1395346,2019-12-29,2020-01-19,,89163,818363,2
1395347,2019-12-29,2020-01-19,,89264,646545,2
1395348,2019-12-29,2020-01-19,,89522,421249,2
1395349,2019-12-29,2020-01-19,,89522,514355,2
1395350,2019-12-29,2020-01-19,,89522,608567,2
1395351,2019-12-29,2020-01-19,,89522,861777,2
1395352,2019-12-29,2020-01-19,,89534,646225,2
1395353,2019-12-29,2020-01-19,,89609,757739,2
1395354,2019-12-29,2020-01-19,,89615,26388,2
1395355,2019-12-29,2020-01-19,,89615,738623,2
1395356,2019-12-29,2020-01-19,,89654,902518,2
1395357,2019-12-29,2020-01-19,,89722,249490,2
1395358,2019-12-29,2020-01-19,,89908,326233,2
1395359,2019-12-29,2020-01-19,,90297,618263,2
1395360,2019-12-29,2020-01-19,,90343,843807,2
1395361,2019-12-29,2020-01-19,,90501,478431,2
1395362,2019-12-29,2020-01-19,,90501,662400,2
1395363,2019-12-29,2020-01-19,,90523,564067,2
1395364,2019-12-29,2020-01-19,,90684,795390,2
1395365,2019-12-29,2020-01-19,,90707,941966,2
1395366,2019-12-29,2020-01-19,,90821,336033,2
1395367,2019-12-29,2020-01-19,,90934,228988,2
1395368,2019-12-29,2020-01-19,,91061,171875,2
1395369,2019-12-29,2020-01-19,,91122,896481,2
1395370,2019-12-29,2020-01-19,,91125,399820,2
1395371,2019-12-29,2020-01-19,,91217,902998,2
1395372,2019-12-29,2020-01-19,,91264,890534,2
1395373,2019-12-29,2020-01-19,,91277,466210,2
1395374,2019-12-29,2020-01-19,,91279,35731,2
1395375,2019-12-29,2020-01-19,,91426,819073,2
1395376,2019-12-29,2020-01-19,,91538,122845,2
1395377,2019-12-29,2020-01-19,,91538,488293,2
1395378,2019-12-29,2020-01-19,,91538,565418,2
1395379,2019-12-29,2020-01-19,,91538,926180,2
1395380,2019-12-29,2020-01-19,,91656,732290,2
1395381,2019-12-29,2020-01-19,,91663,123869,2
1395382,2019-12-29,2020-01-19,,91767,695558,2
1395383,2019-12-29,2020-01-19,,92186,918292,2
1395384,2019-12-29,2020-01-19,,92297,46715,2
1395385,2019-12-29,2020-01-19,,92297,104752,2
1395386,2019-12-29,2020-01-19,,92297,300562,2
1395387,2019-12-29,2020-01-19,,92297,464989,2
1395388,2019-12-29,2020-01-19,,92297,762229,2
1395389,2019-12-29,2020-01-19,,92297,923003,2
1395390,2019-12-29,2020-01-19,,92303,955355,2
1395391,2019-12-29,2020-01-19,,92339,851026,2
1395392,2019-12-29,2020-01-19,,92345,118435,2
1395393,2019-12-29,2020-01-19,,92416,244197,2
1395394,2019-12-29,2020-01-19,,92425,576262,2
1395395,2019-12-29,2020-01-19,,92623,261491,2
1395396,2019-12-29,2020-01-19,,92634,219242,2
1395397,2019-12-29,2020-01-19,,92700,386461,2
1395398,2019-12-29,2020-01-19,,92729,618340,2
1395399,2019-12-29,2020-01-19,,92755,864914,2
1395400,2019-12-29,2020-01-19,,92784,110148,2
1395401,2019-12-29,2020-01-19,,92784,140165,2
1395402,2019-12-29,2020-01-19,,92784,273033,2
1395403,2019-12-29,2020-01-19,,92784,282891,2
1395404,2019-12-29,2020-01-19,,92784,371287,2
1395405,2019-12-29,2020-01-19,,92784,720605,2
1395406,2019-12-29,2020-01-19,,92784,785587,2
1395407,2019-12-29,2020-01-19,,92784,889882,2
1395408,2019-12-29,2020-01-19,,92792,387353,2
1395409,2019-12-29,2020-01-19,,92869,343864,2
1395410,2019-12-29,2020-01-19,,92869,484186,2
1395411,2019-12-29,2020-01-19,,92869,631775,2
1395412,2019-12-29,2020-01-19,,92927,721201,2
1395413,2019-12-29,2020-01-19,,92951,755923,2
1395414,2019-12-29,2020-01-19,,93012,336743,2
1395415,2019-12-29,2020-01-19,,93037,330007,2
1395416,2019-12-29,2020-01-19,,93112,263360,2
1395417,2019-12-29,2020-01-19,,93136,59021,2
1395418,2019-12-29,2020-01-19,,93136,748156,2
1395419,2019-12-29,2020-01-19,,93191,683006,2
1395420,2019-12-29,2020-01-19,,93337,99147,2
1395421,2019-12-29,2020-01-19,,93337,606673,2
1395422,2019-12-29,2020-01-19,,93337,736567,2
1395423,2019-12-29,2020-01-19,,93474,807608,2
1395424,2019-12-29,2020-01-19,,93493,770815,2
1395425,2019-12-29,2020-01-19,,93535,876892,2
1395426,2019-12-29,2020-01-19,,93567,168729,2
1395427,2019-12-29,2020-01-19,,93718,414599,2
1395428,2019-12-29,2020-01-19,,93766,392949,2
1395429,2019-12-29,2020-01-19,,93821,122906,2
1395430,2019-12-29,2020-01-19,,94091,174273,2
1395431,2019-12-29,2020-01-19,,94177,439052,2
1395432,2019-12-29,2020-01-19,,94178,175551,2
1395433,2019-12-29,2020-01-19,,94298,1837,2
1395434,2019-12-29,2020-01-19,,94317,327809,2
1395435,2019-12-29,2020-01-19,,94361,107150,2
1395436,2019-12-29,2020-01-19,,94394,300809,2
1395437,2019-12-29,2020-01-19,,94401,770001,2
1395438,2019-12-29,2020-01-19,,94538,717394,2
1395439,2019-12-29,2020-01-19,,94583,607510,2
1395440,2019-12-29,2020-01-19,,94705,877152,2
1395441,2019-12-29,2020-01-19,,94964,685156,2
1395442,2019-12-29,2020-01-19,,95016,476609,2
1395443,2019-12-29,2020-01-19,,95068,111111,2
1395444,2019-12-29,2020-01-19,,95102,852285,2
1395445,2019-12-29,2020-01-19,,95373,219757,2
1395446,2019-12-29,2020-01-19,,95482,59247,2
1395447,2019-12-29,2020-01-19,,95858,49509,2
1395448,2019-12-29,2020-01-19,,95919,793268,2
1395449,2019-12-29,2020-01-19,,96205,193724,2
1395450,2019-12-29,2020-01-19,,96205,453857,2
1395451,2019-12-29,2020-01-19,,96208,161571,2
1395452,2019-12-29,2020-01-19,,96373,614849,2
1395453,2019-12-29,2020-01-19,,96390,740490,2
1395454,2019-12-29,2020-01-19,,96459,79733,2
1395455,2019-12-29,2020-01-19,,96520,913562,2
1395456,2019-12-29,2020-01-19,,96631,197303,2
1395457,2019-12-29,2020-01-19,,96679,145536,2
1395458,2019-12-29,2020-01-19,,96679,800673,2
1395459,2019-12-29,2020-01-19,,96773,834608,2
1395460,2019-12-29,2020-01-19,,96842,475859,2
1395461,2019-12-29,2020-01-19,,97065,56187,2
1395462,2019-12-29,2020-01-19,,97417,534139,2
1395463,2019-12-29,2020-01-19,,97678,307737,2
1395464,2019-12-29,2020-01-19,,97751,823791,2
1395465,2019-12-29,2020-01-19,,97753,161521,2
1395466,2019-12-29,2020-01-19,,97844,196566,2
1395467,2019-12-29,2020-01-19,,98056,197173,2
1395468,2019-12-29,2020-01-19,,98070,877123,2
1395469,2019-12-29,2020-01-19,,98102,12742,2
1395470,2019-12-29,2020-01-19,,98429,352933,2
1395471,2019-12-29,2020-01-19,,98429,415592,2
1395472,2019-12-29,2020-01-19,,98430,785765,2
1395473,2019-12-29,2020-01-19,,98542,767606,2
1395474,2019-12-29,2020-01-19,,98674,465936,2
1395475,2019-12-29,2020-01-19,,98730,372328,2
1395476,2019-12-29,2020-01-19,,98750,192714,2
1395477,2019-12-29,2020-01-19,,98775,291275,2
1395478,2019-12-29,2020-01-19,,98870,381961,2
1395479,2019-12-29,2020-01-19,,98870,438035,2
1395480,2019-12-29,2020-01-19,,99184,535983,2
1395481,2019-12-29,2020-01-19,,99195,213351,2
1395482,2019-12-29,2020-01-19,,99213,560130,2
1395483,2019-12-29,2020-01-19,,99283,255347,2
1395484,2019-12-29,2020-01-19,,99345,649812,2
1395485,2019-12-29,2020-01-19,,99355,399799,2
1395486,2019-12-29,2020-01-19,,99465,261539,2
1395487,2019-12-29,2020-01-19,,99496,337231,2
1395488,2019-12-29,2020-01-19,,99628,802887,2
1395489,2019-12-29,2020-01-19,,99685,417074,2
1395490,2019-12-29,2020-01-19,,99968,126931,2
1395491,2019-12-29,2020-01-19,,99997,604847,2
1395492,2019-12-29,2020-01-19,,100059,604654,2
1395493,2019-12-29,2020-01-19,,100081,579835,2
1395494,2019-12-29,2020-01-19,,100149,226271,2
1395495,2019-12-29,2020-01-19,,100213,706253,2
1395496,2019-12-29,2020-01-19,,100230,207630,2
1395497,2019-12-29,2020-01-19,,100252,726081,2
1395498,2019-12-29,2020-01-19,,100287,8799,2
1395499,2019-12-29,2020-01-19,,100287,107753,2
1395500,2019-12-29,2020-01-19,,100287,272061,2
1395501,2019-12-29,2020-01-19,,100287,393567,2
1395502,2019-12-29,2020-01-19,,100287,417254,2
1395503,2019-12-29,2020-01-19,,100287,432280,2
1395504,2019-12-29,2020-01-19,,100287,779097,2
1395505,2019-12-29,2020-01-19,,100287,875137,2
1395506,2019-12-29,2020-01-19,,100287,926569,2
1395507,2019-12-29,2020-01-19,,100354,287926,2
1395508,2019-12-29,2020-01-19,,100354,589419,2
1395509,2019-12-29,2020-01-19,,100354,826489,2
1395510,2019-12-29,2020-01-19,,100354,832391,2
1395511,2019-12-29,2020-01-19,,100492,741026,2
1395512,2019-12-29,2020-01-19,,100559,699615,2
1395513,2019-12-29,2020-01-19,,100636,950336,2
1395514,2019-12-29,2020-01-19,,100754,205637,2
1395515,2019-12-29,2020-01-19,,100829,259343,2
1395516,2019-12-29,2020-01-19,,100916,379521,2
1395517,2019-12-29,2020-01-19,,100922,283344,2
1395518,2019-12-29,2020-01-19,,100922,679509,2
1395519,2019-12-29,2020-01-19,,100922,793034,2
1395520,2019-12-29,2020-01-19,,100922,828049,2
1395521,2019-12-29,2020-01-19,,100922,842077,2
1395522,2019-12-29,2020-01-19,,101217,231655,2
1395523,2019-12-29,2020-01-19,,101217,392903,2
1395524,2019-12-29,2020-01-19,,101217,886349,2
1395525,2019-12-29,2020-01-19,,101234,274938,2
1395526,2019-12-29,2020-01-19,,101562,844614,2
1395527,2019-12-29,2020-01-19,,101608,629211,2
1395528,2019-12-29,2020-01-19,,101629,59679,2
1395529,2019-12-29,2020-01-19,,101862,676086,2
1395530,2019-12-29,2020-01-19,,101966,387586,2
1395531,2019-12-29,2020-01-19,,101966,484609,2
1395532,2019-12-29,2020-01-19,,101966,641665,2
1395533,2019-12-29,2020-01-19,,102027,104372,2
1395534,2019-12-29,2020-01-19,,102035,832166,2
1395535,2019-12-29,2020-01-19,,102052,470976,2
1395536,2019-12-29,2020-01-19,,102180,209545,2
1395537,2019-12-29,2020-01-19,,102363,537983,2
1395538,2019-12-29,2020-01-19,,102373,72225,2
1395539,2019-12-29,2020-01-19,,102462,698753,2
1395540,2019-12-29,2020-01-19,,102476,594604,2
1395541,2019-12-29,2020-01-19,,102519,446251,2
1395542,2019-12-29,2020-01-19,,102549,361112,2
1395543,2019-12-29,2020-01-19,,102554,266962,2
1395544,2019-12-29,2020-01-19,,102621,918062,2
1395545,2019-12-29,2020-01-19,,102972,399825,2
1395546,2019-12-29,2020-01-19,,102974,162769,2
1395547,2019-12-29,2020-01-19,,103021,476169,2
1395548,2019-12-29,2020-01-19,,103130,918002,2
1395549,2019-12-29,2020-01-19,,103178,344535,2
1395550,2019-12-29,2020-01-19,,103254,687648,2
1395551,2019-12-29,2020-01-19,,103311,783013,2
1395552,2019-12-29,2020-01-19,,103756,128387,2
1395553,2019-12-29,2020-01-19,,103882,308281,2
1395554,2019-12-29,2020-01-19,,103988,867897,2
1395555,2019-12-29,2020-01-19,,104015,181697,2
1395556,2019-12-29,2020-01-19,,104018,853459,2
1395557,2019-12-29,2020-01-19,,104042,911093,2
1395558,2019-12-29,2020-01-19,,104171,457980,2
1395559,2019-12-29,2020-01-19,,104208,563554,2
1395560,2019-12-29,2020-01-19,,104338,241794,2
1395561,2019-12-29,2020-01-19,,104715,751033,2
1395562,2019-12-29,2020-01-19,,104716,761436,2
1395563,2019-12-29,2020-01-19,,104803,740462,2
1395564,2019-12-29,2020-01-19,,104869,57744,2
1395565,2019-12-29,2020-01-19,,104940,882929,2
1395566,2019-12-29,2020-01-19,,105216,121111,2
1395567,2019-12-29,2020-01-19,,105226,745441,2
1395568,2019-12-29,2020-01-19,,105226,802839,2
1395569,2019-12-29,2020-01-19,,105232,416743,2
1395570,2019-12-29,2020-01-19,,105297,117379,2
1395571,2019-12-29,2020-01-19,,105338,726630,2
1395572,2019-12-29,2020-01-19,,105378,623158,2
1395573,2019-12-29,2020-01-19,,105492,178200,2
1395574,2019-12-29,2020-01-19,,105624,278386,2
1395575,2019-12-29,2020-01-19,,105683,302481,2
1395576,2019-12-29,2020-01-19,,105860,377873,2
1395577,2019-12-29,2020-01-19,,105913,261175,2
1395578,2019-12-29,2020-01-19,,105942,663400,2
1395579,2019-12-29,2020-01-19,,106049,811326,2
1395580,2019-12-29,2020-01-19,,106242,168751,2
1395581,2019-12-29,2020-01-19,,106242,280117,2
1395582,2019-12-29,2020-01-19,,106242,315232,2
1395583,2019-12-29,2020-01-19,,106242,516597,2
1395584,2019-12-29,2020-01-19,,106242,870202,2
1395585,2019-12-29,2020-01-19,,106356,76421,2
1395586,2019-12-29,2020-01-19,,106356,583371,2
1395587,2019-12-29,2020-01-19,,106420,247537,2
1395588,2019-12-29,2020-01-19,,106595,477752,2
1395589,2019-12-29,2020-01-19,,106595,861787,2
1395590,2019-12-29,2020-01-19,,106650,837156,2
1395591,2019-12-29,2020-01-19,,106650,864820,2
1395592,2019-12-29,2020-01-19,,106719,779970,2
1395593,2019-12-29,2020-01-19,,106815,862819,2
1395594,2019-12-29,2020-01-19,,106847,846732,2
1395595,2019-12-29,2020-01-19,,106922,580164,2
1395596,2019-12-29,2020-01-19,,106970,455665,2
1395597,2019-12-29,2020-01-19,,107215,530181,2
1395598,2019-12-29,2020-01-19,,107298,478310,2
1395599,2019-12-29,2020-01-19,,107482,648506,2
1395600,2019-12-29,2020-01-19,,107703,238639,2
1395601,2019-12-29,2020-01-19,,107760,331247,2
1395602,2019-12-29,2020-01-19,,107904,809213,2
1395603,2019-12-29,2020-01-19,,107923,698883,2
1395604,2019-12-29,2020-01-19,,108004,70414,2
1395605,2019-12-29,2020-01-19,,108004,79769,2
1395606,2019-12-29,2020-01-19,,108004,80271,2
1395607,2019-12-29,2020-01-19,,108004,81369,2
1395608,2019-12-29,2020-01-19,,108004,83632,2
1395609,2019-12-29,2020-01-19,,108004,222464,2
1395610,2019-12-29,2020-01-19,,108004,232805,2
1395611,2019-12-29,2020-01-19,,108004,351066,2
1395612,2019-12-29,2020-01-19,,108004,362408,2
1395613,2019-12-29,2020-01-19,,108004,442916,2
1395614,2019-12-29,2020-01-19,,108004,456560,2
1395615,2019-12-29,2020-01-19,,108004,466436,2
1395616,2019-12-29,2020-01-19,,108004,491234,2
1395617,2019-12-29,2020-01-19,,108004,557985,2
1395618,2019-12-29,2020-01-19,,108004,571017,2
1395619,2019-12-29,2020-01-19,,108004,582711,2
1395620,2019-12-29,2020-01-19,,108004,630243,2
1395621,2019-12-29,2020-01-19,,108004,671906,2
1395622,2019-12-29,2020-01-19,,108004,688637,2
1395623,2019-12-29,2020-01-19,,108004,710416,2
1395624,2019-12-29,2020-01-19,,108004,807103,2
1395625,2019-12-29,2020-01-19,,108004,894264,2
1395626,2019-12-29,2020-01-19,,108004,896903,2
1395627,2019-12-29,2020-01-19,,108004,917697,2
1395628,2019-12-29,2020-01-19,,108160,535228,2
1395629,2019-12-29,2020-01-19,,108673,633515,2
1395630,2019-12-29,2020-01-19,,108901,361501,2
1395631,2019-12-29,2020-01-19,,109146,721965,2
1395632,2019-12-29,2020-01-19,,109211,392357,2
1395633,2019-12-29,2020-01-19,,109302,534815,2
1395634,2019-12-29,2020-01-19,,109462,59148,2
1395635,2019-12-29,2020-01-19,,109508,442930,2
1395636,2019-12-29,2020-01-19,,109508,620860,2
1395637,2019-12-29,2020-01-19,,110097,99115,2
1395638,2019-12-29,2020-01-19,,110238,35395,2
1395639,2019-12-29,2020-01-19,,110270,762687,2
1395640,2019-12-29,2020-01-19,,110427,131281,2
1395641,2019-12-29,2020-01-19,,110616,656510,2
1395642,2019-12-29,2020-01-19,,110629,519276,2
1395643,2019-12-29,2020-01-19,,110790,26502,2
1395644,2019-12-29,2020-01-19,,110905,569051,2
1395645,2019-12-29,2020-01-19,,110970,302994,2
1395646,2019-12-29,2020-01-19,,111239,492228,2
1395647,2019-12-29,2020-01-19,,111335,858138,2
1395648,2019-12-29,2020-01-19,,111427,934964,2
1395649,2019-12-29,2020-01-19,,111451,96866,2
1395650,2019-12-29,2020-01-19,,111460,190069,2
1395651,2019-12-29,2020-01-19,,111546,313818,2
1395652,2019-12-29,2020-01-19,,111605,235132,2
1395653,2019-12-29,2020-01-19,,111605,915183,2
1395654,2019-12-29,2020-01-19,,111747,399321,2
1395655,2019-12-29,2020-01-19,,111976,104421,2
1395656,2019-12-29,2020-01-19,,112148,281765,2
1395657,2019-12-29,2020-01-19,,112148,354449,2
1395658,2019-12-29,2020-01-19,,112148,477838,2
1395659,2019-12-29,2020-01-19,,112162,249832,2
1395660,2019-12-29,2020-01-19,,112302,757952,2
1395661,2019-12-29,2020-01-19,,112493,780022,2
1395662,2019-12-29,2020-01-19,,112493,856860,2
1395663,2019-12-29,2020-01-19,,112594,326356,2
1395664,2019-12-29,2020-01-19,,112942,517764,2
1395665,2019-12-29,2020-01-19,,113041,504955,2
1395666,2019-12-29,2020-01-19,,113056,923195,2
1395667,2019-12-29,2020-01-19,,113128,692482,2
1395668,2019-12-29,2020-01-19,,113241,867416,2
1395669,2019-12-29,2020-01-19,,113256,92067,2
1395670,2019-12-29,2020-01-19,,113266,846520,2
1395671,2019-12-29,2020-01-19,,113396,638406,2
1395672,2019-12-29,2020-01-19,,113504,753425,2
1395673,2019-12-29,2020-01-19,,113722,884690,2
1395674,2019-12-29,2020-01-19,,113748,650124,2
1395675,2019-12-29,2020-01-19,,113748,822016,2
1395676,2019-12-29,2020-01-19,,113797,827845,2
1395677,2019-12-29,2020-01-19,,113853,864997,2
1395678,2019-12-29,2020-01-19,,113867,453989,2
1395679,2019-12-29,2020-01-19,,113867,806598,2
1395680,2019-12-29,2020-01-19,,114055,384446,2
1395681,2019-12-29,2020-01-19,,114076,183551,2
1395682,2019-12-29,2020-01-19,,114205,391828,2
1395683,2019-12-29,2020-01-19,,114398,166530,2
1395684,2019-12-29,2020-01-19,,114483,160756,2
1395685,2019-12-29,2020-01-19,,114502,748219,2
1395686,2019-12-29,2020-01-19,,114524,843035,2
1395687,2019-12-29,2020-01-19,,114734,398446,2
1395688,2019-12-29,2020-01-19,,114765,590973,2
1395689,2019-12-29,2020-01-19,,114809,284233,2
1395690,2019-12-29,2020-01-19,,114921,628414,2
1395691,2019-12-29,2020-01-19,,114964,877056,2
1395692,2019-12-29,2020-01-19,,115046,258413,2
1395693,2019-12-29,2020-01-19,,115073,416011,2
1395694,2019-12-29,2020-01-19,,115304,549497,2
1395695,2019-12-29,2020-01-19,,115453,187639,2
1395696,2019-12-29,2020-01-19,,115529,392833,2
1395697,2019-12-29,2020-01-19,,115838,683189,2
1395698,2019-12-29,2020-01-19,,116007,126968,2
1395699,2019-12-29,2020-01-19,,116007,927290,2
1395700,2019-12-29,2020-01-19,,116395,615570,2
1395701,2019-12-29,2020-01-19,,116458,110461,2
1395702,2019-12-29,2020-01-19,,116526,133706,2
1395703,2019-12-29,2020-01-19,,116660,10237,2
1395704,2019-12-29,2020-01-19,,116694,532372,2
1395705,2019-12-29,2020-01-19,,116708,927556,2
1395706,2019-12-29,2020-01-19,,116762,947653,2
1395707,2019-12-29,2020-01-19,,116801,360732,2
1395708,2019-12-29,2020-01-19,,116868,507097,2
1395709,2019-12-29,2020-01-19,,117010,254028,2
1395710,2019-12-29,2020-01-19,,117288,331806,2
1395711,2019-12-29,2020-01-19,,117470,425958,2
1395712,2019-12-29,2020-01-19,,117598,469613,2
1395713,2019-12-29,2020-01-19,,117826,506274,2
1395714,2019-12-29,2020-01-19,,117923,160897,2
1395715,2019-12-29,2020-01-19,,117923,224770,2
1395716,2019-12-29,2020-01-19,,117923,299360,2
1395717,2019-12-29,2020-01-19,,117923,490297,2
1395718,2019-12-29,2020-01-19,,117923,540479,2
1395719,2019-12-29,2020-01-19,,117923,762870,2
1395720,2019-12-29,2020-01-19,,117923,863653,2
1395721,2019-12-29,2020-01-19,,117993,802804,2
1395722,2019-12-29,2020-01-19,,118011,835026,2
1395723,2019-12-29,2020-01-19,,118169,541215,2
1395724,2019-12-29,2020-01-19,,118234,582706,2
1395725,2019-12-29,2020-01-19,,118300,888595,2
1395726,2019-12-29,2020-01-19,,118333,843261,2
1395727,2019-12-29,2020-01-19,,118346,944619,2
1395728,2019-12-29,2020-01-19,,118398,592496,2
1395729,2019-12-29,2020-01-19,,118518,857148,2
1395730,2019-12-29,2020-01-19,,118568,58377,2
1395731,2019-12-29,2020-01-19,,118791,819173,2
1395732,2019-12-29,2020-01-19,,118844,766589,2
1395733,2019-12-29,2020-01-19,,118884,256304,2
1395734,2019-12-29,2020-01-19,,118884,337084,2
1395735,2019-12-29,2020-01-19,,118884,828961,2
1395736,2019-12-29,2020-01-19,,118884,894219,2
1395737,2019-12-29,2020-01-19,,119338,656933,2
1395738,2019-12-29,2020-01-19,,119503,835439,2
1395739,2019-12-29,2020-01-19,,119739,915286,2
1395740,2019-12-29,2020-01-19,,119778,36864,2
1395741,2019-12-29,2020-01-19,,119829,49529,2
1395742,2019-12-29,2020-01-19,,119973,49510,2
1395743,2019-12-29,2020-01-19,,119997,777376,2
1395744,2019-12-29,2020-01-19,,120048,673215,2
1395745,2019-12-29,2020-01-19,,120088,241408,2
1395746,2019-12-29,2020-01-19,,120375,580293,2
1395747,2019-12-29,2020-01-19,,120631,389323,2
1395748,2019-12-29,2020-01-19,,120807,687629,2
1395749,2019-12-29,2020-01-19,,120815,610329,2
1395750,2019-12-29,2020-01-19,,120858,511016,2
1395751,2019-12-29,2020-01-19,,120903,310311,2
1395752,2019-12-29,2020-01-19,,120904,234563,2
1395753,2019-12-29,2020-01-19,,120907,739099,2
1395754,2019-12-29,2020-01-19,,121091,213477,2
1395755,2019-12-29,2020-01-19,,121236,892517,2
1395756,2019-12-29,2020-01-19,,121245,626562,2
1395757,2019-12-29,2020-01-19,,121262,686736,2
1395758,2019-12-29,2020-01-19,,121269,171404,2
1395759,2019-12-29,2020-01-19,,121428,932708,2
1395760,2019-12-29,2020-01-19,,121543,673525,2
1395761,2019-12-29,2020-01-19,,121644,291067,2
1395762,2019-12-29,2020-01-19,,121644,921744,2
1395763,2019-12-29,2020-01-19,,121644,933382,2
1395764,2019-12-29,2020-01-19,,121793,299307,2
1395765,2019-12-29,2020-01-19,,121803,889481,2
1395766,2019-12-29,2020-01-19,,121908,253577,2
1395767,2019-12-29,2020-01-19,,121970,250769,2
1395768,2019-12-29,2020-01-19,,122027,234912,2
1395769,2019-12-29,2020-01-19,,122062,604932,2
1395770,2019-12-29,2020-01-19,,122283,153886,2
1395771,2019-12-29,2020-01-19,,122335,498552,2
1395772,2019-12-29,2020-01-19,,122390,427229,2
1395773,2019-12-29,2020-01-19,,122505,935022,2
1395774,2019-12-29,2020-01-19,,122537,226190,2
1395775,2019-12-29,2020-01-19,,122614,191001,2
1395776,2019-12-29,2020-01-19,,122791,372996,2
1395777,2019-12-29,2020-01-19,,122794,704529,2
1395778,2019-12-29,2020-01-19,,122813,354602,2
1395779,2019-12-29,2020-01-19,,122913,179383,2
1395780,2019-12-29,2020-01-19,,122956,161367,2
1395781,2019-12-29,2020-01-19,,123063,837180,2
1395782,2019-12-29,2020-01-19,,123083,487833,2
1395783,2019-12-29,2020-01-19,,123119,617882,2
1395784,2019-12-29,2020-01-19,,123122,789094,2
1395785,2019-12-29,2020-01-19,,123251,147272,2
1395786,2019-12-29,2020-01-19,,123323,579376,2
1395787,2019-12-29,2020-01-19,,123394,693421,2
1395788,2019-12-29,2020-01-19,,123651,509942,2
1395789,2019-12-29,2020-01-19,,123936,17847,2
1395790,2019-12-29,2020-01-19,,124035,694294,2
1395791,2019-12-29,2020-01-19,,124149,37946,2
1395792,2019-12-29,2020-01-19,,124190,180033,2
1395793,2019-12-29,2020-01-19,,124190,504956,2
1395794,2019-12-29,2020-01-19,,124191,209183,2
1395795,2019-12-29,2020-01-19,,124610,70927,2
1395796,2019-12-29,2020-01-19,,124669,133277,2
1395797,2019-12-29,2020-01-19,,124800,907313,2
1395798,2019-12-29,2020-01-19,,124966,354616,2
1395799,2019-12-29,2020-01-19,,125052,88545,2
1395800,2019-12-29,2020-01-19,,125578,201044,2
1395801,2019-12-29,2020-01-19,,125643,686753,2
1395802,2019-12-29,2020-01-19,,125814,504898,2
1395803,2019-12-29,2020-01-19,,125956,820914,2
1395804,2019-12-29,2020-01-19,,125968,410602,2
1395805,2019-12-29,2020-01-19,,126001,142486,2
1395806,2019-12-29,2020-01-19,,126408,253545,2
1395807,2019-12-29,2020-01-19,,126521,421545,2
1395808,2019-12-29,2020-01-19,,126556,392291,2
1395809,2019-12-29,2020-01-19,,126576,654785,2
1395810,2019-12-29,2020-01-19,,126690,910159,2
1395811,2019-12-29,2020-01-19,,126908,822399,2
1395812,2019-12-29,2020-01-19,,126912,663571,2
1395813,2019-12-29,2020-01-19,,126987,400446,2
1395814,2019-12-29,2020-01-19,,127093,97897,2
1395815,2019-12-29,2020-01-19,,127214,369359,2
1395816,2019-12-29,2020-01-19,,127392,837270,2
1395817,2019-12-29,2020-01-19,,127473,471044,2
1395818,2019-12-29,2020-01-19,,127685,100759,2
1395819,2019-12-29,2020-01-19,,127685,237986,2
1395820,2019-12-29,2020-01-19,,127685,287972,2
1395821,2019-12-29,2020-01-19,,127685,495634,2
1395822,2019-12-29,2020-01-19,,127685,594269,2
1395823,2019-12-29,2020-01-19,,127685,733288,2
1395824,2019-12-29,2020-01-19,,127766,252495,2
1395825,2019-12-29,2020-01-19,,127766,315236,2
1395826,2019-12-29,2020-01-19,,127766,380032,2
1395827,2019-12-29,2020-01-19,,127766,701056,2
1395828,2019-12-29,2020-01-19,,127766,821686,2
1395829,2019-12-29,2020-01-19,,127885,758283,2
1395830,2019-12-29,2020-01-19,,128193,31627,2
1395831,2019-12-29,2020-01-19,,128218,104373,2
1395832,2019-12-29,2020-01-19,,128255,745877,2
1395833,2019-12-29,2020-01-19,,128272,361722,2
1395834,2019-12-29,2020-01-19,,128341,519691,2
1395835,2019-12-29,2020-01-19,,128578,777996,2
1395836,2019-12-29,2020-01-19,,128687,554014,2
1395837,2019-12-29,2020-01-19,,128705,399649,2
1395838,2019-12-29,2020-01-19,,128933,637708,2
1395839,2019-12-29,2020-01-19,,129140,238537,2
1395840,2019-12-29,2020-01-19,,129246,175133,2
1395841,2019-12-29,2020-01-19,,129310,512812,2
1395842,2019-12-29,2020-01-19,,129347,227820,2
1395843,2019-12-29,2020-01-19,,129376,282184,2
1395844,2019-12-29,2020-01-19,,129451,405427,2
1395845,2019-12-29,2020-01-19,,129458,370846,2
1395846,2019-12-29,2020-01-19,,129582,870476,2
1395847,2019-12-29,2020-01-19,,129663,100746,2
1395848,2019-12-29,2020-01-19,,129677,878872,2
1395849,2019-12-29,2020-01-19,,129776,407529,2
1395850,2019-12-29,2020-01-19,,129801,784700,2
1395851,2019-12-29,2020-01-19,,129896,689376,2
1395852,2019-12-29,2020-01-19,,130007,381169,2
1395853,2019-12-29,2020-01-19,,130036,897420,2
1395854,2019-12-29,2020-01-19,,130042,797555,2
1395855,2019-12-29,2020-01-19,,130047,909190,2
1395856,2019-12-29,2020-01-19,,130079,34153,2
1395857,2019-12-29,2020-01-19,,130122,78918,2
1395858,2019-12-29,2020-01-19,,130123,677005,2
1395859,2019-12-29,2020-01-19,,130126,434243,2
1395860,2019-12-29,2020-01-19,,130126,823917,2
1395861,2019-12-29,2020-01-19,,130321,121572,2
1395862,2019-12-29,2020-01-19,,130362,125872,2
1395863,2019-12-29,2020-01-19,,130373,565988,2
1395864,2019-12-29,2020-01-19,,130711,514330,2
1395865,2019-12-29,2020-01-19,,131124,587856,2
1395866,2019-12-29,2020-01-19,,131166,584068,2
1395867,2019-12-29,2020-01-19,,131285,595268,2
1395868,2019-12-29,2020-01-19,,131360,175378,2
1395869,2019-12-29,2020-01-19,,131368,119038,2
1395870,2019-12-29,2020-01-19,,131394,683243,2
1395871,2019-12-29,2020-01-19,,131510,636511,2
1395872,2019-12-29,2020-01-19,,131510,890742,2
1395873,2019-12-29,2020-01-19,,131569,920497,2
1395874,2019-12-29,2020-01-19,,131736,407754,2
1395875,2019-12-29,2020-01-19,,131736,705758,2
1395876,2019-12-29,2020-01-19,,131858,676655,2
1395877,2019-12-29,2020-01-19,,131861,225607,2
1395878,2019-12-29,2020-01-19,,131953,15255,2
1395879,2019-12-29,2020-01-19,,132015,529827,2
1395880,2019-12-29,2020-01-19,,132080,647935,2
1395881,2019-12-29,2020-01-19,,132123,418392,2
1395882,2019-12-29,2020-01-19,,132133,561518,2
1395883,2019-12-29,2020-01-19,,132169,444524,2
1395884,2019-12-29,2020-01-19,,132272,433710,2
1395885,2019-12-29,2020-01-19,,132407,627919,2
1395886,2019-12-29,2020-01-19,,132427,601857,2
1395887,2019-12-29,2020-01-19,,132459,832175,2
1395888,2019-12-29,2020-01-19,,132488,418924,2
1395889,2019-12-29,2020-01-19,,132540,904838,2
1395890,2019-12-29,2020-01-19,,132544,843698,2
1395891,2019-12-29,2020-01-19,,132555,206384,2
1395892,2019-12-29,2020-01-19,,132565,583909,2
1395893,2019-12-29,2020-01-19,,132664,283765,2
1395894,2019-12-29,2020-01-19,,132664,433452,2
1395895,2019-12-29,2020-01-19,,132664,653897,2
1395896,2019-12-29,2020-01-19,,132814,384592,2
1395897,2019-12-29,2020-01-19,,133175,46281,2
1395898,2019-12-29,2020-01-19,,133191,579122,2
1395899,2019-12-29,2020-01-19,,133467,250677,2
1395900,2019-12-29,2020-01-19,,133478,688407,2
1395901,2019-12-29,2020-01-19,,133480,566004,2
1395902,2019-12-29,2020-01-19,,133511,399813,2
1395903,2019-12-29,2020-01-19,,133517,130392,2
1395904,2019-12-29,2020-01-19,,133667,142768,2
1395905,2019-12-29,2020-01-19,,133732,529590,2
1395906,2019-12-29,2020-01-19,,133948,305314,2
1395907,2019-12-29,2020-01-19,,134081,383232,2
1395908,2019-12-29,2020-01-19,,134118,527936,2
1395909,2019-12-29,2020-01-19,,134124,402083,2
1395910,2019-12-29,2020-01-19,,134303,52650,2
1395911,2019-12-29,2020-01-19,,134367,892653,2
1395912,2019-12-29,2020-01-19,,134462,104374,2
1395913,2019-12-29,2020-01-19,,134589,501784,2
1395914,2019-12-29,2020-01-19,,134644,453999,2
1395915,2019-12-29,2020-01-19,,134738,768417,2
1395916,2019-12-29,2020-01-19,,135024,112152,2
1395917,2019-12-29,2020-01-19,,135024,224952,2
1395918,2019-12-29,2020-01-19,,135226,198388,2
1395919,2019-12-29,2020-01-19,,135226,816280,2
1395920,2019-12-29,2020-01-19,,135572,571455,2
1395921,2019-12-29,2020-01-19,,135974,692009,2
1395922,2019-12-29,2020-01-19,,135990,389555,2
1395923,2019-12-29,2020-01-19,,136118,35789,2
1395924,2019-12-29,2020-01-19,,136226,232045,2
1395925,2019-12-29,2020-01-19,,136266,827491,2
1395926,2019-12-29,2020-01-19,,136331,498213,2
1395927,2019-12-29,2020-01-19,,136353,696875,2
1395928,2019-12-29,2020-01-19,,136442,309568,2
1395929,2019-12-29,2020-01-19,,136468,178871,2
1395930,2019-12-29,2020-01-19,,136468,671590,2
1395931,2019-12-29,2020-01-19,,136468,849929,2
1395932,2019-12-29,2020-01-19,,136468,881246,2
1395933,2019-12-29,2020-01-19,,136524,469328,2
1395934,2019-12-29,2020-01-19,,136589,122088,2
1395935,2019-12-29,2020-01-19,,136602,695824,2
1395936,2019-12-29,2020-01-19,,136854,301229,2
1395937,2019-12-29,2020-01-19,,136854,302117,2
1395938,2019-12-29,2020-01-19,,136854,607555,2
1395939,2019-12-29,2020-01-19,,137251,758511,2
1395940,2019-12-29,2020-01-19,,137251,878919,2
1395941,2019-12-29,2020-01-19,,137349,430674,2
1395942,2019-12-29,2020-01-19,,137627,36992,2
1395943,2019-12-29,2020-01-19,,137645,453922,2
1395944,2019-12-29,2020-01-19,,137863,474433,2
1395945,2019-12-29,2020-01-19,,137896,732051,2
1395946,2019-12-29,2020-01-19,,138144,383763,2
1395947,2019-12-29,2020-01-19,,138250,104375,2
1395948,2019-12-29,2020-01-19,,138268,503939,2
1395949,2019-12-29,2020-01-19,,138299,114907,2
1395950,2019-12-29,2020-01-19,,138326,938315,2
1395951,2019-12-29,2020-01-19,,138382,433349,2
1395952,2019-12-29,2020-01-19,,138593,101624,2
1395953,2019-12-29,2020-01-19,,138602,380453,2
1395954,2019-12-29,2020-01-19,,138723,802247,2
1395955,2019-12-29,2020-01-19,,138826,228473,2
1395956,2019-12-29,2020-01-19,,138826,875613,2
1395957,2019-12-29,2020-01-19,,138889,355680,2
1395958,2019-12-29,2020-01-19,,138890,707729,2
1395959,2019-12-29,2020-01-19,,138890,844515,2
1395960,2019-12-29,2020-01-19,,138899,680547,2
1395961,2019-12-29,2020-01-19,,139052,112734,2
1395962,2019-12-29,2020-01-19,,139468,278923,2
1395963,2019-12-29,2020-01-19,,139561,741731,2
1395964,2019-12-29,2020-01-19,,139732,568299,2
1395965,2019-12-29,2020-01-19,,139733,309146,2
1395966,2019-12-29,2020-01-19,,139817,910868,2
1395967,2019-12-29,2020-01-19,,139877,669647,2
1395968,2019-12-29,2020-01-19,,139899,166474,2
1395969,2019-12-29,2020-01-19,,140155,104376,2
1395970,2019-12-29,2020-01-19,,140155,845007,2
1395971,2019-12-29,2020-01-19,,140433,177225,2
1395972,2019-12-29,2020-01-19,,140535,371811,2
1395973,2019-12-29,2020-01-19,,140632,403040,2
1395974,2019-12-29,2020-01-19,,140932,847885,2
1395975,2019-12-29,2020-01-19,,141152,194710,2
1395976,2019-12-29,2020-01-19,,141280,248501,2
1395977,2019-12-29,2020-01-19,,141369,247499,2
1395978,2019-12-29,2020-01-19,,141392,38534,2
1395979,2019-12-29,2020-01-19,,141418,93519,2
1395980,2019-12-29,2020-01-19,,141453,700014,2
1395981,2019-12-29,2020-01-19,,141609,744963,2
1395982,2019-12-29,2020-01-19,,141698,123383,2
1395983,2019-12-29,2020-01-19,,141730,714632,2
1395984,2019-12-29,2020-01-19,,141766,224718,2
1395985,2019-12-29,2020-01-19,,141901,650138,2
1395986,2019-12-29,2020-01-19,,142007,186139,2
1395987,2019-12-29,2020-01-19,,142107,178309,2
1395988,2019-12-29,2020-01-19,,142107,250746,2
1395989,2019-12-29,2020-01-19,,142107,301251,2
1395990,2019-12-29,2020-01-19,,142107,478250,2
1395991,2019-12-29,2020-01-19,,142107,525409,2
1395992,2019-12-29,2020-01-19,,142107,705010,2
1395993,2019-12-29,2020-01-19,,142107,736709,2
1395994,2019-12-29,2020-01-19,,142107,767535,2
1395995,2019-12-29,2020-01-19,,142107,782268,2
1395996,2019-12-29,2020-01-19,,142116,550551,2
1395997,2019-12-29,2020-01-19,,142160,526518,2
1395998,2019-12-29,2020-01-19,,142194,451414,2
1395999,2019-12-29,2020-01-19,,142194,551020,2
1396000,2019-12-29,2020-01-19,,142194,653566,2
1396001,2019-12-29,2020-01-19,,142194,755761,2
1396002,2019-12-29,2020-01-19,,142263,773748,2
1396003,2019-12-29,2020-01-19,,142375,51671,2
1396004,2019-12-29,2020-01-19,,142375,69093,2
1396005,2019-12-29,2020-01-19,,142375,81885,2
1396006,2019-12-29,2020-01-19,,142375,105381,2
1396007,2019-12-29,2020-01-19,,142375,142704,2
1396008,2019-12-29,2020-01-19,,142375,204523,2
1396009,2019-12-29,2020-01-19,,142375,615983,2
1396010,2019-12-29,2020-01-19,,142375,781113,2
1396011,2019-12-29,2020-01-19,,142375,801122,2
1396012,2019-12-29,2020-01-19,,142375,923937,2
1396013,2019-12-29,2020-01-19,,142563,215878,2
1396014,2019-12-29,2020-01-19,,142574,845867,2
1396015,2019-12-29,2020-01-19,,142593,154598,2
1396016,2019-12-29,2020-01-19,,142617,146838,2
1396017,2019-12-29,2020-01-19,,142741,171405,2
1396018,2019-12-29,2020-01-19,,142753,121331,2
1396019,2019-12-29,2020-01-19,,142784,122710,2
1396020,2019-12-29,2020-01-19,,142998,275441,2
1396021,2019-12-29,2020-01-19,,143072,443094,2
1396022,2019-12-29,2020-01-19,,143275,4827,2
1396023,2019-12-29,2020-01-19,,143286,61770,2
1396024,2019-12-29,2020-01-19,,143355,34575,2
1396025,2019-12-29,2020-01-19,,143414,734321,2
1396026,2019-12-29,2020-01-19,,143496,869560,2
1396027,2019-12-29,2020-01-19,,143619,891056,2
1396028,2019-12-29,2020-01-19,,143894,275273,2
1396029,2019-12-29,2020-01-19,,143898,938261,2
1396030,2019-12-29,2020-01-19,,144004,684716,2
1396031,2019-12-29,2020-01-19,,144197,397855,2
1396032,2019-12-29,2020-01-19,,144231,104250,2
1396033,2019-12-29,2020-01-19,,144423,390216,2
1396034,2019-12-29,2020-01-19,,144433,106610,2
1396035,2019-12-29,2020-01-19,,144580,715859,2
1396036,2019-12-29,2020-01-19,,144791,532593,2
1396037,2019-12-29,2020-01-19,,144831,163325,2
1396038,2019-12-29,2020-01-19,,144853,819543,2
1396039,2019-12-29,2020-01-19,,144920,46400,2
1396040,2019-12-29,2020-01-19,,144920,385105,2
1396041,2019-12-29,2020-01-19,,144920,411446,2
1396042,2019-12-29,2020-01-19,,144920,442074,2
1396043,2019-12-29,2020-01-19,,145046,23834,2
1396044,2019-12-29,2020-01-19,,145204,74480,2
1396045,2019-12-29,2020-01-19,,145213,560760,2
1396046,2019-12-29,2020-01-19,,145260,568377,2
1396047,2019-12-29,2020-01-19,,145397,951188,2
1396048,2019-12-29,2020-01-19,,145415,903059,2
1396049,2019-12-29,2020-01-19,,145715,510193,2
1396050,2019-12-29,2020-01-19,,145946,422353,2
1396051,2019-12-29,2020-01-19,,145962,382877,2
1396052,2019-12-29,2020-01-19,,146028,900513,2
1396053,2019-12-29,2020-01-19,,146150,559125,2
1396054,2019-12-29,2020-01-19,,146305,380420,2
1396055,2019-12-29,2020-01-19,,146384,882360,2
1396056,2019-12-29,2020-01-19,,146441,698754,2
1396057,2019-12-29,2020-01-19,,146441,832176,2
1396058,2019-12-29,2020-01-19,,146463,168756,2
1396059,2019-12-29,2020-01-19,,146463,472409,2
1396060,2019-12-29,2020-01-19,,146463,632049,2
1396061,2019-12-29,2020-01-19,,146537,768125,2
1396062,2019-12-29,2020-01-19,,146556,653486,2
1396063,2019-12-29,2020-01-19,,146712,134843,2
1396064,2019-12-29,2020-01-19,,146730,681263,2
1396065,2019-12-29,2020-01-19,,146801,750533,2
1396066,2019-12-29,2020-01-19,,146929,1287,2
1396067,2019-12-29,2020-01-19,,147081,366451,2
1396068,2019-12-29,2020-01-19,,147110,314539,2
1396069,2019-12-29,2020-01-19,,147180,77033,2
1396070,2019-12-29,2020-01-19,,147236,657741,2
1396071,2019-12-29,2020-01-19,,147790,7644,2
1396072,2019-12-29,2020-01-19,,147945,633153,2
1396073,2019-12-29,2020-01-19,,148048,611796,2
1396074,2019-12-29,2020-01-19,,148097,428520,2
1396075,2019-12-29,2020-01-19,,148098,788450,2
1396076,2019-12-29,2020-01-19,,148198,923212,2
1396077,2019-12-29,2020-01-19,,148201,300068,2
1396078,2019-12-29,2020-01-19,,148266,26215,2
1396079,2019-12-29,2020-01-19,,148583,890311,2
1396080,2019-12-29,2020-01-19,,148762,494971,2
1396081,2019-12-29,2020-01-19,,148966,105733,2
1396082,2019-12-29,2020-01-19,,149082,9463,2
1396083,2019-12-29,2020-01-19,,149109,135469,2
1396084,2019-12-29,2020-01-19,,149219,529632,2
1396085,2019-12-29,2020-01-19,,149226,532285,2
1396086,2019-12-29,2020-01-19,,149535,35618,2
1396087,2019-12-29,2020-01-19,,149539,663324,2
1396088,2019-12-29,2020-01-19,,149942,86899,2
1396089,2019-12-29,2020-01-19,,149956,68443,2
1396090,2019-12-29,2020-01-19,,149956,698755,2
1396091,2019-12-29,2020-01-19,,150008,265045,2
1396092,2019-12-29,2020-01-19,,150125,582422,2
1396093,2019-12-29,2020-01-19,,150148,9663,2
1396094,2019-12-29,2020-01-19,,150148,184128,2
1396095,2019-12-29,2020-01-19,,150148,396737,2
1396096,2019-12-29,2020-01-19,,150148,638954,2
1396097,2019-12-29,2020-01-19,,150148,881589,2
1396098,2019-12-29,2020-01-19,,150173,887200,2
1396099,2019-12-29,2020-01-19,,150249,845608,2
1396100,2019-12-29,2020-01-19,,150411,268876,2
1396101,2019-12-29,2020-01-19,,150491,621701,2
1396102,2019-12-29,2020-01-19,,150605,910000,2
1396103,2019-12-29,2020-01-19,,150618,632047,2
1396104,2019-12-29,2020-01-19,,150638,471177,2
1396105,2019-12-29,2020-01-19,,150733,188844,2
1396106,2019-12-29,2020-01-19,,150822,279080,2
1396107,2019-12-29,2020-01-19,,150998,661558,2
1396108,2019-12-29,2020-01-19,,151076,567008,2
1396109,2019-12-29,2020-01-19,,151076,889456,2
1396110,2019-12-29,2020-01-19,,151149,92134,2
1396111,2019-12-29,2020-01-19,,151179,228467,2
1396112,2019-12-29,2020-01-19,,151181,501667,2
1396113,2019-12-29,2020-01-19,,151557,357426,2
1396114,2019-12-29,2020-01-19,,151618,663477,2
1396115,2019-12-29,2020-01-19,,151690,43651,2
1396116,2019-12-29,2020-01-19,,151804,799404,2
1396117,2019-12-29,2020-01-19,,151933,231011,2
1396118,2019-12-29,2020-01-19,,152333,329732,2
1396119,2019-12-29,2020-01-19,,152724,599137,2
1396120,2019-12-29,2020-01-19,,152748,153103,2
1396121,2019-12-29,2020-01-19,,152815,343005,2
1396122,2019-12-29,2020-01-19,,152969,379975,2
1396123,2019-12-29,2020-01-19,,153040,735419,2
1396124,2019-12-29,2020-01-19,,153209,713865,2
1396125,2019-12-29,2020-01-19,,153271,827421,2
1396126,2019-12-29,2020-01-19,,153541,143078,2
1396127,2019-12-29,2020-01-19,,153669,420686,2
1396128,2019-12-29,2020-01-19,,153864,21867,2
1396129,2019-12-29,2020-01-19,,153864,103808,2
1396130,2019-12-29,2020-01-19,,153877,368338,2
1396131,2019-12-29,2020-01-19,,153992,238089,2
1396132,2019-12-29,2020-01-19,,154025,437947,2
1396133,2019-12-29,2020-01-19,,154064,606496,2
1396134,2019-12-29,2020-01-19,,154144,241328,2
1396135,2019-12-29,2020-01-19,,154144,452511,2
1396136,2019-12-29,2020-01-19,,154225,381383,2
1396137,2019-12-29,2020-01-19,,154232,672165,2
1396138,2019-12-29,2020-01-19,,154389,120917,2
1396139,2019-12-29,2020-01-19,,154398,534602,2
1396140,2019-12-29,2020-01-19,,154458,745392,2
1396141,2019-12-29,2020-01-19,,154466,321161,2
1396142,2019-12-29,2020-01-19,,154563,377701,2
1396143,2019-12-29,2020-01-19,,154657,758502,2
1396144,2019-12-29,2020-01-19,,154769,122656,2
1396145,2019-12-29,2020-01-19,,154871,421117,2
1396146,2019-12-29,2020-01-19,,154887,694480,2
1396147,2019-12-29,2020-01-19,,155004,486470,2
1396148,2019-12-29,2020-01-19,,155023,642390,2
1396149,2019-12-29,2020-01-19,,155028,386834,2
1396150,2019-12-29,2020-01-19,,155181,80067,2
1396151,2019-12-29,2020-01-19,,155181,92382,2
1396152,2019-12-29,2020-01-19,,155181,275801,2
1396153,2019-12-29,2020-01-19,,155431,215835,2
1396154,2019-12-29,2020-01-19,,155431,728237,2
1396155,2019-12-29,2020-01-19,,155453,528560,2
1396156,2019-12-29,2020-01-19,,155594,149811,2
1396157,2019-12-29,2020-01-19,,155623,142487,2
1396158,2019-12-29,2020-01-19,,155694,299001,2
1396159,2019-12-29,2020-01-19,,155722,668433,2
1396160,2019-12-29,2020-01-19,,155948,186185,2
1396161,2019-12-29,2020-01-19,,156116,880686,2
1396162,2019-12-29,2020-01-19,,156327,698884,2
1396163,2019-12-29,2020-01-19,,156413,178068,2
1396164,2019-12-29,2020-01-19,,156422,176150,2
1396165,2019-12-29,2020-01-19,,156456,574981,2
1396166,2019-12-29,2020-01-19,,156456,603916,2
1396167,2019-12-29,2020-01-19,,156497,688915,2
1396168,2019-12-29,2020-01-19,,156677,581169,2
1396169,2019-12-29,2020-01-19,,156722,249516,2
1396170,2019-12-29,2020-01-19,,156796,250791,2
1396171,2019-12-29,2020-01-19,,156953,267621,2
1396172,2019-12-29,2020-01-19,,156953,745424,2
1396173,2019-12-29,2020-01-19,,157086,140822,2
1396174,2019-12-29,2020-01-19,,157103,652154,2
1396175,2019-12-29,2020-01-19,,157111,466096,2
1396176,2019-12-29,2020-01-19,,157145,370801,2
1396177,2019-12-29,2020-01-19,,157308,456805,2
1396178,2019-12-29,2020-01-19,,157460,10878,2
1396179,2019-12-29,2020-01-19,,157507,518370,2
1396180,2019-12-29,2020-01-19,,157525,657592,2
1396181,2019-12-29,2020-01-19,,157632,72093,2
1396182,2019-12-29,2020-01-19,,157701,683244,2
1396183,2019-12-29,2020-01-19,,157842,118299,2
1396184,2019-12-29,2020-01-19,,157936,699003,2
1396185,2019-12-29,2020-01-19,,158077,346304,2
1396186,2019-12-29,2020-01-19,,158125,831906,2
1396187,2019-12-29,2020-01-19,,158319,652130,2
1396188,2019-12-29,2020-01-19,,158379,891657,2
1396189,2019-12-29,2020-01-19,,158436,99387,2
1396190,2019-12-29,2020-01-19,,158518,698756,2
1396191,2019-12-29,2020-01-19,,158666,736860,2
1396192,2019-12-29,2020-01-19,,158717,784818,2
1396193,2019-12-29,2020-01-19,,158877,817642,2
1396194,2019-12-29,2020-01-19,,158879,146123,2
1396195,2019-12-29,2020-01-19,,158879,764022,2
1396196,2019-12-29,2020-01-19,,159039,307755,2
1396197,2019-12-29,2020-01-19,,159067,550430,2
1396198,2019-12-29,2020-01-19,,159078,649630,2
1396199,2019-12-29,2020-01-19,,159141,601299,2
1396200,2019-12-29,2020-01-19,,159234,924551,2
1396201,2019-12-29,2020-01-19,,159332,443711,2
1396202,2019-12-29,2020-01-19,,159353,266134,2
1396203,2019-12-29,2020-01-19,,159353,648761,2
1396204,2019-12-29,2020-01-19,,159360,40340,2
1396205,2019-12-29,2020-01-19,,159374,824240,2
1396206,2019-12-29,2020-01-19,,159382,430612,2
1396207,2019-12-29,2020-01-19,,159530,606073,2
1396208,2019-12-29,2020-01-19,,159573,879259,2
1396209,2019-12-30,2020-01-20,,105,153545,2
1396210,2019-12-30,2020-01-20,,125,342459,2
1396211,2019-12-30,2020-01-20,,150,265464,2
1396212,2019-12-30,2020-01-20,,296,650262,2
1396213,2019-12-30,2020-01-20,,340,478209,2
1396214,2019-12-30,2020-01-20,,422,321002,2
1396215,2019-12-30,2020-01-20,,681,337632,2
1396216,2019-12-30,2020-01-20,,774,96390,2
1396217,2019-12-30,2020-01-20,,853,94313,2
1396218,2019-12-30,2020-01-20,,873,801999,2
1396219,2019-12-30,2020-01-20,,1027,951703,2
1396220,2019-12-30,2020-01-20,,1058,378419,2
1396221,2019-12-30,2020-01-20,,1058,865067,2
1396222,2019-12-30,2020-01-20,,1081,43933,2
1396223,2019-12-30,2020-01-20,,1147,631152,2
1396224,2019-12-30,2020-01-20,,1220,320295,2
1396225,2019-12-30,2020-01-20,,1447,146918,2
1396226,2019-12-30,2020-01-20,,1447,175697,2
1396227,2019-12-30,2020-01-20,,1488,751920,2
1396228,2019-12-30,2020-01-20,,1571,698806,2
1396229,2019-12-30,2020-01-20,,1700,493585,2
1396230,2019-12-30,2020-01-20,,1723,92054,2
1396231,2019-12-30,2020-01-20,,1739,750228,2
1396232,2019-12-30,2020-01-20,,1770,536598,2
1396233,2019-12-30,2020-01-20,,1844,599553,2
1396234,2019-12-30,2020-01-20,,1871,664709,2
1396235,2019-12-30,2020-01-20,,1903,717497,2
1396236,2019-12-30,2020-01-20,,2114,136252,2
1396237,2019-12-30,2020-01-20,,2154,137581,2
1396238,2019-12-30,2020-01-20,,2319,577005,2
1396239,2019-12-30,2020-01-20,,2445,850336,2
1396240,2019-12-30,2020-01-20,,2472,585473,2
1396241,2019-12-30,2020-01-20,,2511,785487,2
1396242,2019-12-30,2020-01-20,,2526,151688,2
1396243,2019-12-30,2020-01-20,,2526,755673,2
1396244,2019-12-30,2020-01-20,,2526,826884,2
1396245,2019-12-30,2020-01-20,,2597,318233,2
1396246,2019-12-30,2020-01-20,,2753,636603,2
1396247,2019-12-30,2020-01-20,,2780,671120,2
1396248,2019-12-30,2020-01-20,,2785,660438,2
1396249,2019-12-30,2020-01-20,,2881,211960,2
1396250,2019-12-30,2020-01-20,,2891,718817,2
1396251,2019-12-30,2020-01-20,,2999,616430,2
1396252,2019-12-30,2020-01-20,,3082,568210,2
1396253,2019-12-30,2020-01-20,,3082,845040,2
1396254,2019-12-30,2020-01-20,,3358,88510,2
1396255,2019-12-30,2020-01-20,,3358,755302,2
1396256,2019-12-30,2020-01-20,,3358,759741,2
1396257,2019-12-30,2020-01-20,,3372,145590,2
1396258,2019-12-30,2020-01-20,,3512,636861,2
1396259,2019-12-30,2020-01-20,,3520,650225,2
1396260,2019-12-30,2020-01-20,,3725,90723,2
1396261,2019-12-30,2020-01-20,,3725,144249,2
1396262,2019-12-30,2020-01-20,,3878,38208,2
1396263,2019-12-30,2020-01-20,,3898,774890,2
1396264,2019-12-30,2020-01-20,,4067,327043,2
1396265,2019-12-30,2020-01-20,,4068,842939,2
1396266,2019-12-30,2020-01-20,,4074,379953,2
1396267,2019-12-30,2020-01-20,,4253,256813,2
1396268,2019-12-30,2020-01-20,,4288,843758,2
1396269,2019-12-30,2020-01-20,,4627,311859,2
1396270,2019-12-30,2020-01-20,,4627,453838,2
1396271,2019-12-30,2020-01-20,,4627,927253,2
1396272,2019-12-30,2020-01-20,,4640,344620,2
1396273,2019-12-30,2020-01-20,,4648,80831,2
1396274,2019-12-30,2020-01-20,,4682,25691,2
1396275,2019-12-30,2020-01-20,,4752,915485,2
1396276,2019-12-30,2020-01-20,,4769,899734,2
1396277,2019-12-30,2020-01-20,,4837,253097,2
1396278,2019-12-30,2020-01-20,,4918,196031,2
1396279,2019-12-30,2020-01-20,,4918,759221,2
1396280,2019-12-30,2020-01-20,,4918,893166,2
1396281,2019-12-30,2020-01-20,,5103,634079,2
1396282,2019-12-30,2020-01-20,,5270,336612,2
1396283,2019-12-30,2020-01-20,,5270,687334,2
1396284,2019-12-30,2020-01-20,,5311,394638,2
1396285,2019-12-30,2020-01-20,,5332,784333,2
1396286,2019-12-30,2020-01-20,,5549,686784,2
1396287,2019-12-30,2020-01-20,,5592,878457,2
1396288,2019-12-30,2020-01-20,,5598,944826,2
1396289,2019-12-30,2020-01-20,,5646,346896,2
1396290,2019-12-30,2020-01-20,,5674,11598,2
1396291,2019-12-30,2020-01-20,,5674,594844,2
1396292,2019-12-30,2020-01-20,,5836,357304,2
1396293,2019-12-30,2020-01-20,,6141,375660,2
1396294,2019-12-30,2020-01-20,,6236,698757,2
1396295,2019-12-30,2020-01-20,,6315,882290,2
1396296,2019-12-30,2020-01-20,,6420,418865,2
1396297,2019-12-30,2020-01-20,,6437,191469,2
1396298,2019-12-30,2020-01-20,,6454,378224,2
1396299,2019-12-30,2020-01-20,,6517,647405,2
1396300,2019-12-30,2020-01-20,,6555,403169,2
1396301,2019-12-30,2020-01-20,,6665,354086,2
1396302,2019-12-30,2020-01-20,,6708,33073,2
1396303,2019-12-30,2020-01-20,,6725,27619,2
1396304,2019-12-30,2020-01-20,,6725,472686,2
1396305,2019-12-30,2020-01-20,,6725,511092,2
1396306,2019-12-30,2020-01-20,,6725,585693,2
1396307,2019-12-30,2020-01-20,,6754,319431,2
1396308,2019-12-30,2020-01-20,,6810,514165,2
1396309,2019-12-30,2020-01-20,,7015,796378,2
1396310,2019-12-30,2020-01-20,,7296,517884,2
1396311,2019-12-30,2020-01-20,,7309,154589,2
1396312,2019-12-30,2020-01-20,,7371,658221,2
1396313,2019-12-30,2020-01-20,,7459,692349,2
1396314,2019-12-30,2020-01-20,,7493,381139,2
1396315,2019-12-30,2020-01-20,,7645,14449,2
1396316,2019-12-30,2020-01-20,,8153,494661,2
1396317,2019-12-30,2020-01-20,,8163,394084,2
1396318,2019-12-30,2020-01-20,,8163,485515,2
1396319,2019-12-30,2020-01-20,,8164,238842,2
1396320,2019-12-30,2020-01-20,,8213,668426,2
1396321,2019-12-30,2020-01-20,,8225,385794,2
1396322,2019-12-30,2020-01-20,,8309,356118,2
1396323,2019-12-30,2020-01-20,,8333,189135,2
1396324,2019-12-30,2020-01-20,,8413,311500,2
1396325,2019-12-30,2020-01-20,,8422,133571,2
1396326,2019-12-30,2020-01-20,,8532,278692,2
1396327,2019-12-30,2020-01-20,,8537,811188,2
1396328,2019-12-30,2020-01-20,,8586,930965,2
1396329,2019-12-30,2020-01-20,,8668,230579,2
1396330,2019-12-30,2020-01-20,,8904,741788,2
1396331,2019-12-30,2020-01-20,,9229,456018,2
1396332,2019-12-30,2020-01-20,,9275,333110,2
1396333,2019-12-30,2020-01-20,,9294,604948,2
1396334,2019-12-30,2020-01-20,,9340,186619,2
1396335,2019-12-30,2020-01-20,,9562,174012,2
1396336,2019-12-30,2020-01-20,,9570,823281,2
1396337,2019-12-30,2020-01-20,,9700,192432,2
1396338,2019-12-30,2020-01-20,,9707,91302,2
1396339,2019-12-30,2020-01-20,,9843,664402,2
1396340,2019-12-30,2020-01-20,,9910,238661,2
1396341,2019-12-30,2020-01-20,,9930,496669,2
1396342,2019-12-30,2020-01-20,,9985,372216,2
1396343,2019-12-30,2020-01-20,,10062,463070,2
1396344,2019-12-30,2020-01-20,,10093,691411,2
1396345,2019-12-30,2020-01-20,,10147,242584,2
1396346,2019-12-30,2020-01-20,,10151,944563,2
1396347,2019-12-30,2020-01-20,,10193,589439,2
1396348,2019-12-30,2020-01-20,,10432,747711,2
1396349,2019-12-30,2020-01-20,,10449,32334,2
1396350,2019-12-30,2020-01-20,,10608,464911,2
1396351,2019-12-30,2020-01-20,,10682,238654,2
1396352,2019-12-30,2020-01-20,,10865,912018,2
1396353,2019-12-30,2020-01-20,,10924,6563,2
1396354,2019-12-30,2020-01-20,,10960,707487,2
1396355,2019-12-30,2020-01-20,,10996,406584,2
1396356,2019-12-30,2020-01-20,,11134,931311,2
1396357,2019-12-30,2020-01-20,,11138,281812,2
1396358,2019-12-30,2020-01-20,,11138,439309,2
1396359,2019-12-30,2020-01-20,,11298,925590,2
1396360,2019-12-30,2020-01-20,,11658,457687,2
1396361,2019-12-30,2020-01-20,,11854,26736,2
1396362,2019-12-30,2020-01-20,,11854,208684,2
1396363,2019-12-30,2020-01-20,,11854,785800,2
1396364,2019-12-30,2020-01-20,,11859,433835,2
1396365,2019-12-30,2020-01-20,,11903,660567,2
1396366,2019-12-30,2020-01-20,,11929,175379,2
1396367,2019-12-30,2020-01-20,,12012,744486,2
1396368,2019-12-30,2020-01-20,,12096,262546,2
1396369,2019-12-30,2020-01-20,,12120,741419,2
1396370,2019-12-30,2020-01-20,,12256,836215,2
1396371,2019-12-30,2020-01-20,,12499,861508,2
1396372,2019-12-30,2020-01-20,,12709,631526,2
1396373,2019-12-30,2020-01-20,,12729,95647,2
1396374,2019-12-30,2020-01-20,,12846,58736,2
1396375,2019-12-30,2020-01-20,,12931,685346,2
1396376,2019-12-30,2020-01-20,,13441,303954,2
1396377,2019-12-30,2020-01-20,,13463,198755,2
1396378,2019-12-30,2020-01-20,,13489,405196,2
1396379,2019-12-30,2020-01-20,,13547,166966,2
1396380,2019-12-30,2020-01-20,,13547,398517,2
1396381,2019-12-30,2020-01-20,,13626,766355,2
1396382,2019-12-30,2020-01-20,,13696,646655,2
1396383,2019-12-30,2020-01-20,,13704,103945,2
1396384,2019-12-30,2020-01-20,,13768,210845,2
1396385,2019-12-30,2020-01-20,,13798,394078,2
1396386,2019-12-30,2020-01-20,,13798,900758,2
1396387,2019-12-30,2020-01-20,,13839,650149,2
1396388,2019-12-30,2020-01-20,,13948,925188,2
1396389,2019-12-30,2020-01-20,,14132,927467,2
1396390,2019-12-30,2020-01-20,,14307,260909,2
1396391,2019-12-30,2020-01-20,,14369,676137,2
1396392,2019-12-30,2020-01-20,,14400,617986,2
1396393,2019-12-30,2020-01-20,,14437,775730,2
1396394,2019-12-30,2020-01-20,,14660,188217,2
1396395,2019-12-30,2020-01-20,,14660,189208,2
1396396,2019-12-30,2020-01-20,,14660,880883,2
1396397,2019-12-30,2020-01-20,,14679,754605,2
1396398,2019-12-30,2020-01-20,,14793,938925,2
1396399,2019-12-30,2020-01-20,,14881,496356,2
1396400,2019-12-30,2020-01-20,,15096,763311,2
1396401,2019-12-30,2020-01-20,,15097,228319,2
1396402,2019-12-30,2020-01-20,,15288,512680,2
1396403,2019-12-30,2020-01-20,,15300,532752,2
1396404,2019-12-30,2020-01-20,,15435,321725,2
1396405,2019-12-30,2020-01-20,,15534,883060,2
1396406,2019-12-30,2020-01-20,,15594,561449,2
1396407,2019-12-30,2020-01-20,,15649,224068,2
1396408,2019-12-30,2020-01-20,,15779,572807,2
1396409,2019-12-30,2020-01-20,,15804,606458,2
1396410,2019-12-30,2020-01-20,,16006,686222,2
1396411,2019-12-30,2020-01-20,,16053,382733,2
1396412,2019-12-30,2020-01-20,,16053,698885,2
1396413,2019-12-30,2020-01-20,,16116,207396,2
1396414,2019-12-30,2020-01-20,,16148,776845,2
1396415,2019-12-30,2020-01-20,,16193,844279,2
1396416,2019-12-30,2020-01-20,,16215,312765,2
1396417,2019-12-30,2020-01-20,,16426,304453,2
1396418,2019-12-30,2020-01-20,,16507,518158,2
1396419,2019-12-30,2020-01-20,,16674,306518,2
1396420,2019-12-30,2020-01-20,,16674,679272,2
1396421,2019-12-30,2020-01-20,,16674,769609,2
1396422,2019-12-30,2020-01-20,,17109,104190,2
1396423,2019-12-30,2020-01-20,,17277,399800,2
1396424,2019-12-30,2020-01-20,,17277,535009,2
1396425,2019-12-30,2020-01-20,,17277,837991,2
1396426,2019-12-30,2020-01-20,,17399,372297,2
1396427,2019-12-30,2020-01-20,,17476,932694,2
1396428,2019-12-30,2020-01-20,,17491,811765,2
1396429,2019-12-30,2020-01-20,,17594,739780,2
1396430,2019-12-30,2020-01-20,,17698,254210,2
1396431,2019-12-30,2020-01-20,,17842,918001,2
1396432,2019-12-30,2020-01-20,,17964,657119,2
1396433,2019-12-30,2020-01-20,,18049,56231,2
1396434,2019-12-30,2020-01-20,,18104,289589,2
1396435,2019-12-30,2020-01-20,,18268,524882,2
1396436,2019-12-30,2020-01-20,,18466,54559,2
1396437,2019-12-30,2020-01-20,,18494,819371,2
1396438,2019-12-30,2020-01-20,,18499,540030,2
1396439,2019-12-30,2020-01-20,,18561,428537,2
1396440,2019-12-30,2020-01-20,,18640,699206,2
1396441,2019-12-30,2020-01-20,,18673,175702,2
1396442,2019-12-30,2020-01-20,,18817,348103,2
1396443,2019-12-30,2020-01-20,,18818,376134,2
1396444,2019-12-30,2020-01-20,,18871,200545,2
1396445,2019-12-30,2020-01-20,,18964,88546,2
1396446,2019-12-30,2020-01-20,,18970,866691,2
1396447,2019-12-30,2020-01-20,,18996,846669,2
1396448,2019-12-30,2020-01-20,,19038,846049,2
1396449,2019-12-30,2020-01-20,,19054,375182,2
1396450,2019-12-30,2020-01-20,,19235,929755,2
1396451,2019-12-30,2020-01-20,,19480,263471,2
1396452,2019-12-30,2020-01-20,,19499,675240,2
1396453,2019-12-30,2020-01-20,,19610,507176,2
1396454,2019-12-30,2020-01-20,,19744,777569,2
1396455,2019-12-30,2020-01-20,,19758,740256,2
1396456,2019-12-30,2020-01-20,,19804,63605,2
1396457,2019-12-30,2020-01-20,,19838,33285,2
1396458,2019-12-30,2020-01-20,,19849,709257,2
1396459,2019-12-30,2020-01-20,,19962,741018,2
1396460,2019-12-30,2020-01-20,,20032,863339,2
1396461,2019-12-30,2020-01-20,,20034,441321,2
1396462,2019-12-30,2020-01-20,,20187,493534,2
1396463,2019-12-30,2020-01-20,,20262,492154,2
1396464,2019-12-30,2020-01-20,,20294,214980,2
1396465,2019-12-30,2020-01-20,,20517,491482,2
1396466,2019-12-30,2020-01-20,,20554,584116,2
1396467,2019-12-30,2020-01-20,,20723,867493,2
1396468,2019-12-30,2020-01-20,,20755,140840,2
1396469,2019-12-30,2020-01-20,,20792,316494,2
1396470,2019-12-30,2020-01-20,,20830,711046,2
1396471,2019-12-30,2020-01-20,,20946,194524,2
1396472,2019-12-30,2020-01-20,,21031,364602,2
1396473,2019-12-30,2020-01-20,,21063,471849,2
1396474,2019-12-30,2020-01-20,,21122,845330,2
1396475,2019-12-30,2020-01-20,,21154,811530,2
1396476,2019-12-30,2020-01-20,,21173,683007,2
1396477,2019-12-30,2020-01-20,,21312,2490,2
1396478,2019-12-30,2020-01-20,,21382,890036,2
1396479,2019-12-30,2020-01-20,,21418,662661,2
1396480,2019-12-30,2020-01-20,,21496,322051,2
1396481,2019-12-30,2020-01-20,,21531,207680,2
1396482,2019-12-30,2020-01-20,,21612,658326,2
1396483,2019-12-30,2020-01-20,,21708,348422,2
1396484,2019-12-30,2020-01-20,,21795,9050,2
1396485,2019-12-30,2020-01-20,,21803,954825,2
1396486,2019-12-30,2020-01-20,,21838,876803,2
1396487,2019-12-30,2020-01-20,,21888,343253,2
1396488,2019-12-30,2020-01-20,,21972,844920,2
1396489,2019-12-30,2020-01-20,,22021,658105,2
1396490,2019-12-30,2020-01-20,,22772,147353,2
1396491,2019-12-30,2020-01-20,,23141,366501,2
1396492,2019-12-30,2020-01-20,,23152,218224,2
1396493,2019-12-30,2020-01-20,,23152,238409,2
1396494,2019-12-30,2020-01-20,,23276,801676,2
1396495,2019-12-30,2020-01-20,,23569,670362,2
1396496,2019-12-30,2020-01-20,,23872,14303,2
1396497,2019-12-30,2020-01-20,,23916,350386,2
1396498,2019-12-30,2020-01-20,,24190,754737,2
1396499,2019-12-30,2020-01-20,,24365,453923,2
1396500,2019-12-30,2020-01-20,,24521,18473,2
1396501,2019-12-30,2020-01-20,,24570,203000,2
1396502,2019-12-30,2020-01-20,,24685,621286,2
1396503,2019-12-30,2020-01-20,,24750,180527,2
1396504,2019-12-30,2020-01-20,,24766,844570,2
1396505,2019-12-30,2020-01-20,,24831,519461,2
1396506,2019-12-30,2020-01-20,,24888,201393,2
1396507,2019-12-30,2020-01-20,,24888,421260,2
1396508,2019-12-30,2020-01-20,,24888,580093,2
1396509,2019-12-30,2020-01-20,,25046,421257,2
1396510,2019-12-30,2020-01-20,,25046,847877,2
1396511,2019-12-30,2020-01-20,,25046,861784,2
1396512,2019-12-30,2020-01-20,,25128,728996,2
1396513,2019-12-30,2020-01-20,,25160,845041,2
1396514,2019-12-30,2020-01-20,,25222,432431,2
1396515,2019-12-30,2020-01-20,,25259,164132,2
1396516,2019-12-30,2020-01-20,,25362,270736,2
1396517,2019-12-30,2020-01-20,,25612,954363,2
1396518,2019-12-30,2020-01-20,,25859,600661,2
1396519,2019-12-30,2020-01-20,,26210,620802,2
1396520,2019-12-30,2020-01-20,,26220,849666,2
1396521,2019-12-30,2020-01-20,,26343,569361,2
1396522,2019-12-30,2020-01-20,,26359,573965,2
1396523,2019-12-30,2020-01-20,,26516,759516,2
1396524,2019-12-30,2020-01-20,,26606,50522,2
1396525,2019-12-30,2020-01-20,,26650,812992,2
1396526,2019-12-30,2020-01-20,,26708,483584,2
1396527,2019-12-30,2020-01-20,,26870,28902,2
1396528,2019-12-30,2020-01-20,,26915,387829,2
1396529,2019-12-30,2020-01-20,,26966,858793,2
1396530,2019-12-30,2020-01-20,,27014,504938,2
1396531,2019-12-30,2020-01-20,,27058,91833,2
1396532,2019-12-30,2020-01-20,,27148,790851,2
1396533,2019-12-30,2020-01-20,,27169,286535,2
1396534,2019-12-30,2020-01-20,,27256,498214,2
1396535,2019-12-30,2020-01-20,,27609,360668,2
1396536,2019-12-30,2020-01-20,,27684,236673,2
1396537,2019-12-30,2020-01-20,,27684,704774,2
1396538,2019-12-30,2020-01-20,,27684,803819,2
1396539,2019-12-30,2020-01-20,,27684,809397,2
1396540,2019-12-30,2020-01-20,,27684,882042,2
1396541,2019-12-30,2020-01-20,,27800,397837,2
1396542,2019-12-30,2020-01-20,,27811,278613,2
1396543,2019-12-30,2020-01-20,,27819,925079,2
1396544,2019-12-30,2020-01-20,,27841,645664,2
1396545,2019-12-30,2020-01-20,,28029,153979,2
1396546,2019-12-30,2020-01-20,,28029,551917,2
1396547,2019-12-30,2020-01-20,,28029,744757,2
1396548,2019-12-30,2020-01-20,,28029,871370,2
1396549,2019-12-30,2020-01-20,,28107,845051,2
1396550,2019-12-30,2020-01-20,,28124,8092,2
1396551,2019-12-30,2020-01-20,,28304,674462,2
1396552,2019-12-30,2020-01-20,,28397,739467,2
1396553,2019-12-30,2020-01-20,,28399,558931,2
1396554,2019-12-30,2020-01-20,,28559,955782,2
1396555,2019-12-30,2020-01-20,,28593,222873,2
1396556,2019-12-30,2020-01-20,,28716,818923,2
1396557,2019-12-30,2020-01-20,,28760,345966,2
1396558,2019-12-30,2020-01-20,,28762,233687,2
1396559,2019-12-30,2020-01-20,,28762,298557,2
1396560,2019-12-30,2020-01-20,,28762,908616,2
1396561,2019-12-30,2020-01-20,,28969,809485,2
1396562,2019-12-30,2020-01-20,,29027,850287,2
1396563,2019-12-30,2020-01-20,,29047,705878,2
1396564,2019-12-30,2020-01-20,,29082,777872,2
1396565,2019-12-30,2020-01-20,,29293,6492,2
1396566,2019-12-30,2020-01-20,,29293,121912,2
1396567,2019-12-30,2020-01-20,,29293,861353,2
1396568,2019-12-30,2020-01-20,,29295,191470,2
1396569,2019-12-30,2020-01-20,,29480,358311,2
1396570,2019-12-30,2020-01-20,,29574,301922,2
1396571,2019-12-30,2020-01-20,,29645,366528,2
1396572,2019-12-30,2020-01-20,,29676,920630,2
1396573,2019-12-30,2020-01-20,,29872,665468,2
1396574,2019-12-30,2020-01-20,,29877,487146,2
1396575,2019-12-30,2020-01-20,,30129,82277,2
1396576,2019-12-30,2020-01-20,,30199,81966,2
1396577,2019-12-30,2020-01-20,,30254,601723,2
1396578,2019-12-30,2020-01-20,,30299,377152,2
1396579,2019-12-30,2020-01-20,,30301,594301,2
1396580,2019-12-30,2020-01-20,,30475,396819,2
1396581,2019-12-30,2020-01-20,,30492,29290,2
1396582,2019-12-30,2020-01-20,,30555,205438,2
1396583,2019-12-30,2020-01-20,,30640,532108,2
1396584,2019-12-30,2020-01-20,,30858,394667,2
1396585,2019-12-30,2020-01-20,,31228,440353,2
1396586,2019-12-30,2020-01-20,,31497,102393,2
1396587,2019-12-30,2020-01-20,,31577,840663,2
1396588,2019-12-30,2020-01-20,,31607,448845,2
1396589,2019-12-30,2020-01-20,,31678,524643,2
1396590,2019-12-30,2020-01-20,,31681,670892,2
1396591,2019-12-30,2020-01-20,,31686,381984,2
1396592,2019-12-30,2020-01-20,,31755,309303,2
1396593,2019-12-30,2020-01-20,,31882,451066,2
1396594,2019-12-30,2020-01-20,,32090,261535,2
1396595,2019-12-30,2020-01-20,,32164,479352,2
1396596,2019-12-30,2020-01-20,,32176,566017,2
1396597,2019-12-30,2020-01-20,,32317,881399,2
1396598,2019-12-30,2020-01-20,,32343,465111,2
1396599,2019-12-30,2020-01-20,,32381,765318,2
1396600,2019-12-30,2020-01-20,,32416,765467,2
1396601,2019-12-30,2020-01-20,,32823,472656,2
1396602,2019-12-30,2020-01-20,,32948,239665,2
1396603,2019-12-30,2020-01-20,,32978,316790,2
1396604,2019-12-30,2020-01-20,,32982,258880,2
1396605,2019-12-30,2020-01-20,,33034,111969,2
1396606,2019-12-30,2020-01-20,,33034,460701,2
1396607,2019-12-30,2020-01-20,,33034,865275,2
1396608,2019-12-30,2020-01-20,,33505,795153,2
1396609,2019-12-30,2020-01-20,,33526,601817,2
1396610,2019-12-30,2020-01-20,,33687,795200,2
1396611,2019-12-30,2020-01-20,,33747,748391,2
1396612,2019-12-30,2020-01-20,,33835,313230,2
1396613,2019-12-30,2020-01-20,,34074,498480,2
1396614,2019-12-30,2020-01-20,,34074,500044,2
1396615,2019-12-30,2020-01-20,,34412,950987,2
1396616,2019-12-30,2020-01-20,,34559,452499,2
1396617,2019-12-30,2020-01-20,,34593,304257,2
1396618,2019-12-30,2020-01-20,,34636,654510,2
1396619,2019-12-30,2020-01-20,,34651,574680,2
1396620,2019-12-30,2020-01-20,,34799,104509,2
1396621,2019-12-30,2020-01-20,,34820,527595,2
1396622,2019-12-30,2020-01-20,,34841,272595,2
1396623,2019-12-30,2020-01-20,,34850,561125,2
1396624,2019-12-30,2020-01-20,,35110,558286,2
1396625,2019-12-30,2020-01-20,,35225,342177,2
1396626,2019-12-30,2020-01-20,,35277,377870,2
1396627,2019-12-30,2020-01-20,,35462,697161,2
1396628,2019-12-30,2020-01-20,,35611,493139,2
1396629,2019-12-30,2020-01-20,,35628,687950,2
1396630,2019-12-30,2020-01-20,,35920,135575,2
1396631,2019-12-30,2020-01-20,,36157,43117,2
1396632,2019-12-30,2020-01-20,,36157,255591,2
1396633,2019-12-30,2020-01-20,,36207,390286,2
1396634,2019-12-30,2020-01-20,,36441,335258,2
1396635,2019-12-30,2020-01-20,,36447,646882,2
1396636,2019-12-30,2020-01-20,,36547,802246,2
1396637,2019-12-30,2020-01-20,,36618,94801,2
1396638,2019-12-30,2020-01-20,,36783,281467,2
1396639,2019-12-30,2020-01-20,,37161,635388,2
1396640,2019-12-30,2020-01-20,,37261,938615,2
1396641,2019-12-30,2020-01-20,,37276,748985,2
1396642,2019-12-30,2020-01-20,,37385,621831,2
1396643,2019-12-30,2020-01-20,,37441,586927,2
1396644,2019-12-30,2020-01-20,,37515,434592,2
1396645,2019-12-30,2020-01-20,,37515,683245,2
1396646,2019-12-30,2020-01-20,,37518,55899,2
1396647,2019-12-30,2020-01-20,,37698,809247,2
1396648,2019-12-30,2020-01-20,,37710,481038,2
1396649,2019-12-30,2020-01-20,,38006,773364,2
1396650,2019-12-30,2020-01-20,,38050,451433,2
1396651,2019-12-30,2020-01-20,,38115,834676,2
1396652,2019-12-30,2020-01-20,,38116,34225,2
1396653,2019-12-30,2020-01-20,,38138,143212,2
1396654,2019-12-30,2020-01-20,,38147,455946,2
1396655,2019-12-30,2020-01-20,,38436,552343,2
1396656,2019-12-30,2020-01-20,,38442,96430,2
1396657,2019-12-30,2020-01-20,,38539,651169,2
1396658,2019-12-30,2020-01-20,,38658,686513,2
1396659,2019-12-30,2020-01-20,,38817,92358,2
1396660,2019-12-30,2020-01-20,,38817,275793,2
1396661,2019-12-30,2020-01-20,,38817,580000,2
1396662,2019-12-30,2020-01-20,,38817,871627,2
1396663,2019-12-30,2020-01-20,,39055,735321,2
1396664,2019-12-30,2020-01-20,,39280,464577,2
1396665,2019-12-30,2020-01-20,,39294,893054,2
1396666,2019-12-30,2020-01-20,,39478,870614,2
1396667,2019-12-30,2020-01-20,,39483,743926,2
1396668,2019-12-30,2020-01-20,,39585,880494,2
1396669,2019-12-30,2020-01-20,,39605,683246,2
1396670,2019-12-30,2020-01-20,,39774,823065,2
1396671,2019-12-30,2020-01-20,,39988,142161,2
1396672,2019-12-30,2020-01-20,,39988,750775,2
1396673,2019-12-30,2020-01-20,,40004,44147,2
1396674,2019-12-30,2020-01-20,,40010,889901,2
1396675,2019-12-30,2020-01-20,,40085,1703,2
1396676,2019-12-30,2020-01-20,,40137,212456,2
1396677,2019-12-30,2020-01-20,,40185,234123,2
1396678,2019-12-30,2020-01-20,,40185,403161,2
1396679,2019-12-30,2020-01-20,,40261,900155,2
1396680,2019-12-30,2020-01-20,,40289,94040,2
1396681,2019-12-30,2020-01-20,,40289,798365,2
1396682,2019-12-30,2020-01-20,,40327,394305,2
1396683,2019-12-30,2020-01-20,,40466,253518,2
1396684,2019-12-30,2020-01-20,,40526,41415,2
1396685,2019-12-30,2020-01-20,,40597,205797,2
1396686,2019-12-30,2020-01-20,,40827,783833,2
1396687,2019-12-30,2020-01-20,,40975,349680,2
1396688,2019-12-30,2020-01-20,,40975,619873,2
1396689,2019-12-30,2020-01-20,,41201,618828,2
1396690,2019-12-30,2020-01-20,,41474,924012,2
1396691,2019-12-30,2020-01-20,,41582,738674,2
1396692,2019-12-30,2020-01-20,,41686,661161,2
1396693,2019-12-30,2020-01-20,,41827,219985,2
1396694,2019-12-30,2020-01-20,,41839,159461,2
1396695,2019-12-30,2020-01-20,,41942,682437,2
1396696,2019-12-30,2020-01-20,,41997,705759,2
1396697,2019-12-30,2020-01-20,,42008,146559,2
1396698,2019-12-30,2020-01-20,,42054,801677,2
1396699,2019-12-30,2020-01-20,,42070,489886,2
1396700,2019-12-30,2020-01-20,,42132,930294,2
1396701,2019-12-30,2020-01-20,,42286,134909,2
1396702,2019-12-30,2020-01-20,,42737,707179,2
1396703,2019-12-30,2020-01-20,,42768,421329,2
1396704,2019-12-30,2020-01-20,,42836,875850,2
1396705,2019-12-30,2020-01-20,,43000,471682,2
1396706,2019-12-30,2020-01-20,,43027,94399,2
1396707,2019-12-30,2020-01-20,,43027,453990,2
1396708,2019-12-30,2020-01-20,,43027,559025,2
1396709,2019-12-30,2020-01-20,,43142,671800,2
1396710,2019-12-30,2020-01-20,,43143,63960,2
1396711,2019-12-30,2020-01-20,,43232,607110,2
1396712,2019-12-30,2020-01-20,,43232,946363,2
1396713,2019-12-30,2020-01-20,,43252,754610,2
1396714,2019-12-30,2020-01-20,,43347,360927,2
1396715,2019-12-30,2020-01-20,,43374,285256,2
1396716,2019-12-30,2020-01-20,,43374,738470,2
1396717,2019-12-30,2020-01-20,,43564,410174,2
1396718,2019-12-30,2020-01-20,,43615,8377,2
1396719,2019-12-30,2020-01-20,,43615,506752,2
1396720,2019-12-30,2020-01-20,,43668,594540,2
1396721,2019-12-30,2020-01-20,,43680,366533,2
1396722,2019-12-30,2020-01-20,,43809,1393,2
1396723,2019-12-30,2020-01-20,,43829,300339,2
1396724,2019-12-30,2020-01-20,,43862,675509,2
1396725,2019-12-30,2020-01-20,,43930,93675,2
1396726,2019-12-30,2020-01-20,,43971,408123,2
1396727,2019-12-30,2020-01-20,,44060,542542,2
1396728,2019-12-30,2020-01-20,,44133,380228,2
1396729,2019-12-30,2020-01-20,,44180,917005,2
1396730,2019-12-30,2020-01-20,,44395,504957,2
1396731,2019-12-30,2020-01-20,,44395,808817,2
1396732,2019-12-30,2020-01-20,,44395,946371,2
1396733,2019-12-30,2020-01-20,,44408,324789,2
1396734,2019-12-30,2020-01-20,,44592,255368,2
1396735,2019-12-30,2020-01-20,,44603,336813,2
1396736,2019-12-30,2020-01-20,,44603,752354,2
1396737,2019-12-30,2020-01-20,,44603,819798,2
1396738,2019-12-30,2020-01-20,,44618,785831,2
1396739,2019-12-30,2020-01-20,,44828,837480,2
1396740,2019-12-30,2020-01-20,,45076,2304,2
1396741,2019-12-30,2020-01-20,,45076,52113,2
1396742,2019-12-30,2020-01-20,,45076,76610,2
1396743,2019-12-30,2020-01-20,,45076,110801,2
1396744,2019-12-30,2020-01-20,,45076,117572,2
1396745,2019-12-30,2020-01-20,,45076,156339,2
1396746,2019-12-30,2020-01-20,,45076,165419,2
1396747,2019-12-30,2020-01-20,,45076,366128,2
1396748,2019-12-30,2020-01-20,,45076,423293,2
1396749,2019-12-30,2020-01-20,,45076,441906,2
1396750,2019-12-30,2020-01-20,,45076,543740,2
1396751,2019-12-30,2020-01-20,,45076,576117,2
1396752,2019-12-30,2020-01-20,,45076,578547,2
1396753,2019-12-30,2020-01-20,,45076,692084,2
1396754,2019-12-30,2020-01-20,,45076,739886,2
1396755,2019-12-30,2020-01-20,,45076,750205,2
1396756,2019-12-30,2020-01-20,,45076,793084,2
1396757,2019-12-30,2020-01-20,,45076,828950,2
1396758,2019-12-30,2020-01-20,,45076,877683,2
1396759,2019-12-30,2020-01-20,,45076,953494,2
1396760,2019-12-30,2020-01-20,,45259,63724,2
1396761,2019-12-30,2020-01-20,,45378,766361,2
1396762,2019-12-30,2020-01-20,,45378,948287,2
1396763,2019-12-30,2020-01-20,,45407,561484,2
1396764,2019-12-30,2020-01-20,,45421,874765,2
1396765,2019-12-30,2020-01-20,,45445,544199,2
1396766,2019-12-30,2020-01-20,,45559,565979,2
1396767,2019-12-30,2020-01-20,,45667,894727,2
1396768,2019-12-30,2020-01-20,,45667,908652,2
1396769,2019-12-30,2020-01-20,,45739,452132,2
1396770,2019-12-30,2020-01-20,,45813,947329,2
1396771,2019-12-30,2020-01-20,,45859,401714,2
1396772,2019-12-30,2020-01-20,,45951,283170,2
1396773,2019-12-30,2020-01-20,,46021,525318,2
1396774,2019-12-30,2020-01-20,,46125,131199,2
1396775,2019-12-30,2020-01-20,,46125,218782,2
1396776,2019-12-30,2020-01-20,,46125,316902,2
1396777,2019-12-30,2020-01-20,,46125,444715,2
1396778,2019-12-30,2020-01-20,,46125,604402,2
1396779,2019-12-30,2020-01-20,,46125,608642,2
1396780,2019-12-30,2020-01-20,,46125,613910,2
1396781,2019-12-30,2020-01-20,,46125,752108,2
1396782,2019-12-30,2020-01-20,,46125,879708,2
1396783,2019-12-30,2020-01-20,,46196,561528,2
1396784,2019-12-30,2020-01-20,,46269,233765,2
1396785,2019-12-30,2020-01-20,,46345,120065,2
1396786,2019-12-30,2020-01-20,,46415,413324,2
1396787,2019-12-30,2020-01-20,,46415,820671,2
1396788,2019-12-30,2020-01-20,,46480,629938,2
1396789,2019-12-30,2020-01-20,,46550,861065,2
1396790,2019-12-30,2020-01-20,,46663,95283,2
1396791,2019-12-30,2020-01-20,,46671,591359,2
1396792,2019-12-30,2020-01-20,,46791,864517,2
1396793,2019-12-30,2020-01-20,,46845,529692,2
1396794,2019-12-30,2020-01-20,,46930,505712,2
1396795,2019-12-30,2020-01-20,,46964,213239,2
1396796,2019-12-30,2020-01-20,,47058,145184,2
1396797,2019-12-30,2020-01-20,,47220,789918,2
1396798,2019-12-30,2020-01-20,,47413,426786,2
1396799,2019-12-30,2020-01-20,,47413,751921,2
1396800,2019-12-30,2020-01-20,,47420,236962,2
1396801,2019-12-30,2020-01-20,,47621,526361,2
1396802,2019-12-30,2020-01-20,,47758,442851,2
1396803,2019-12-30,2020-01-20,,47758,463372,2
1396804,2019-12-30,2020-01-20,,47758,515585,2
1396805,2019-12-30,2020-01-20,,47758,927843,2
1396806,2019-12-30,2020-01-20,,47780,348423,2
1396807,2019-12-30,2020-01-20,,47899,233861,2
1396808,2019-12-30,2020-01-20,,47915,74193,2
1396809,2019-12-30,2020-01-20,,48104,583592,2
1396810,2019-12-30,2020-01-20,,48258,225373,2
1396811,2019-12-30,2020-01-20,,48571,646800,2
1396812,2019-12-30,2020-01-20,,48592,281163,2
1396813,2019-12-30,2020-01-20,,48689,105542,2
1396814,2019-12-30,2020-01-20,,48723,884150,2
1396815,2019-12-30,2020-01-20,,48776,880350,2
1396816,2019-12-30,2020-01-20,,48831,653347,2
1396817,2019-12-30,2020-01-20,,48890,198832,2
1396818,2019-12-30,2020-01-20,,49048,417219,2
1396819,2019-12-30,2020-01-20,,49127,273304,2
1396820,2019-12-30,2020-01-20,,49225,399463,2
1396821,2019-12-30,2020-01-20,,49507,893848,2
1396822,2019-12-30,2020-01-20,,49614,54714,2
1396823,2019-12-30,2020-01-20,,49785,186222,2
1396824,2019-12-30,2020-01-20,,49785,610337,2
1396825,2019-12-30,2020-01-20,,49842,621702,2
1396826,2019-12-30,2020-01-20,,49944,276633,2
1396827,2019-12-30,2020-01-20,,49962,361236,2
1396828,2019-12-30,2020-01-20,,49962,632048,2
1396829,2019-12-30,2020-01-20,,49989,697288,2
1396830,2019-12-30,2020-01-20,,50268,516336,2
1396831,2019-12-30,2020-01-20,,50544,900585,2
1396832,2019-12-30,2020-01-20,,50569,123128,2
1396833,2019-12-30,2020-01-20,,50713,454938,2
1396834,2019-12-30,2020-01-20,,50809,164481,2
1396835,2019-12-30,2020-01-20,,51058,886605,2
1396836,2019-12-30,2020-01-20,,51166,62838,2
1396837,2019-12-30,2020-01-20,,51166,477268,2
1396838,2019-12-30,2020-01-20,,51211,45956,2
1396839,2019-12-30,2020-01-20,,51377,6695,2
1396840,2019-12-30,2020-01-20,,51532,754274,2
1396841,2019-12-30,2020-01-20,,51596,175380,2
1396842,2019-12-30,2020-01-20,,51699,161235,2
1396843,2019-12-30,2020-01-20,,51699,825422,2
1396844,2019-12-30,2020-01-20,,51846,647510,2
1396845,2019-12-30,2020-01-20,,51848,237968,2
1396846,2019-12-30,2020-01-20,,51968,150489,2
1396847,2019-12-30,2020-01-20,,52074,399926,2
1396848,2019-12-30,2020-01-20,,52100,206807,2
1396849,2019-12-30,2020-01-20,,52395,340116,2
1396850,2019-12-30,2020-01-20,,52457,515244,2
1396851,2019-12-30,2020-01-20,,52541,669997,2
1396852,2019-12-30,2020-01-20,,52576,598409,2
1396853,2019-12-30,2020-01-20,,52624,696486,2
1396854,2019-12-30,2020-01-20,,52676,282189,2
1396855,2019-12-30,2020-01-20,,52676,399826,2
1396856,2019-12-30,2020-01-20,,52687,797995,2
1396857,2019-12-30,2020-01-20,,52749,250787,2
1396858,2019-12-30,2020-01-20,,52762,223682,2
1396859,2019-12-30,2020-01-20,,52832,515763,2
1396860,2019-12-30,2020-01-20,,52853,23551,2
1396861,2019-12-30,2020-01-20,,52857,135628,2
1396862,2019-12-30,2020-01-20,,52892,147922,2
1396863,2019-12-30,2020-01-20,,52914,672882,2
1396864,2019-12-30,2020-01-20,,53042,810805,2
1396865,2019-12-30,2020-01-20,,53165,479844,2
1396866,2019-12-30,2020-01-20,,53209,605305,2
1396867,2019-12-30,2020-01-20,,53358,128899,2
1396868,2019-12-30,2020-01-20,,53420,283778,2
1396869,2019-12-30,2020-01-20,,53531,453672,2
1396870,2019-12-30,2020-01-20,,53534,953960,2
1396871,2019-12-30,2020-01-20,,53540,186243,2
1396872,2019-12-30,2020-01-20,,53814,845331,2
1396873,2019-12-30,2020-01-20,,54148,579117,2
1396874,2019-12-30,2020-01-20,,54211,823983,2
1396875,2019-12-30,2020-01-20,,54242,417460,2
1396876,2019-12-30,2020-01-20,,54280,111970,2
1396877,2019-12-30,2020-01-20,,54280,117180,2
1396878,2019-12-30,2020-01-20,,54280,634664,2
1396879,2019-12-30,2020-01-20,,54280,785808,2
1396880,2019-12-30,2020-01-20,,54360,404541,2
1396881,2019-12-30,2020-01-20,,54494,96447,2
1396882,2019-12-30,2020-01-20,,54494,188202,2
1396883,2019-12-30,2020-01-20,,54494,397560,2
1396884,2019-12-30,2020-01-20,,54494,399801,2
1396885,2019-12-30,2020-01-20,,54494,421426,2
1396886,2019-12-30,2020-01-20,,54494,534202,2
1396887,2019-12-30,2020-01-20,,54494,604933,2
1396888,2019-12-30,2020-01-20,,54494,651247,2
1396889,2019-12-30,2020-01-20,,54494,670932,2
1396890,2019-12-30,2020-01-20,,54494,766432,2
1396891,2019-12-30,2020-01-20,,54494,861773,2
1396892,2019-12-30,2020-01-20,,54494,880873,2
1396893,2019-12-30,2020-01-20,,54769,576973,2
1396894,2019-12-30,2020-01-20,,55001,58063,2
1396895,2019-12-30,2020-01-20,,55453,874228,2
1396896,2019-12-30,2020-01-20,,55483,613224,2
1396897,2019-12-30,2020-01-20,,55617,507186,2
1396898,2019-12-30,2020-01-20,,55674,534228,2
1396899,2019-12-30,2020-01-20,,55718,839055,2
1396900,2019-12-30,2020-01-20,,55746,113940,2
1396901,2019-12-30,2020-01-20,,55750,61134,2
1396902,2019-12-30,2020-01-20,,55751,793550,2
1396903,2019-12-30,2020-01-20,,56080,400455,2
1396904,2019-12-30,2020-01-20,,56193,361411,2
1396905,2019-12-30,2020-01-20,,56274,643858,2
1396906,2019-12-30,2020-01-20,,56570,14001,2
1396907,2019-12-30,2020-01-20,,56606,370400,2
1396908,2019-12-30,2020-01-20,,56620,311862,2
1396909,2019-12-30,2020-01-20,,56755,816329,2
1396910,2019-12-30,2020-01-20,,56937,217195,2
1396911,2019-12-30,2020-01-20,,57187,475083,2
1396912,2019-12-30,2020-01-20,,57276,6045,2
1396913,2019-12-30,2020-01-20,,57292,763131,2
1396914,2019-12-30,2020-01-20,,57295,191407,2
1396915,2019-12-30,2020-01-20,,57333,864703,2
1396916,2019-12-30,2020-01-20,,57433,302651,2
1396917,2019-12-30,2020-01-20,,57476,243355,2
1396918,2019-12-30,2020-01-20,,57498,431379,2
1396919,2019-12-30,2020-01-20,,57536,473975,2
1396920,2019-12-30,2020-01-20,,57686,100367,2
1396921,2019-12-30,2020-01-20,,57701,60287,2
1396922,2019-12-30,2020-01-20,,57844,476845,2
1396923,2019-12-30,2020-01-20,,57844,758284,2
1396924,2019-12-30,2020-01-20,,57870,423884,2
1396925,2019-12-30,2020-01-20,,57972,569502,2
1396926,2019-12-30,2020-01-20,,58078,687356,2
1396927,2019-12-30,2020-01-20,,58106,405654,2
1396928,2019-12-30,2020-01-20,,58121,593774,2
1396929,2019-12-30,2020-01-20,,58212,572217,2
1396930,2019-12-30,2020-01-20,,58231,713289,2
1396931,2019-12-30,2020-01-20,,58261,827820,2
1396932,2019-12-30,2020-01-20,,58280,657132,2
1396933,2019-12-30,2020-01-20,,58415,32307,2
1396934,2019-12-30,2020-01-20,,58462,900640,2
1396935,2019-12-30,2020-01-20,,58542,289953,2
1396936,2019-12-30,2020-01-20,,58641,360707,2
1396937,2019-12-30,2020-01-20,,58653,775367,2
1396938,2019-12-30,2020-01-20,,58868,580181,2
1396939,2019-12-30,2020-01-20,,59014,572907,2
1396940,2019-12-30,2020-01-20,,59077,417247,2
1396941,2019-12-30,2020-01-20,,59113,205616,2
1396942,2019-12-30,2020-01-20,,59117,916444,2
1396943,2019-12-30,2020-01-20,,59305,504962,2
1396944,2019-12-30,2020-01-20,,59356,322732,2
1396945,2019-12-30,2020-01-20,,59416,228127,2
1396946,2019-12-30,2020-01-20,,59472,924290,2
1396947,2019-12-30,2020-01-20,,59525,798384,2
1396948,2019-12-30,2020-01-20,,59720,422566,2
1396949,2019-12-30,2020-01-20,,59739,199184,2
1396950,2019-12-30,2020-01-20,,59739,391896,2
1396951,2019-12-30,2020-01-20,,59739,524380,2
1396952,2019-12-30,2020-01-20,,59739,698373,2
1396953,2019-12-30,2020-01-20,,59742,310500,2
1396954,2019-12-30,2020-01-20,,59848,31487,2
1396955,2019-12-30,2020-01-20,,59981,197999,2
1396956,2019-12-30,2020-01-20,,60008,444449,2
1396957,2019-12-30,2020-01-20,,60040,835302,2
1396958,2019-12-30,2020-01-20,,60062,15448,2
1396959,2019-12-30,2020-01-20,,60106,371978,2
1396960,2019-12-30,2020-01-20,,60106,570167,2
1396961,2019-12-30,2020-01-20,,60106,729362,2
1396962,2019-12-30,2020-01-20,,60197,673852,2
1396963,2019-12-30,2020-01-20,,60315,554250,2
1396964,2019-12-30,2020-01-20,,60363,447685,2
1396965,2019-12-30,2020-01-20,,60379,652180,2
1396966,2019-12-30,2020-01-20,,60379,669228,2
1396967,2019-12-30,2020-01-20,,60453,49419,2
1396968,2019-12-30,2020-01-20,,60638,163282,2
1396969,2019-12-30,2020-01-20,,60654,580517,2
1396970,2019-12-30,2020-01-20,,60663,567716,2
1396971,2019-12-30,2020-01-20,,60765,755339,2
1396972,2019-12-30,2020-01-20,,60905,355128,2
1396973,2019-12-30,2020-01-20,,60983,949882,2
1396974,2019-12-30,2020-01-20,,60986,608014,2
1396975,2019-12-30,2020-01-20,,61139,686737,2
1396976,2019-12-30,2020-01-20,,61255,609863,2
1396977,2019-12-30,2020-01-20,,61255,797691,2
1396978,2019-12-30,2020-01-20,,61255,946367,2
1396979,2019-12-30,2020-01-20,,61297,893730,2
1396980,2019-12-30,2020-01-20,,61517,483607,2
1396981,2019-12-30,2020-01-20,,61552,616476,2
1396982,2019-12-30,2020-01-20,,61832,571174,2
1396983,2019-12-30,2020-01-20,,61854,631443,2
1396984,2019-12-30,2020-01-20,,62136,923219,2
1396985,2019-12-30,2020-01-20,,62342,519462,2
1396986,2019-12-30,2020-01-20,,62456,124583,2
1396987,2019-12-30,2020-01-20,,62545,683122,2
1396988,2019-12-30,2020-01-20,,62596,691376,2
1396989,2019-12-30,2020-01-20,,62719,188156,2
1396990,2019-12-30,2020-01-20,,62829,427336,2
1396991,2019-12-30,2020-01-20,,62867,556985,2
1396992,2019-12-30,2020-01-20,,62976,433449,2
1396993,2019-12-30,2020-01-20,,63263,167593,2
1396994,2019-12-30,2020-01-20,,63279,803159,2
1396995,2019-12-30,2020-01-20,,63283,683190,2
1396996,2019-12-30,2020-01-20,,63286,114158,2
1396997,2019-12-30,2020-01-20,,63342,165880,2
1396998,2019-12-30,2020-01-20,,63342,698758,2
1396999,2019-12-30,2020-01-20,,63411,299182,2
1397000,2019-12-30,2020-01-20,,63411,649687,2
1397001,2019-12-30,2020-01-20,,63576,261830,2
1397002,2019-12-30,2020-01-20,,63591,447486,2
1397003,2019-12-30,2020-01-20,,63748,14497,2
1397004,2019-12-30,2020-01-20,,63748,180587,2
1397005,2019-12-30,2020-01-20,,63748,776342,2
1397006,2019-12-30,2020-01-20,,63897,628438,2
1397007,2019-12-30,2020-01-20,,63963,643683,2
1397008,2019-12-30,2020-01-20,,64019,599503,2
1397009,2019-12-30,2020-01-20,,64053,148356,2
1397010,2019-12-30,2020-01-20,,64140,4077,2
1397011,2019-12-30,2020-01-20,,64188,191408,2
1397012,2019-12-30,2020-01-20,,64188,465833,2
1397013,2019-12-30,2020-01-20,,64209,633275,2
1397014,2019-12-30,2020-01-20,,64285,82729,2
1397015,2019-12-30,2020-01-20,,64292,166835,2
1397016,2019-12-30,2020-01-20,,64308,670653,2
1397017,2019-12-30,2020-01-20,,64382,529361,2
1397018,2019-12-30,2020-01-20,,64385,27753,2
1397019,2019-12-30,2020-01-20,,64436,435286,2
1397020,2019-12-30,2020-01-20,,64604,318569,2
1397021,2019-12-30,2020-01-20,,64902,503011,2
1397022,2019-12-30,2020-01-20,,65012,640356,2
1397023,2019-12-30,2020-01-20,,65165,603947,2
1397024,2019-12-30,2020-01-20,,65459,327488,2
1397025,2019-12-30,2020-01-20,,65517,313743,2
1397026,2019-12-30,2020-01-20,,65689,675581,2
1397027,2019-12-30,2020-01-20,,65806,205389,2
1397028,2019-12-30,2020-01-20,,65958,14823,2
1397029,2019-12-30,2020-01-20,,66010,377765,2
1397030,2019-12-30,2020-01-20,,66065,383141,2
1397031,2019-12-30,2020-01-20,,66122,530836,2
1397032,2019-12-30,2020-01-20,,66133,627354,2
1397033,2019-12-30,2020-01-20,,66270,589799,2
1397034,2019-12-30,2020-01-20,,66412,546901,2
1397035,2019-12-30,2020-01-20,,66502,692600,2
1397036,2019-12-30,2020-01-20,,66513,821024,2
1397037,2019-12-30,2020-01-20,,66534,16090,2
1397038,2019-12-30,2020-01-20,,66577,518182,2
1397039,2019-12-30,2020-01-20,,66607,950940,2
1397040,2019-12-30,2020-01-20,,66609,197340,2
1397041,2019-12-30,2020-01-20,,66639,100977,2
1397042,2019-12-30,2020-01-20,,66828,401655,2
1397043,2019-12-30,2020-01-20,,66882,933571,2
1397044,2019-12-30,2020-01-20,,66941,138846,2
1397045,2019-12-30,2020-01-20,,66971,444067,2
1397046,2019-12-30,2020-01-20,,66989,931002,2
1397047,2019-12-30,2020-01-20,,67010,90979,2
1397048,2019-12-30,2020-01-20,,67045,865367,2
1397049,2019-12-30,2020-01-20,,67144,766288,2
1397050,2019-12-30,2020-01-20,,67148,526247,2
1397051,2019-12-30,2020-01-20,,67175,845617,2
1397052,2019-12-30,2020-01-20,,67236,39078,2
1397053,2019-12-30,2020-01-20,,67571,43941,2
1397054,2019-12-30,2020-01-20,,67571,44485,2
1397055,2019-12-30,2020-01-20,,67571,88523,2
1397056,2019-12-30,2020-01-20,,67571,103105,2
1397057,2019-12-30,2020-01-20,,67571,556181,2
1397058,2019-12-30,2020-01-20,,67571,681873,2
1397059,2019-12-30,2020-01-20,,67571,809435,2
1397060,2019-12-30,2020-01-20,,67571,841610,2
1397061,2019-12-30,2020-01-20,,67571,895169,2
1397062,2019-12-30,2020-01-20,,67641,330009,2
1397063,2019-12-30,2020-01-20,,67749,620140,2
1397064,2019-12-30,2020-01-20,,67829,607383,2
1397065,2019-12-30,2020-01-20,,68122,683276,2
1397066,2019-12-30,2020-01-20,,68137,832163,2
1397067,2019-12-30,2020-01-20,,68165,12991,2
1397068,2019-12-30,2020-01-20,,68198,731128,2
1397069,2019-12-30,2020-01-20,,68209,883564,2
1397070,2019-12-30,2020-01-20,,68383,723032,2
1397071,2019-12-30,2020-01-20,,68406,53229,2
1397072,2019-12-30,2020-01-20,,68457,173012,2
1397073,2019-12-30,2020-01-20,,68600,712526,2
1397074,2019-12-30,2020-01-20,,68624,420505,2
1397075,2019-12-30,2020-01-20,,68624,469381,2
1397076,2019-12-30,2020-01-20,,68624,888313,2
1397077,2019-12-30,2020-01-20,,68624,908768,2
1397078,2019-12-30,2020-01-20,,68849,267028,2
1397079,2019-12-30,2020-01-20,,68865,170302,2
1397080,2019-12-30,2020-01-20,,68879,197559,2
1397081,2019-12-30,2020-01-20,,68923,154980,2
1397082,2019-12-30,2020-01-20,,68967,779582,2
1397083,2019-12-30,2020-01-20,,68979,621832,2
1397084,2019-12-30,2020-01-20,,69221,689731,2
1397085,2019-12-30,2020-01-20,,69221,948102,2
1397086,2019-12-30,2020-01-20,,69512,497289,2
1397087,2019-12-30,2020-01-20,,69605,860380,2
1397088,2019-12-30,2020-01-20,,69704,250293,2
1397089,2019-12-30,2020-01-20,,70033,753221,2
1397090,2019-12-30,2020-01-20,,70080,698370,2
1397091,2019-12-30,2020-01-20,,70085,504422,2
1397092,2019-12-30,2020-01-20,,70220,534332,2
1397093,2019-12-30,2020-01-20,,70465,811122,2
1397094,2019-12-30,2020-01-20,,70521,743455,2
1397095,2019-12-30,2020-01-20,,70663,534218,2
1397096,2019-12-30,2020-01-20,,70663,836372,2
1397097,2019-12-30,2020-01-20,,70809,270025,2
1397098,2019-12-30,2020-01-20,,70885,5141,2
1397099,2019-12-30,2020-01-20,,70885,563661,2
1397100,2019-12-30,2020-01-20,,70899,27511,2
1397101,2019-12-30,2020-01-20,,71123,381020,2
1397102,2019-12-30,2020-01-20,,71148,952630,2
1397103,2019-12-30,2020-01-20,,71188,178314,2
1397104,2019-12-30,2020-01-20,,71197,649807,2
1397105,2019-12-30,2020-01-20,,71331,772022,2
1397106,2019-12-30,2020-01-20,,71382,400197,2
1397107,2019-12-30,2020-01-20,,71398,282277,2
1397108,2019-12-30,2020-01-20,,71441,378425,2
1397109,2019-12-30,2020-01-20,,71441,792765,2
1397110,2019-12-30,2020-01-20,,71698,621992,2
1397111,2019-12-30,2020-01-20,,71728,233636,2
1397112,2019-12-30,2020-01-20,,71801,27379,2
1397113,2019-12-30,2020-01-20,,71843,406501,2
1397114,2019-12-30,2020-01-20,,71856,21702,2
1397115,2019-12-30,2020-01-20,,71930,852608,2
1397116,2019-12-30,2020-01-20,,72205,100364,2
1397117,2019-12-30,2020-01-20,,72358,196863,2
1397118,2019-12-30,2020-01-20,,72392,530007,2
1397119,2019-12-30,2020-01-20,,72469,648440,2
1397120,2019-12-30,2020-01-20,,72828,104552,2
1397121,2019-12-30,2020-01-20,,73035,262032,2
1397122,2019-12-30,2020-01-20,,73113,720354,2
1397123,2019-12-30,2020-01-20,,73137,728001,2
1397124,2019-12-30,2020-01-20,,73212,31829,2
1397125,2019-12-30,2020-01-20,,73253,691088,2
1397126,2019-12-30,2020-01-20,,73680,593973,2
1397127,2019-12-30,2020-01-20,,73723,399802,2
1397128,2019-12-30,2020-01-20,,73740,243749,2
1397129,2019-12-30,2020-01-20,,73744,417803,2
1397130,2019-12-30,2020-01-20,,73902,236274,2
1397131,2019-12-30,2020-01-20,,73987,140562,2
1397132,2019-12-30,2020-01-20,,74096,288557,2
1397133,2019-12-30,2020-01-20,,74332,954739,2
1397134,2019-12-30,2020-01-20,,74349,688377,2
1397135,2019-12-30,2020-01-20,,74446,941704,2
1397136,2019-12-30,2020-01-20,,74716,649541,2
1397137,2019-12-30,2020-01-20,,74828,312259,2
1397138,2019-12-30,2020-01-20,,74837,280480,2
1397139,2019-12-30,2020-01-20,,74865,864821,2
1397140,2019-12-30,2020-01-20,,74983,198007,2
1397141,2019-12-30,2020-01-20,,74985,936607,2
1397142,2019-12-30,2020-01-20,,75092,353175,2
1397143,2019-12-30,2020-01-20,,75144,345383,2
1397144,2019-12-30,2020-01-20,,75313,9790,2
1397145,2019-12-30,2020-01-20,,75313,26710,2
1397146,2019-12-30,2020-01-20,,75313,447630,2
1397147,2019-12-30,2020-01-20,,75313,696290,2
1397148,2019-12-30,2020-01-20,,75313,770048,2
1397149,2019-12-30,2020-01-20,,75450,214953,2
1397150,2019-12-30,2020-01-20,,75513,457890,2
1397151,2019-12-30,2020-01-20,,75523,520322,2
1397152,2019-12-30,2020-01-20,,75584,948504,2
1397153,2019-12-30,2020-01-20,,75734,115489,2
1397154,2019-12-30,2020-01-20,,75829,718761,2
1397155,2019-12-30,2020-01-20,,75832,309500,2
1397156,2019-12-30,2020-01-20,,75832,434555,2
1397157,2019-12-30,2020-01-20,,75917,3150,2
1397158,2019-12-30,2020-01-20,,76107,643945,2
1397159,2019-12-30,2020-01-20,,76177,525791,2
1397160,2019-12-30,2020-01-20,,76342,919799,2
1397161,2019-12-30,2020-01-20,,76540,823801,2
1397162,2019-12-30,2020-01-20,,76540,847994,2
1397163,2019-12-30,2020-01-20,,76561,58921,2
1397164,2019-12-30,2020-01-20,,76573,785835,2
1397165,2019-12-30,2020-01-20,,76609,628384,2
1397166,2019-12-30,2020-01-20,,76911,301280,2
1397167,2019-12-30,2020-01-20,,77046,96785,2
1397168,2019-12-30,2020-01-20,,77080,772309,2
1397169,2019-12-30,2020-01-20,,77149,486555,2
1397170,2019-12-30,2020-01-20,,77211,932709,2
1397171,2019-12-30,2020-01-20,,77213,198491,2
1397172,2019-12-30,2020-01-20,,77282,344925,2
1397173,2019-12-30,2020-01-20,,77295,59729,2
1397174,2019-12-30,2020-01-20,,77321,17012,2
1397175,2019-12-30,2020-01-20,,77346,739915,2
1397176,2019-12-30,2020-01-20,,77397,255971,2
1397177,2019-12-30,2020-01-20,,77397,503453,2
1397178,2019-12-30,2020-01-20,,77397,556135,2
1397179,2019-12-30,2020-01-20,,77441,433816,2
1397180,2019-12-30,2020-01-20,,77512,241690,2
1397181,2019-12-30,2020-01-20,,77711,704531,2
1397182,2019-12-30,2020-01-20,,77912,860025,2
1397183,2019-12-30,2020-01-20,,77923,400382,2
1397184,2019-12-30,2020-01-20,,77996,46841,2
1397185,2019-12-30,2020-01-20,,78060,443686,2
1397186,2019-12-30,2020-01-20,,78139,194341,2
1397187,2019-12-30,2020-01-20,,78206,670906,2
1397188,2019-12-30,2020-01-20,,78234,571476,2
1397189,2019-12-30,2020-01-20,,78415,363458,2
1397190,2019-12-30,2020-01-20,,78424,503181,2
1397191,2019-12-30,2020-01-20,,78427,846617,2
1397192,2019-12-30,2020-01-20,,78503,29182,2
1397193,2019-12-30,2020-01-20,,78527,317430,2
1397194,2019-12-30,2020-01-20,,78620,552994,2
1397195,2019-12-30,2020-01-20,,78735,194574,2
1397196,2019-12-30,2020-01-20,,78825,701641,2
1397197,2019-12-30,2020-01-20,,78861,195199,2
1397198,2019-12-30,2020-01-20,,78896,178881,2
1397199,2019-12-30,2020-01-20,,78926,667552,2
1397200,2019-12-30,2020-01-20,,79123,575499,2
1397201,2019-12-30,2020-01-20,,79158,532088,2
1397202,2019-12-30,2020-01-20,,79281,405320,2
1397203,2019-12-30,2020-01-20,,79450,911318,2
1397204,2019-12-30,2020-01-20,,79475,652338,2
1397205,2019-12-30,2020-01-20,,79489,920457,2
1397206,2019-12-30,2020-01-20,,79620,238442,2
1397207,2019-12-30,2020-01-20,,79628,231097,2
1397208,2019-12-30,2020-01-20,,79708,62593,2
1397209,2019-12-30,2020-01-20,,79760,157021,2
1397210,2019-12-30,2020-01-20,,79760,338229,2
1397211,2019-12-30,2020-01-20,,79760,678458,2
1397212,2019-12-30,2020-01-20,,79760,684270,2
1397213,2019-12-30,2020-01-20,,79760,870116,2
1397214,2019-12-30,2020-01-20,,79874,554049,2
1397215,2019-12-30,2020-01-20,,79874,841381,2
1397216,2019-12-30,2020-01-20,,79874,949396,2
1397217,2019-12-30,2020-01-20,,80037,420665,2
1397218,2019-12-30,2020-01-20,,80037,695891,2
1397219,2019-12-30,2020-01-20,,80070,188203,2
1397220,2019-12-30,2020-01-20,,80094,379956,2
1397221,2019-12-30,2020-01-20,,80094,955647,2
1397222,2019-12-30,2020-01-20,,80131,491035,2
1397223,2019-12-30,2020-01-20,,80163,712242,2
1397224,2019-12-30,2020-01-20,,80200,256325,2
1397225,2019-12-30,2020-01-20,,80462,883445,2
1397226,2019-12-30,2020-01-20,,80482,149686,2
1397227,2019-12-30,2020-01-20,,80562,932455,2
1397228,2019-12-30,2020-01-20,,80762,54720,2
1397229,2019-12-30,2020-01-20,,80791,172441,2
1397230,2019-12-30,2020-01-20,,80954,46923,2
1397231,2019-12-30,2020-01-20,,80984,786885,2
1397232,2019-12-30,2020-01-20,,81225,489761,2
1397233,2019-12-30,2020-01-20,,81244,693227,2
1397234,2019-12-30,2020-01-20,,81369,773499,2
1397235,2019-12-30,2020-01-20,,81430,188226,2
1397236,2019-12-30,2020-01-20,,81430,395622,2
1397237,2019-12-30,2020-01-20,,81430,399814,2
1397238,2019-12-30,2020-01-20,,81559,684002,2
1397239,2019-12-30,2020-01-20,,81642,194623,2
1397240,2019-12-30,2020-01-20,,81803,898930,2
1397241,2019-12-30,2020-01-20,,81875,818167,2
1397242,2019-12-30,2020-01-20,,81879,416441,2
1397243,2019-12-30,2020-01-20,,81924,87454,2
1397244,2019-12-30,2020-01-20,,81926,305619,2
1397245,2019-12-30,2020-01-20,,82037,951629,2
1397246,2019-12-30,2020-01-20,,82047,689231,2
1397247,2019-12-30,2020-01-20,,82117,352168,2
1397248,2019-12-30,2020-01-20,,82284,712375,2
1397249,2019-12-30,2020-01-20,,82305,33824,2
1397250,2019-12-30,2020-01-20,,82831,383329,2
1397251,2019-12-30,2020-01-20,,82912,657666,2
1397252,2019-12-30,2020-01-20,,82999,323960,2
1397253,2019-12-30,2020-01-20,,83011,474595,2
1397254,2019-12-30,2020-01-20,,83083,124098,2
1397255,2019-12-30,2020-01-20,,83083,158999,2
1397256,2019-12-30,2020-01-20,,83083,315222,2
1397257,2019-12-30,2020-01-20,,83236,263221,2
1397258,2019-12-30,2020-01-20,,83324,880874,2
1397259,2019-12-30,2020-01-20,,83420,579118,2
1397260,2019-12-30,2020-01-20,,83421,180021,2
1397261,2019-12-30,2020-01-20,,83421,709234,2
1397262,2019-12-30,2020-01-20,,83449,607233,2
1397263,2019-12-30,2020-01-20,,83503,441923,2
1397264,2019-12-30,2020-01-20,,83503,873499,2
1397265,2019-12-30,2020-01-20,,83728,88049,2
1397266,2019-12-30,2020-01-20,,84268,489710,2
1397267,2019-12-30,2020-01-20,,84436,301254,2
1397268,2019-12-30,2020-01-20,,84436,333129,2
1397269,2019-12-30,2020-01-20,,84495,777367,2
1397270,2019-12-30,2020-01-20,,84885,471262,2
1397271,2019-12-30,2020-01-20,,84914,673221,2
1397272,2019-12-30,2020-01-20,,84944,879194,2
1397273,2019-12-30,2020-01-20,,85001,126499,2
1397274,2019-12-30,2020-01-20,,85015,263415,2
1397275,2019-12-30,2020-01-20,,85283,196704,2
1397276,2019-12-30,2020-01-20,,85283,915467,2
1397277,2019-12-30,2020-01-20,,85357,399816,2
1397278,2019-12-30,2020-01-20,,85522,661308,2
1397279,2019-12-30,2020-01-20,,85630,856651,2
1397280,2019-12-30,2020-01-20,,85660,872101,2
1397281,2019-12-30,2020-01-20,,85768,328739,2
1397282,2019-12-30,2020-01-20,,85885,775681,2
1397283,2019-12-30,2020-01-20,,85958,398875,2
1397284,2019-12-30,2020-01-20,,85972,534605,2
1397285,2019-12-30,2020-01-20,,86074,198803,2
1397286,2019-12-30,2020-01-20,,86301,7645,2
1397287,2019-12-30,2020-01-20,,86401,591646,2
1397288,2019-12-30,2020-01-20,,86624,120904,2
1397289,2019-12-30,2020-01-20,,86852,177173,2
1397290,2019-12-30,2020-01-20,,86852,424343,2
1397291,2019-12-30,2020-01-20,,86865,492155,2
1397292,2019-12-30,2020-01-20,,86881,242600,2
1397293,2019-12-30,2020-01-20,,86945,895737,2
1397294,2019-12-30,2020-01-20,,87006,441859,2
1397295,2019-12-30,2020-01-20,,87011,928989,2
1397296,2019-12-30,2020-01-20,,87093,428243,2
1397297,2019-12-30,2020-01-20,,87117,272952,2
1397298,2019-12-30,2020-01-20,,87205,41060,2
1397299,2019-12-30,2020-01-20,,87205,49499,2
1397300,2019-12-30,2020-01-20,,87205,159014,2
1397301,2019-12-30,2020-01-20,,87205,348951,2
1397302,2019-12-30,2020-01-20,,87216,235812,2
1397303,2019-12-30,2020-01-20,,87253,181698,2
1397304,2019-12-30,2020-01-20,,87510,712977,2
1397305,2019-12-30,2020-01-20,,87537,399646,2
1397306,2019-12-30,2020-01-20,,87689,180630,2
1397307,2019-12-30,2020-01-20,,87694,905317,2
1397308,2019-12-30,2020-01-20,,87702,656480,2
1397309,2019-12-30,2020-01-20,,87704,440776,2
1397310,2019-12-30,2020-01-20,,87973,422871,2
1397311,2019-12-30,2020-01-20,,88276,177562,2
1397312,2019-12-30,2020-01-20,,88300,844945,2
1397313,2019-12-30,2020-01-20,,88774,828316,2
1397314,2019-12-30,2020-01-20,,88869,92622,2
1397315,2019-12-30,2020-01-20,,88919,469340,2
1397316,2019-12-30,2020-01-20,,88963,297681,2
1397317,2019-12-30,2020-01-20,,89163,500301,2
1397318,2019-12-30,2020-01-20,,89355,416620,2
1397319,2019-12-30,2020-01-20,,89420,481797,2
1397320,2019-12-30,2020-01-20,,89471,521070,2
1397321,2019-12-30,2020-01-20,,89480,896937,2
1397322,2019-12-30,2020-01-20,,89511,594441,2
1397323,2019-12-30,2020-01-20,,89541,222874,2
1397324,2019-12-30,2020-01-20,,89610,305282,2
1397325,2019-12-30,2020-01-20,,89692,14725,2
1397326,2019-12-30,2020-01-20,,89782,59489,2
1397327,2019-12-30,2020-01-20,,90061,613043,2
1397328,2019-12-30,2020-01-20,,90231,578869,2
1397329,2019-12-30,2020-01-20,,90264,34517,2
1397330,2019-12-30,2020-01-20,,90311,424866,2
1397331,2019-12-30,2020-01-20,,90463,631363,2
1397332,2019-12-30,2020-01-20,,90563,145079,2
1397333,2019-12-30,2020-01-20,,90729,915549,2
1397334,2019-12-30,2020-01-20,,91045,809955,2
1397335,2019-12-30,2020-01-20,,91052,203757,2
1397336,2019-12-30,2020-01-20,,91076,67980,2
1397337,2019-12-30,2020-01-20,,91076,256064,2
1397338,2019-12-30,2020-01-20,,91076,323211,2
1397339,2019-12-30,2020-01-20,,91076,883537,2
1397340,2019-12-30,2020-01-20,,91138,61288,2
1397341,2019-12-30,2020-01-20,,91264,397582,2
1397342,2019-12-30,2020-01-20,,91264,586992,2
1397343,2019-12-30,2020-01-20,,91272,451347,2
1397344,2019-12-30,2020-01-20,,91283,96368,2
1397345,2019-12-30,2020-01-20,,91283,709201,2
1397346,2019-12-30,2020-01-20,,91538,38931,2
1397347,2019-12-30,2020-01-20,,91538,243441,2
1397348,2019-12-30,2020-01-20,,91538,387188,2
1397349,2019-12-30,2020-01-20,,91538,542265,2
1397350,2019-12-30,2020-01-20,,91538,582117,2
1397351,2019-12-30,2020-01-20,,91538,806691,2
1397352,2019-12-30,2020-01-20,,91538,929524,2
1397353,2019-12-30,2020-01-20,,91561,175703,2
1397354,2019-12-30,2020-01-20,,91561,552265,2
1397355,2019-12-30,2020-01-20,,91626,564980,2
1397356,2019-12-30,2020-01-20,,91969,334185,2
1397357,2019-12-30,2020-01-20,,92191,798210,2
1397358,2019-12-30,2020-01-20,,92326,453958,2
1397359,2019-12-30,2020-01-20,,92328,472448,2
1397360,2019-12-30,2020-01-20,,92340,955015,2
1397361,2019-12-30,2020-01-20,,92382,416377,2
1397362,2019-12-30,2020-01-20,,92400,664666,2
1397363,2019-12-30,2020-01-20,,92713,455943,2
1397364,2019-12-30,2020-01-20,,93039,382048,2
1397365,2019-12-30,2020-01-20,,93111,923162,2
1397366,2019-12-30,2020-01-20,,93299,246505,2
1397367,2019-12-30,2020-01-20,,93377,499287,2
1397368,2019-12-30,2020-01-20,,93450,256632,2
1397369,2019-12-30,2020-01-20,,93579,767819,2
1397370,2019-12-30,2020-01-20,,93679,376440,2
1397371,2019-12-30,2020-01-20,,93795,379803,2
1397372,2019-12-30,2020-01-20,,94062,322816,2
1397373,2019-12-30,2020-01-20,,94094,813648,2
1397374,2019-12-30,2020-01-20,,94254,105804,2
1397375,2019-12-30,2020-01-20,,94443,150548,2
1397376,2019-12-30,2020-01-20,,94527,177772,2
1397377,2019-12-30,2020-01-20,,94616,24193,2
1397378,2019-12-30,2020-01-20,,94786,500045,2
1397379,2019-12-30,2020-01-20,,94810,888651,2
1397380,2019-12-30,2020-01-20,,94871,603840,2
1397381,2019-12-30,2020-01-20,,94980,4876,2
1397382,2019-12-30,2020-01-20,,95046,348459,2
1397383,2019-12-30,2020-01-20,,95093,350987,2
1397384,2019-12-30,2020-01-20,,95185,533425,2
1397385,2019-12-30,2020-01-20,,95313,11282,2
1397386,2019-12-30,2020-01-20,,95500,669910,2
1397387,2019-12-30,2020-01-20,,95571,697714,2
1397388,2019-12-30,2020-01-20,,95951,630173,2
1397389,2019-12-30,2020-01-20,,96202,93729,2
1397390,2019-12-30,2020-01-20,,96202,684559,2
1397391,2019-12-30,2020-01-20,,96269,924234,2
1397392,2019-12-30,2020-01-20,,96311,585616,2
1397393,2019-12-30,2020-01-20,,96540,661575,2
1397394,2019-12-30,2020-01-20,,96679,395335,2
1397395,2019-12-30,2020-01-20,,97024,690801,2
1397396,2019-12-30,2020-01-20,,97042,916537,2
1397397,2019-12-30,2020-01-20,,97045,262720,2
1397398,2019-12-30,2020-01-20,,97065,903424,2
1397399,2019-12-30,2020-01-20,,97070,931917,2
1397400,2019-12-30,2020-01-20,,97151,642027,2
1397401,2019-12-30,2020-01-20,,97291,841041,2
1397402,2019-12-30,2020-01-20,,97302,149201,2
1397403,2019-12-30,2020-01-20,,97336,778908,2
1397404,2019-12-30,2020-01-20,,97348,437470,2
1397405,2019-12-30,2020-01-20,,97356,862093,2
1397406,2019-12-30,2020-01-20,,97869,148531,2
1397407,2019-12-30,2020-01-20,,98100,213214,2
1397408,2019-12-30,2020-01-20,,98105,37386,2
1397409,2019-12-30,2020-01-20,,98314,289590,2
1397410,2019-12-30,2020-01-20,,98326,105571,2
1397411,2019-12-30,2020-01-20,,98331,514845,2
1397412,2019-12-30,2020-01-20,,98394,83120,2
1397413,2019-12-30,2020-01-20,,98430,267798,2
1397414,2019-12-30,2020-01-20,,98599,892150,2
1397415,2019-12-30,2020-01-20,,98674,512856,2
1397416,2019-12-30,2020-01-20,,98730,257238,2
1397417,2019-12-30,2020-01-20,,98762,950107,2
1397418,2019-12-30,2020-01-20,,98767,783052,2
1397419,2019-12-30,2020-01-20,,99003,43712,2
1397420,2019-12-30,2020-01-20,,99003,761849,2
1397421,2019-12-30,2020-01-20,,99016,4533,2
1397422,2019-12-30,2020-01-20,,99052,365539,2
1397423,2019-12-30,2020-01-20,,99121,498902,2
1397424,2019-12-30,2020-01-20,,99165,234197,2
1397425,2019-12-30,2020-01-20,,99267,382830,2
1397426,2019-12-30,2020-01-20,,99327,588111,2
1397427,2019-12-30,2020-01-20,,99412,935969,2
1397428,2019-12-30,2020-01-20,,99573,589626,2
1397429,2019-12-30,2020-01-20,,99573,603200,2
1397430,2019-12-30,2020-01-20,,99573,631294,2
1397431,2019-12-30,2020-01-20,,99573,699913,2
1397432,2019-12-30,2020-01-20,,99573,726678,2
1397433,2019-12-30,2020-01-20,,99573,776343,2
1397434,2019-12-30,2020-01-20,,99573,864661,2
1397435,2019-12-30,2020-01-20,,99678,791215,2
1397436,2019-12-30,2020-01-20,,99735,41503,2
1397437,2019-12-30,2020-01-20,,99914,238658,2
1397438,2019-12-30,2020-01-20,,100007,837153,2
1397439,2019-12-30,2020-01-20,,100306,775747,2
1397440,2019-12-30,2020-01-20,,100320,319963,2
1397441,2019-12-30,2020-01-20,,100377,455344,2
1397442,2019-12-30,2020-01-20,,100398,12715,2
1397443,2019-12-30,2020-01-20,,100431,59689,2
1397444,2019-12-30,2020-01-20,,100530,150520,2
1397445,2019-12-30,2020-01-20,,100691,150357,2
1397446,2019-12-30,2020-01-20,,100754,865212,2
1397447,2019-12-30,2020-01-20,,100779,424844,2
1397448,2019-12-30,2020-01-20,,100863,730423,2
1397449,2019-12-30,2020-01-20,,100873,463520,2
1397450,2019-12-30,2020-01-20,,100922,546377,2
1397451,2019-12-30,2020-01-20,,100931,172304,2
1397452,2019-12-30,2020-01-20,,100955,205710,2
1397453,2019-12-30,2020-01-20,,100997,274152,2
1397454,2019-12-30,2020-01-20,,101130,568613,2
1397455,2019-12-30,2020-01-20,,101189,655703,2
1397456,2019-12-30,2020-01-20,,101233,855807,2
1397457,2019-12-30,2020-01-20,,101261,453858,2
1397458,2019-12-30,2020-01-20,,101294,592252,2
1397459,2019-12-30,2020-01-20,,101357,311247,2
1397460,2019-12-30,2020-01-20,,101357,628072,2
1397461,2019-12-30,2020-01-20,,101357,849762,2
1397462,2019-12-30,2020-01-20,,101558,462008,2
1397463,2019-12-30,2020-01-20,,101563,698759,2
1397464,2019-12-30,2020-01-20,,101575,207859,2
1397465,2019-12-30,2020-01-20,,101608,815494,2
1397466,2019-12-30,2020-01-20,,101925,438489,2
1397467,2019-12-30,2020-01-20,,101963,931536,2
1397468,2019-12-30,2020-01-20,,101980,465948,2
1397469,2019-12-30,2020-01-20,,101980,705784,2
1397470,2019-12-30,2020-01-20,,102139,349622,2
1397471,2019-12-30,2020-01-20,,102180,95134,2
1397472,2019-12-30,2020-01-20,,102180,601944,2
1397473,2019-12-30,2020-01-20,,102180,881465,2
1397474,2019-12-30,2020-01-20,,102200,153670,2
1397475,2019-12-30,2020-01-20,,102309,889382,2
1397476,2019-12-30,2020-01-20,,102364,650397,2
1397477,2019-12-30,2020-01-20,,102578,509967,2
1397478,2019-12-30,2020-01-20,,102621,303839,2
1397479,2019-12-30,2020-01-20,,102627,333686,2
1397480,2019-12-30,2020-01-20,,102657,927254,2
1397481,2019-12-30,2020-01-20,,102709,945993,2
1397482,2019-12-30,2020-01-20,,102772,330526,2
1397483,2019-12-30,2020-01-20,,102826,219199,2
1397484,2019-12-30,2020-01-20,,102863,202144,2
1397485,2019-12-30,2020-01-20,,102979,303753,2
1397486,2019-12-30,2020-01-20,,103021,693285,2
1397487,2019-12-30,2020-01-20,,103100,422582,2
1397488,2019-12-30,2020-01-20,,103184,602607,2
1397489,2019-12-30,2020-01-20,,103198,820486,2
1397490,2019-12-30,2020-01-20,,103491,405205,2
1397491,2019-12-30,2020-01-20,,103748,706304,2
1397492,2019-12-30,2020-01-20,,103756,680558,2
1397493,2019-12-30,2020-01-20,,103756,857149,2
1397494,2019-12-30,2020-01-20,,103882,288140,2
1397495,2019-12-30,2020-01-20,,103917,54227,2
1397496,2019-12-30,2020-01-20,,104245,41766,2
1397497,2019-12-30,2020-01-20,,104269,412640,2
1397498,2019-12-30,2020-01-20,,104309,691397,2
1397499,2019-12-30,2020-01-20,,104424,630287,2
1397500,2019-12-30,2020-01-20,,104426,23128,2
1397501,2019-12-30,2020-01-20,,104488,867166,2
1397502,2019-12-30,2020-01-20,,104509,647432,2
1397503,2019-12-30,2020-01-20,,104549,88399,2
1397504,2019-12-30,2020-01-20,,104549,297976,2
1397505,2019-12-30,2020-01-20,,104549,758238,2
1397506,2019-12-30,2020-01-20,,104623,166450,2
1397507,2019-12-30,2020-01-20,,104816,666341,2
1397508,2019-12-30,2020-01-20,,104869,60227,2
1397509,2019-12-30,2020-01-20,,104869,155080,2
1397510,2019-12-30,2020-01-20,,104869,212829,2
1397511,2019-12-30,2020-01-20,,104869,275787,2
1397512,2019-12-30,2020-01-20,,104869,314599,2
1397513,2019-12-30,2020-01-20,,104869,315233,2
1397514,2019-12-30,2020-01-20,,104869,897100,2
1397515,2019-12-30,2020-01-20,,104940,217878,2
1397516,2019-12-30,2020-01-20,,104982,124078,2
1397517,2019-12-30,2020-01-20,,105068,327825,2
1397518,2019-12-30,2020-01-20,,105090,101324,2
1397519,2019-12-30,2020-01-20,,105136,272408,2
1397520,2019-12-30,2020-01-20,,105185,610357,2
1397521,2019-12-30,2020-01-20,,105221,936429,2
1397522,2019-12-30,2020-01-20,,105444,437939,2
1397523,2019-12-30,2020-01-20,,105892,677094,2
1397524,2019-12-30,2020-01-20,,105961,802747,2
1397525,2019-12-30,2020-01-20,,106101,92490,2
1397526,2019-12-30,2020-01-20,,106354,165409,2
1397527,2019-12-30,2020-01-20,,106356,277496,2
1397528,2019-12-30,2020-01-20,,106434,924375,2
1397529,2019-12-30,2020-01-20,,106450,106557,2
1397530,2019-12-30,2020-01-20,,106488,388100,2
1397531,2019-12-30,2020-01-20,,106594,875296,2
1397532,2019-12-30,2020-01-20,,106596,275399,2
1397533,2019-12-30,2020-01-20,,106639,649544,2
1397534,2019-12-30,2020-01-20,,106662,673745,2
1397535,2019-12-30,2020-01-20,,106725,570287,2
1397536,2019-12-30,2020-01-20,,106795,482402,2
1397537,2019-12-30,2020-01-20,,106955,241795,2
1397538,2019-12-30,2020-01-20,,106971,734848,2
1397539,2019-12-30,2020-01-20,,107169,685203,2
1397540,2019-12-30,2020-01-20,,107312,686894,2
1397541,2019-12-30,2020-01-20,,107327,43046,2
1397542,2019-12-30,2020-01-20,,107433,137463,2
1397543,2019-12-30,2020-01-20,,107450,138533,2
1397544,2019-12-30,2020-01-20,,107450,270287,2
1397545,2019-12-30,2020-01-20,,107703,533612,2
1397546,2019-12-30,2020-01-20,,107735,110130,2
1397547,2019-12-30,2020-01-20,,107738,369780,2
1397548,2019-12-30,2020-01-20,,108004,94337,2
1397549,2019-12-30,2020-01-20,,108004,841034,2
1397550,2019-12-30,2020-01-20,,108096,82647,2
1397551,2019-12-30,2020-01-20,,108101,871116,2
1397552,2019-12-30,2020-01-20,,108160,258277,2
1397553,2019-12-30,2020-01-20,,108228,261545,2
1397554,2019-12-30,2020-01-20,,108251,220028,2
1397555,2019-12-30,2020-01-20,,108253,35719,2
1397556,2019-12-30,2020-01-20,,108273,119842,2
1397557,2019-12-30,2020-01-20,,108301,526356,2
1397558,2019-12-30,2020-01-20,,108518,650201,2
1397559,2019-12-30,2020-01-20,,108557,405321,2
1397560,2019-12-30,2020-01-20,,108569,407599,2
1397561,2019-12-30,2020-01-20,,108580,616622,2
1397562,2019-12-30,2020-01-20,,108639,633144,2
1397563,2019-12-30,2020-01-20,,108764,735233,2
1397564,2019-12-30,2020-01-20,,108777,303399,2
1397565,2019-12-30,2020-01-20,,109130,718925,2
1397566,2019-12-30,2020-01-20,,109343,217952,2
1397567,2019-12-30,2020-01-20,,109352,79523,2
1397568,2019-12-30,2020-01-20,,109499,649701,2
1397569,2019-12-30,2020-01-20,,109508,75873,2
1397570,2019-12-30,2020-01-20,,109508,490727,2
1397571,2019-12-30,2020-01-20,,109525,692285,2
1397572,2019-12-30,2020-01-20,,109553,683008,2
1397573,2019-12-30,2020-01-20,,109618,170969,2
1397574,2019-12-30,2020-01-20,,109767,778823,2
1397575,2019-12-30,2020-01-20,,109795,272853,2
1397576,2019-12-30,2020-01-20,,109817,192566,2
1397577,2019-12-30,2020-01-20,,110032,454896,2
1397578,2019-12-30,2020-01-20,,110077,766507,2
1397579,2019-12-30,2020-01-20,,110333,765618,2
1397580,2019-12-30,2020-01-20,,110445,638313,2
1397581,2019-12-30,2020-01-20,,110508,9572,2
1397582,2019-12-30,2020-01-20,,110508,86321,2
1397583,2019-12-30,2020-01-20,,110763,453355,2
1397584,2019-12-30,2020-01-20,,110790,106321,2
1397585,2019-12-30,2020-01-20,,110841,759602,2
1397586,2019-12-30,2020-01-20,,111232,661147,2
1397587,2019-12-30,2020-01-20,,111245,37460,2
1397588,2019-12-30,2020-01-20,,111266,576343,2
1397589,2019-12-30,2020-01-20,,111311,914999,2
1397590,2019-12-30,2020-01-20,,111340,824281,2
1397591,2019-12-30,2020-01-20,,111425,931289,2
1397592,2019-12-30,2020-01-20,,111463,274106,2
1397593,2019-12-30,2020-01-20,,111605,761861,2
1397594,2019-12-30,2020-01-20,,111747,170277,2
1397595,2019-12-30,2020-01-20,,111868,313006,2
1397596,2019-12-30,2020-01-20,,112049,589455,2
1397597,2019-12-30,2020-01-20,,112088,286543,2
1397598,2019-12-30,2020-01-20,,112107,441977,2
1397599,2019-12-30,2020-01-20,,112148,44393,2
1397600,2019-12-30,2020-01-20,,112148,384987,2
1397601,2019-12-30,2020-01-20,,112148,461295,2
1397602,2019-12-30,2020-01-20,,112148,810673,2
1397603,2019-12-30,2020-01-20,,112178,672838,2
1397604,2019-12-30,2020-01-20,,112344,869479,2
1397605,2019-12-30,2020-01-20,,112573,382624,2
1397606,2019-12-30,2020-01-20,,112577,556408,2
1397607,2019-12-30,2020-01-20,,112594,468728,2
1397608,2019-12-30,2020-01-20,,112734,401582,2
1397609,2019-12-30,2020-01-20,,112863,250149,2
1397610,2019-12-30,2020-01-20,,112910,145083,2
1397611,2019-12-30,2020-01-20,,113086,779246,2
1397612,2019-12-30,2020-01-20,,113237,633893,2
1397613,2019-12-30,2020-01-20,,113356,154299,2
1397614,2019-12-30,2020-01-20,,113356,188218,2
1397615,2019-12-30,2020-01-20,,113356,620853,2
1397616,2019-12-30,2020-01-20,,113356,638853,2
1397617,2019-12-30,2020-01-20,,113356,709396,2
1397618,2019-12-30,2020-01-20,,113356,817734,2
1397619,2019-12-30,2020-01-20,,113409,498249,2
1397620,2019-12-30,2020-01-20,,113695,783243,2
1397621,2019-12-30,2020-01-20,,113695,836859,2
1397622,2019-12-30,2020-01-20,,113748,176155,2
1397623,2019-12-30,2020-01-20,,113785,684578,2
1397624,2019-12-30,2020-01-20,,113797,252197,2
1397625,2019-12-30,2020-01-20,,113797,939136,2
1397626,2019-12-30,2020-01-20,,113802,713909,2
1397627,2019-12-30,2020-01-20,,113802,718329,2
1397628,2019-12-30,2020-01-20,,113852,453690,2
1397629,2019-12-30,2020-01-20,,113970,272816,2
1397630,2019-12-30,2020-01-20,,113970,491388,2
1397631,2019-12-30,2020-01-20,,113970,616962,2
1397632,2019-12-30,2020-01-20,,113970,785475,2
1397633,2019-12-30,2020-01-20,,114027,243149,2
1397634,2019-12-30,2020-01-20,,114130,955366,2
1397635,2019-12-30,2020-01-20,,114173,651091,2
1397636,2019-12-30,2020-01-20,,114328,697165,2
1397637,2019-12-30,2020-01-20,,114398,860091,2
1397638,2019-12-30,2020-01-20,,114603,18638,2
1397639,2019-12-30,2020-01-20,,114644,398514,2
1397640,2019-12-30,2020-01-20,,114970,40403,2
1397641,2019-12-30,2020-01-20,,114999,301597,2
1397642,2019-12-30,2020-01-20,,115106,50448,2
1397643,2019-12-30,2020-01-20,,115182,378243,2
1397644,2019-12-30,2020-01-20,,115279,120978,2
1397645,2019-12-30,2020-01-20,,115454,334699,2
1397646,2019-12-30,2020-01-20,,115481,218970,2
1397647,2019-12-30,2020-01-20,,115636,28557,2
1397648,2019-12-30,2020-01-20,,115891,845227,2
1397649,2019-12-30,2020-01-20,,115920,649542,2
1397650,2019-12-30,2020-01-20,,115959,87859,2
1397651,2019-12-30,2020-01-20,,116187,420577,2
1397652,2019-12-30,2020-01-20,,116287,642901,2
1397653,2019-12-30,2020-01-20,,116326,706657,2
1397654,2019-12-30,2020-01-20,,116379,566005,2
1397655,2019-12-30,2020-01-20,,116394,540588,2
1397656,2019-12-30,2020-01-20,,116501,237651,2
1397657,2019-12-30,2020-01-20,,116537,578706,2
1397658,2019-12-30,2020-01-20,,116664,109607,2
1397659,2019-12-30,2020-01-20,,116843,496589,2
1397660,2019-12-30,2020-01-20,,117275,652727,2
1397661,2019-12-30,2020-01-20,,117360,185709,2
1397662,2019-12-30,2020-01-20,,117360,448450,2
1397663,2019-12-30,2020-01-20,,117360,836847,2
1397664,2019-12-30,2020-01-20,,117394,711066,2
1397665,2019-12-30,2020-01-20,,117923,321572,2
1397666,2019-12-30,2020-01-20,,117923,349192,2
1397667,2019-12-30,2020-01-20,,117923,619866,2
1397668,2019-12-30,2020-01-20,,118044,26061,2
1397669,2019-12-30,2020-01-20,,118081,352170,2
1397670,2019-12-30,2020-01-20,,118116,695309,2
1397671,2019-12-30,2020-01-20,,118142,905838,2
1397672,2019-12-30,2020-01-20,,118312,438652,2
1397673,2019-12-30,2020-01-20,,118330,884018,2
1397674,2019-12-30,2020-01-20,,118402,188295,2
1397675,2019-12-30,2020-01-20,,118440,6220,2
1397676,2019-12-30,2020-01-20,,118527,829463,2
1397677,2019-12-30,2020-01-20,,118591,844921,2
1397678,2019-12-30,2020-01-20,,118754,737333,2
1397679,2019-12-30,2020-01-20,,118829,274744,2
1397680,2019-12-30,2020-01-20,,119203,404529,2
1397681,2019-12-30,2020-01-20,,119288,449383,2
1397682,2019-12-30,2020-01-20,,119288,458495,2
1397683,2019-12-30,2020-01-20,,119288,686688,2
1397684,2019-12-30,2020-01-20,,119393,460678,2
1397685,2019-12-30,2020-01-20,,119562,23574,2
1397686,2019-12-30,2020-01-20,,119565,705804,2
1397687,2019-12-30,2020-01-20,,119642,735883,2
1397688,2019-12-30,2020-01-20,,119783,782296,2
1397689,2019-12-30,2020-01-20,,119821,473984,2
1397690,2019-12-30,2020-01-20,,119842,520454,2
1397691,2019-12-30,2020-01-20,,119848,221147,2
1397692,2019-12-30,2020-01-20,,119951,585541,2
1397693,2019-12-30,2020-01-20,,119973,295043,2
1397694,2019-12-30,2020-01-20,,119973,951426,2
1397695,2019-12-30,2020-01-20,,120174,553270,2
1397696,2019-12-30,2020-01-20,,120325,270164,2
1397697,2019-12-30,2020-01-20,,120363,104510,2
1397698,2019-12-30,2020-01-20,,120443,758167,2
1397699,2019-12-30,2020-01-20,,120518,738637,2
1397700,2019-12-30,2020-01-20,,120530,759761,2
1397701,2019-12-30,2020-01-20,,120631,757635,2
1397702,2019-12-30,2020-01-20,,120729,146778,2
1397703,2019-12-30,2020-01-20,,120907,54529,2
1397704,2019-12-30,2020-01-20,,120922,806124,2
1397705,2019-12-30,2020-01-20,,121354,627764,2
1397706,2019-12-30,2020-01-20,,121503,796073,2
1397707,2019-12-30,2020-01-20,,121560,890371,2
1397708,2019-12-30,2020-01-20,,121573,918631,2
1397709,2019-12-30,2020-01-20,,121689,186093,2
1397710,2019-12-30,2020-01-20,,121712,82855,2
1397711,2019-12-30,2020-01-20,,121712,220792,2
1397712,2019-12-30,2020-01-20,,121712,772807,2
1397713,2019-12-30,2020-01-20,,121964,817960,2
1397714,2019-12-30,2020-01-20,,122079,510947,2
1397715,2019-12-30,2020-01-20,,122368,744768,2
1397716,2019-12-30,2020-01-20,,122374,82717,2
1397717,2019-12-30,2020-01-20,,122663,788589,2
1397718,2019-12-30,2020-01-20,,122706,368874,2
1397719,2019-12-30,2020-01-20,,122764,662041,2
1397720,2019-12-30,2020-01-20,,122838,141044,2
1397721,2019-12-30,2020-01-20,,122968,362215,2
1397722,2019-12-30,2020-01-20,,123127,104377,2
1397723,2019-12-30,2020-01-20,,123182,144485,2
1397724,2019-12-30,2020-01-20,,123317,202886,2
1397725,2019-12-30,2020-01-20,,123385,889127,2
1397726,2019-12-30,2020-01-20,,123555,626529,2
1397727,2019-12-30,2020-01-20,,123733,200973,2
1397728,2019-12-30,2020-01-20,,123828,301045,2
1397729,2019-12-30,2020-01-20,,123893,707728,2
1397730,2019-12-30,2020-01-20,,123908,452282,2
1397731,2019-12-30,2020-01-20,,123974,98588,2
1397732,2019-12-30,2020-01-20,,123989,492210,2
1397733,2019-12-30,2020-01-20,,124058,658052,2
1397734,2019-12-30,2020-01-20,,124107,769571,2
1397735,2019-12-30,2020-01-20,,124435,330236,2
1397736,2019-12-30,2020-01-20,,124489,17581,2
1397737,2019-12-30,2020-01-20,,124664,173245,2
1397738,2019-12-30,2020-01-20,,124852,502480,2
1397739,2019-12-30,2020-01-20,,125026,698760,2
1397740,2019-12-30,2020-01-20,,125052,34137,2
1397741,2019-12-30,2020-01-20,,125324,621602,2
1397742,2019-12-30,2020-01-20,,125526,465265,2
1397743,2019-12-30,2020-01-20,,125581,265425,2
1397744,2019-12-30,2020-01-20,,125642,618998,2
1397745,2019-12-30,2020-01-20,,125957,745023,2
1397746,2019-12-30,2020-01-20,,125995,63141,2
1397747,2019-12-30,2020-01-20,,126152,669427,2
1397748,2019-12-30,2020-01-20,,126153,503653,2
1397749,2019-12-30,2020-01-20,,126285,879756,2
1397750,2019-12-30,2020-01-20,,126402,723230,2
1397751,2019-12-30,2020-01-20,,126480,569762,2
1397752,2019-12-30,2020-01-20,,126512,757034,2
1397753,2019-12-30,2020-01-20,,126610,857972,2
1397754,2019-12-30,2020-01-20,,126671,62524,2
1397755,2019-12-30,2020-01-20,,126692,96178,2
1397756,2019-12-30,2020-01-20,,126715,119405,2
1397757,2019-12-30,2020-01-20,,126749,894874,2
1397758,2019-12-30,2020-01-20,,126767,48724,2
1397759,2019-12-30,2020-01-20,,126937,315858,2
1397760,2019-12-30,2020-01-20,,126970,638365,2
1397761,2019-12-30,2020-01-20,,126988,212555,2
1397762,2019-12-30,2020-01-20,,127010,878026,2
1397763,2019-12-30,2020-01-20,,127293,145549,2
1397764,2019-12-30,2020-01-20,,127396,99881,2
1397765,2019-12-30,2020-01-20,,127485,631539,2
1397766,2019-12-30,2020-01-20,,127532,245236,2
1397767,2019-12-30,2020-01-20,,127685,92946,2
1397768,2019-12-30,2020-01-20,,127685,188143,2
1397769,2019-12-30,2020-01-20,,127902,62468,2
1397770,2019-12-30,2020-01-20,,127962,686738,2
1397771,2019-12-30,2020-01-20,,128395,57628,2
1397772,2019-12-30,2020-01-20,,128450,354288,2
1397773,2019-12-30,2020-01-20,,128466,501978,2
1397774,2019-12-30,2020-01-20,,128496,159262,2
1397775,2019-12-30,2020-01-20,,128588,499847,2
1397776,2019-12-30,2020-01-20,,128687,383280,2
1397777,2019-12-30,2020-01-20,,128747,191409,2
1397778,2019-12-30,2020-01-20,,128753,741082,2
1397779,2019-12-30,2020-01-20,,128778,209226,2
1397780,2019-12-30,2020-01-20,,128811,407676,2
1397781,2019-12-30,2020-01-20,,128831,54495,2
1397782,2019-12-30,2020-01-20,,128914,417410,2
1397783,2019-12-30,2020-01-20,,128931,578956,2
1397784,2019-12-30,2020-01-20,,129017,372867,2
1397785,2019-12-30,2020-01-20,,129017,395659,2
1397786,2019-12-30,2020-01-20,,129017,428192,2
1397787,2019-12-30,2020-01-20,,129017,620787,2
1397788,2019-12-30,2020-01-20,,129017,628024,2
1397789,2019-12-30,2020-01-20,,129347,453457,2
1397790,2019-12-30,2020-01-20,,129397,14522,2
1397791,2019-12-30,2020-01-20,,129579,927340,2
1397792,2019-12-30,2020-01-20,,129582,565368,2
1397793,2019-12-30,2020-01-20,,129632,275049,2
1397794,2019-12-30,2020-01-20,,129867,22789,2
1397795,2019-12-30,2020-01-20,,129896,596781,2
1397796,2019-12-30,2020-01-20,,129902,133844,2
1397797,2019-12-30,2020-01-20,,129919,836189,2
1397798,2019-12-30,2020-01-20,,129940,645207,2
1397799,2019-12-30,2020-01-20,,130210,8405,2
1397800,2019-12-30,2020-01-20,,130264,755087,2
1397801,2019-12-30,2020-01-20,,130285,6251,2
1397802,2019-12-30,2020-01-20,,130430,736266,2
1397803,2019-12-30,2020-01-20,,130799,98115,2
1397804,2019-12-30,2020-01-20,,130810,325918,2
1397805,2019-12-30,2020-01-20,,130923,858143,2
1397806,2019-12-30,2020-01-20,,130935,80016,2
1397807,2019-12-30,2020-01-20,,130957,225611,2
1397808,2019-12-30,2020-01-20,,131055,474046,2
1397809,2019-12-30,2020-01-20,,131286,600576,2
1397810,2019-12-30,2020-01-20,,131298,451145,2
1397811,2019-12-30,2020-01-20,,131347,476174,2
1397812,2019-12-30,2020-01-20,,131366,351380,2
1397813,2019-12-30,2020-01-20,,131432,54023,2
1397814,2019-12-30,2020-01-20,,131519,722199,2
1397815,2019-12-30,2020-01-20,,131798,200183,2
1397816,2019-12-30,2020-01-20,,131884,378234,2
1397817,2019-12-30,2020-01-20,,132016,737219,2
1397818,2019-12-30,2020-01-20,,132022,500021,2
1397819,2019-12-30,2020-01-20,,132022,606523,2
1397820,2019-12-30,2020-01-20,,132022,684009,2
1397821,2019-12-30,2020-01-20,,132022,684671,2
1397822,2019-12-30,2020-01-20,,132022,717654,2
1397823,2019-12-30,2020-01-20,,132065,527740,2
1397824,2019-12-30,2020-01-20,,132144,106180,2
1397825,2019-12-30,2020-01-20,,132288,20146,2
1397826,2019-12-30,2020-01-20,,132483,587149,2
1397827,2019-12-30,2020-01-20,,132576,728356,2
1397828,2019-12-30,2020-01-20,,132602,613605,2
1397829,2019-12-30,2020-01-20,,132602,933410,2
1397830,2019-12-30,2020-01-20,,132664,13162,2
1397831,2019-12-30,2020-01-20,,132664,640691,2
1397832,2019-12-30,2020-01-20,,132664,765291,2
1397833,2019-12-30,2020-01-20,,132664,948107,2
1397834,2019-12-30,2020-01-20,,132684,93170,2
1397835,2019-12-30,2020-01-20,,132711,82124,2
1397836,2019-12-30,2020-01-20,,132935,54228,2
1397837,2019-12-30,2020-01-20,,132941,423,2
1397838,2019-12-30,2020-01-20,,133248,791110,2
1397839,2019-12-30,2020-01-20,,133261,219987,2
1397840,2019-12-30,2020-01-20,,133287,584589,2
1397841,2019-12-30,2020-01-20,,133287,620701,2
1397842,2019-12-30,2020-01-20,,133287,877631,2
1397843,2019-12-30,2020-01-20,,133327,165412,2
1397844,2019-12-30,2020-01-20,,133381,363904,2
1397845,2019-12-30,2020-01-20,,133424,1040,2
1397846,2019-12-30,2020-01-20,,133424,771309,2
1397847,2019-12-30,2020-01-20,,133460,816361,2
1397848,2019-12-30,2020-01-20,,133667,49479,2
1397849,2019-12-30,2020-01-20,,133732,433526,2
1397850,2019-12-30,2020-01-20,,133864,338253,2
1397851,2019-12-30,2020-01-20,,134075,623346,2
1397852,2019-12-30,2020-01-20,,134081,783314,2
1397853,2019-12-30,2020-01-20,,134159,21010,2
1397854,2019-12-30,2020-01-20,,134367,623857,2
1397855,2019-12-30,2020-01-20,,134450,427153,2
1397856,2019-12-30,2020-01-20,,134534,642245,2
1397857,2019-12-30,2020-01-20,,134576,598627,2
1397858,2019-12-30,2020-01-20,,134576,670079,2
1397859,2019-12-30,2020-01-20,,134829,132534,2
1397860,2019-12-30,2020-01-20,,134851,114491,2
1397861,2019-12-30,2020-01-20,,134946,225275,2
1397862,2019-12-30,2020-01-20,,135027,619712,2
1397863,2019-12-30,2020-01-20,,135319,877135,2
1397864,2019-12-30,2020-01-20,,135331,633659,2
1397865,2019-12-30,2020-01-20,,135612,894615,2
1397866,2019-12-30,2020-01-20,,135616,558932,2
1397867,2019-12-30,2020-01-20,,135640,843312,2
1397868,2019-12-30,2020-01-20,,135655,770006,2
1397869,2019-12-30,2020-01-20,,135689,948221,2
1397870,2019-12-30,2020-01-20,,135749,886907,2
1397871,2019-12-30,2020-01-20,,136033,495254,2
1397872,2019-12-30,2020-01-20,,136077,930868,2
1397873,2019-12-30,2020-01-20,,136156,476570,2
1397874,2019-12-30,2020-01-20,,136156,922371,2
1397875,2019-12-30,2020-01-20,,136241,621364,2
1397876,2019-12-30,2020-01-20,,136302,638956,2
1397877,2019-12-30,2020-01-20,,136353,733891,2
1397878,2019-12-30,2020-01-20,,136551,145084,2
1397879,2019-12-30,2020-01-20,,136703,309911,2
1397880,2019-12-30,2020-01-20,,136703,645732,2
1397881,2019-12-30,2020-01-20,,136742,336613,2
1397882,2019-12-30,2020-01-20,,137020,40984,2
1397883,2019-12-30,2020-01-20,,137092,398413,2
1397884,2019-12-30,2020-01-20,,137207,167670,2
1397885,2019-12-30,2020-01-20,,137251,547476,2
1397886,2019-12-30,2020-01-20,,137564,324739,2
1397887,2019-12-30,2020-01-20,,137564,390347,2
1397888,2019-12-30,2020-01-20,,137592,199848,2
1397889,2019-12-30,2020-01-20,,137718,731017,2
1397890,2019-12-30,2020-01-20,,137763,64955,2
1397891,2019-12-30,2020-01-20,,137808,821020,2
1397892,2019-12-30,2020-01-20,,138083,171955,2
1397893,2019-12-30,2020-01-20,,138134,334196,2
1397894,2019-12-30,2020-01-20,,138164,616860,2
1397895,2019-12-30,2020-01-20,,138296,683009,2
1397896,2019-12-30,2020-01-20,,138433,213352,2
1397897,2019-12-30,2020-01-20,,138500,21446,2
1397898,2019-12-30,2020-01-20,,138500,826324,2
1397899,2019-12-30,2020-01-20,,138509,569514,2
1397900,2019-12-30,2020-01-20,,138517,205396,2
1397901,2019-12-30,2020-01-20,,138570,671996,2
1397902,2019-12-30,2020-01-20,,138570,947920,2
1397903,2019-12-30,2020-01-20,,138680,440015,2
1397904,2019-12-30,2020-01-20,,138917,644794,2
1397905,2019-12-30,2020-01-20,,138947,513685,2
1397906,2019-12-30,2020-01-20,,139019,815013,2
1397907,2019-12-30,2020-01-20,,139046,425811,2
1397908,2019-12-30,2020-01-20,,139140,692303,2
1397909,2019-12-30,2020-01-20,,139388,240616,2
1397910,2019-12-30,2020-01-20,,139561,43183,2
1397911,2019-12-30,2020-01-20,,139600,884272,2
1397912,2019-12-30,2020-01-20,,139630,112929,2
1397913,2019-12-30,2020-01-20,,139724,490027,2
1397914,2019-12-30,2020-01-20,,140050,824084,2
1397915,2019-12-30,2020-01-20,,140068,323001,2
1397916,2019-12-30,2020-01-20,,140084,350545,2
1397917,2019-12-30,2020-01-20,,140141,320289,2
1397918,2019-12-30,2020-01-20,,140326,186682,2
1397919,2019-12-30,2020-01-20,,140417,443194,2
1397920,2019-12-30,2020-01-20,,140514,284084,2
1397921,2019-12-30,2020-01-20,,140527,847764,2
1397922,2019-12-30,2020-01-20,,140558,453450,2
1397923,2019-12-30,2020-01-20,,140688,708071,2
1397924,2019-12-30,2020-01-20,,140696,93067,2
1397925,2019-12-30,2020-01-20,,140848,124168,2
1397926,2019-12-30,2020-01-20,,141068,442628,2
1397927,2019-12-30,2020-01-20,,141183,895782,2
1397928,2019-12-30,2020-01-20,,141263,192461,2
1397929,2019-12-30,2020-01-20,,141293,811672,2
1397930,2019-12-30,2020-01-20,,141353,222205,2
1397931,2019-12-30,2020-01-20,,141443,811706,2
1397932,2019-12-30,2020-01-20,,141901,410624,2
1397933,2019-12-30,2020-01-20,,141915,113459,2
1397934,2019-12-30,2020-01-20,,141920,81989,2
1397935,2019-12-30,2020-01-20,,141930,654957,2
1397936,2019-12-30,2020-01-20,,141964,476359,2
1397937,2019-12-30,2020-01-20,,142017,954311,2
1397938,2019-12-30,2020-01-20,,142068,331503,2
1397939,2019-12-30,2020-01-20,,142194,91190,2
1397940,2019-12-30,2020-01-20,,142287,750844,2
1397941,2019-12-30,2020-01-20,,142357,438966,2
1397942,2019-12-30,2020-01-20,,142379,606153,2
1397943,2019-12-30,2020-01-20,,142574,521802,2
1397944,2019-12-30,2020-01-20,,142766,362297,2
1397945,2019-12-30,2020-01-20,,142766,395275,2
1397946,2019-12-30,2020-01-20,,142766,454028,2
1397947,2019-12-30,2020-01-20,,142766,679373,2
1397948,2019-12-30,2020-01-20,,142766,840580,2
1397949,2019-12-30,2020-01-20,,142766,942814,2
1397950,2019-12-30,2020-01-20,,142847,604332,2
1397951,2019-12-30,2020-01-20,,142863,539967,2
1397952,2019-12-30,2020-01-20,,142891,669331,2
1397953,2019-12-30,2020-01-20,,143121,837501,2
1397954,2019-12-30,2020-01-20,,143127,586055,2
1397955,2019-12-30,2020-01-20,,143185,903674,2
1397956,2019-12-30,2020-01-20,,143276,916887,2
1397957,2019-12-30,2020-01-20,,143297,161864,2
1397958,2019-12-30,2020-01-20,,143446,405062,2
1397959,2019-12-30,2020-01-20,,143586,49244,2
1397960,2019-12-30,2020-01-20,,143586,579979,2
1397961,2019-12-30,2020-01-20,,143586,949126,2
1397962,2019-12-30,2020-01-20,,143740,466006,2
1397963,2019-12-30,2020-01-20,,143740,698933,2
1397964,2019-12-30,2020-01-20,,144275,623873,2
1397965,2019-12-30,2020-01-20,,144336,322891,2
1397966,2019-12-30,2020-01-20,,144340,776333,2
1397967,2019-12-30,2020-01-20,,144447,273423,2
1397968,2019-12-30,2020-01-20,,144675,519499,2
1397969,2019-12-30,2020-01-20,,144775,221669,2
1397970,2019-12-30,2020-01-20,,144955,355639,2
1397971,2019-12-30,2020-01-20,,145262,344987,2
1397972,2019-12-30,2020-01-20,,145274,303717,2
1397973,2019-12-30,2020-01-20,,145316,633507,2
1397974,2019-12-30,2020-01-20,,145378,718436,2
1397975,2019-12-30,2020-01-20,,145564,449295,2
1397976,2019-12-30,2020-01-20,,145925,14924,2
1397977,2019-12-30,2020-01-20,,146329,524530,2
1397978,2019-12-30,2020-01-20,,146388,258525,2
1397979,2019-12-30,2020-01-20,,146439,683277,2
1397980,2019-12-30,2020-01-20,,146463,790314,2
1397981,2019-12-30,2020-01-20,,146500,463029,2
1397982,2019-12-30,2020-01-20,,146594,608795,2
1397983,2019-12-30,2020-01-20,,146739,252678,2
1397984,2019-12-30,2020-01-20,,146920,48615,2
1397985,2019-12-30,2020-01-20,,147236,231628,2
1397986,2019-12-30,2020-01-20,,147325,593966,2
1397987,2019-12-30,2020-01-20,,147426,665393,2
1397988,2019-12-30,2020-01-20,,147498,395336,2
1397989,2019-12-30,2020-01-20,,147498,450816,2
1397990,2019-12-30,2020-01-20,,147498,676125,2
1397991,2019-12-30,2020-01-20,,147498,866646,2
1397992,2019-12-30,2020-01-20,,147524,642044,2
1397993,2019-12-30,2020-01-20,,147570,310590,2
1397994,2019-12-30,2020-01-20,,147647,249414,2
1397995,2019-12-30,2020-01-20,,147648,881856,2
1397996,2019-12-30,2020-01-20,,147834,197050,2
1397997,2019-12-30,2020-01-20,,147998,498250,2
1397998,2019-12-30,2020-01-20,,148091,31464,2
1397999,2019-12-30,2020-01-20,,148387,336457,2
1398000,2019-12-30,2020-01-20,,148406,115368,2
1398001,2019-12-30,2020-01-20,,148722,768579,2
1398002,2019-12-30,2020-01-20,,148742,353866,2
1398003,2019-12-30,2020-01-20,,148927,706716,2
1398004,2019-12-30,2020-01-20,,148989,486986,2
1398005,2019-12-30,2020-01-20,,149022,842721,2
1398006,2019-12-30,2020-01-20,,149124,558933,2
1398007,2019-12-30,2020-01-20,,149211,760744,2
1398008,2019-12-30,2020-01-20,,149418,447525,2
1398009,2019-12-30,2020-01-20,,149420,559026,2
1398010,2019-12-30,2020-01-20,,149420,872066,2
1398011,2019-12-30,2020-01-20,,149438,643620,2
1398012,2019-12-30,2020-01-20,,149449,579880,2
1398013,2019-12-30,2020-01-20,,149509,685765,2
1398014,2019-12-30,2020-01-20,,149509,875614,2
1398015,2019-12-30,2020-01-20,,149563,792895,2
1398016,2019-12-30,2020-01-20,,149602,700592,2
1398017,2019-12-30,2020-01-20,,149602,762663,2
1398018,2019-12-30,2020-01-20,,149676,248735,2
1398019,2019-12-30,2020-01-20,,149773,57937,2
1398020,2019-12-30,2020-01-20,,149787,360630,2
1398021,2019-12-30,2020-01-20,,149795,698986,2
1398022,2019-12-30,2020-01-20,,149896,443385,2
1398023,2019-12-30,2020-01-20,,149945,340626,2
1398024,2019-12-30,2020-01-20,,150012,89404,2
1398025,2019-12-30,2020-01-20,,150028,170757,2
1398026,2019-12-30,2020-01-20,,150558,824983,2
1398027,2019-12-30,2020-01-20,,150638,548264,2
1398028,2019-12-30,2020-01-20,,150715,907979,2
1398029,2019-12-30,2020-01-20,,150745,214118,2
1398030,2019-12-30,2020-01-20,,150813,643418,2
1398031,2019-12-30,2020-01-20,,150849,75569,2
1398032,2019-12-30,2020-01-20,,150921,655566,2
1398033,2019-12-30,2020-01-20,,150923,554679,2
1398034,2019-12-30,2020-01-20,,150998,377119,2
1398035,2019-12-30,2020-01-20,,151076,815319,2
1398036,2019-12-30,2020-01-20,,151091,372903,2
1398037,2019-12-30,2020-01-20,,151170,843004,2
1398038,2019-12-30,2020-01-20,,151261,687768,2
1398039,2019-12-30,2020-01-20,,151324,555970,2
1398040,2019-12-30,2020-01-20,,151358,487666,2
1398041,2019-12-30,2020-01-20,,151450,934050,2
1398042,2019-12-30,2020-01-20,,151498,931193,2
1398043,2019-12-30,2020-01-20,,151554,664678,2
1398044,2019-12-30,2020-01-20,,151811,519601,2
1398045,2019-12-30,2020-01-20,,151843,837185,2
1398046,2019-12-30,2020-01-20,,151969,918963,2
1398047,2019-12-30,2020-01-20,,151999,190738,2
1398048,2019-12-30,2020-01-20,,152158,242751,2
1398049,2019-12-30,2020-01-20,,152158,684655,2
1398050,2019-12-30,2020-01-20,,152222,325494,2
1398051,2019-12-30,2020-01-20,,152270,954379,2
1398052,2019-12-30,2020-01-20,,152333,749422,2
1398053,2019-12-30,2020-01-20,,152506,163451,2
1398054,2019-12-30,2020-01-20,,152539,184706,2
1398055,2019-12-30,2020-01-20,,152575,462360,2
1398056,2019-12-30,2020-01-20,,152692,712847,2
1398057,2019-12-30,2020-01-20,,152711,195039,2
1398058,2019-12-30,2020-01-20,,152730,521227,2
1398059,2019-12-30,2020-01-20,,152980,828086,2
1398060,2019-12-30,2020-01-20,,153086,699049,2
1398061,2019-12-30,2020-01-20,,153149,547363,2
1398062,2019-12-30,2020-01-20,,153149,627942,2
1398063,2019-12-30,2020-01-20,,153154,644885,2
1398064,2019-12-30,2020-01-20,,153258,486828,2
1398065,2019-12-30,2020-01-20,,153258,598443,2
1398066,2019-12-30,2020-01-20,,153272,42051,2
1398067,2019-12-30,2020-01-20,,153275,77253,2
1398068,2019-12-30,2020-01-20,,153348,366452,2
1398069,2019-12-30,2020-01-20,,153617,404471,2
1398070,2019-12-30,2020-01-20,,153673,652533,2
1398071,2019-12-30,2020-01-20,,153828,524290,2
1398072,2019-12-30,2020-01-20,,153864,735861,2
1398073,2019-12-30,2020-01-20,,154395,539305,2
1398074,2019-12-30,2020-01-20,,154413,148905,2
1398075,2019-12-30,2020-01-20,,154423,253448,2
1398076,2019-12-30,2020-01-20,,154459,918038,2
1398077,2019-12-30,2020-01-20,,154526,650591,2
1398078,2019-12-30,2020-01-20,,154550,198059,2
1398079,2019-12-30,2020-01-20,,154657,33635,2
1398080,2019-12-30,2020-01-20,,154700,119548,2
1398081,2019-12-30,2020-01-20,,154836,185894,2
1398082,2019-12-30,2020-01-20,,154876,346360,2
1398083,2019-12-30,2020-01-20,,154885,67966,2
1398084,2019-12-30,2020-01-20,,154904,597242,2
1398085,2019-12-30,2020-01-20,,154904,648850,2
1398086,2019-12-30,2020-01-20,,154904,761855,2
1398087,2019-12-30,2020-01-20,,154913,764253,2
1398088,2019-12-30,2020-01-20,,154996,927255,2
1398089,2019-12-30,2020-01-20,,155096,384928,2
1398090,2019-12-30,2020-01-20,,155150,171659,2
1398091,2019-12-30,2020-01-20,,155171,504972,2
1398092,2019-12-30,2020-01-20,,155195,877439,2
1398093,2019-12-30,2020-01-20,,155398,228245,2
1398094,2019-12-30,2020-01-20,,155546,877124,2
1398095,2019-12-30,2020-01-20,,155553,261618,2
1398096,2019-12-30,2020-01-20,,155939,511642,2
1398097,2019-12-30,2020-01-20,,155944,687357,2
1398098,2019-12-30,2020-01-20,,155971,869539,2
1398099,2019-12-30,2020-01-20,,156041,33330,2
1398100,2019-12-30,2020-01-20,,156133,29223,2
1398101,2019-12-30,2020-01-20,,156174,655954,2
1398102,2019-12-30,2020-01-20,,156308,188021,2
1398103,2019-12-30,2020-01-20,,156337,535822,2
1398104,2019-12-30,2020-01-20,,156397,457535,2
1398105,2019-12-30,2020-01-20,,156453,944793,2
1398106,2019-12-30,2020-01-20,,156544,43892,2
1398107,2019-12-30,2020-01-20,,156586,415956,2
1398108,2019-12-30,2020-01-20,,156607,737335,2
1398109,2019-12-30,2020-01-20,,156677,800631,2
1398110,2019-12-30,2020-01-20,,156698,54728,2
1398111,2019-12-30,2020-01-20,,157054,494944,2
1398112,2019-12-30,2020-01-20,,157122,622698,2
1398113,2019-12-30,2020-01-20,,157145,756199,2
1398114,2019-12-30,2020-01-20,,157237,267139,2
1398115,2019-12-30,2020-01-20,,157237,879235,2
1398116,2019-12-30,2020-01-20,,157379,900319,2
1398117,2019-12-30,2020-01-20,,157496,847797,2
1398118,2019-12-30,2020-01-20,,157533,128742,2
1398119,2019-12-30,2020-01-20,,158007,167086,2
1398120,2019-12-30,2020-01-20,,158120,826699,2
1398121,2019-12-30,2020-01-20,,158213,310087,2
1398122,2019-12-30,2020-01-20,,158213,554510,2
1398123,2019-12-30,2020-01-20,,158213,860006,2
1398124,2019-12-30,2020-01-20,,158244,942208,2
1398125,2019-12-30,2020-01-20,,158363,851744,2
1398126,2019-12-30,2020-01-20,,158460,953784,2
1398127,2019-12-30,2020-01-20,,158595,657939,2
1398128,2019-12-30,2020-01-20,,158636,366529,2
1398129,2019-12-30,2020-01-20,,158879,95896,2
1398130,2019-12-30,2020-01-20,,158995,449788,2
1398131,2019-12-30,2020-01-20,,159062,83051,2
1398132,2019-12-30,2020-01-20,,159062,314851,2
1398133,2019-12-30,2020-01-20,,159067,93659,2
1398134,2019-12-30,2020-01-20,,159067,437482,2
1398135,2019-12-30,2020-01-20,,159156,485859,2
1398136,2019-12-30,2020-01-20,,159280,52117,2
1398137,2019-12-30,2020-01-20,,159355,859514,2
1398138,2019-12-30,2020-01-20,,159426,821598,2
1398139,2019-12-30,2020-01-20,,159446,101325,2
1398140,2019-12-31,2020-01-21,,12,755875,2
1398141,2019-12-31,2020-01-21,,27,66224,2
1398142,2019-12-31,2020-01-21,,27,383905,2
1398143,2019-12-31,2020-01-21,,111,676535,2
1398144,2019-12-31,2020-01-21,,183,581633,2
1398145,2019-12-31,2020-01-21,,205,883836,2
1398146,2019-12-31,2020-01-21,,243,302636,2
1398147,2019-12-31,2020-01-21,,267,458112,2
1398148,2019-12-31,2020-01-21,,300,886180,2
1398149,2019-12-31,2020-01-21,,319,944289,2
1398150,2019-12-31,2020-01-21,,420,595581,2
1398151,2019-12-31,2020-01-21,,523,493542,2
1398152,2019-12-31,2020-01-21,,523,818168,2
1398153,2019-12-31,2020-01-21,,631,648878,2
1398154,2019-12-31,2020-01-21,,682,184904,2
1398155,2019-12-31,2020-01-21,,733,693197,2
1398156,2019-12-31,2020-01-21,,970,281803,2
1398157,2019-12-31,2020-01-21,,995,472593,2
1398158,2019-12-31,2020-01-21,,1179,481616,2
1398159,2019-12-31,2020-01-21,,1447,198700,2
1398160,2019-12-31,2020-01-21,,1447,719374,2
1398161,2019-12-31,2020-01-21,,1487,591189,2
1398162,2019-12-31,2020-01-21,,1543,462146,2
1398163,2019-12-31,2020-01-21,,1731,48295,2
1398164,2019-12-31,2020-01-21,,1739,496643,2
1398165,2019-12-31,2020-01-21,,1770,803303,2
1398166,2019-12-31,2020-01-21,,2204,232115,2
1398167,2019-12-31,2020-01-21,,2290,401631,2
1398168,2019-12-31,2020-01-21,,2311,422879,2
1398169,2019-12-31,2020-01-21,,2370,897422,2
1398170,2019-12-31,2020-01-21,,2424,461308,2
1398171,2019-12-31,2020-01-21,,2424,722999,2
1398172,2019-12-31,2020-01-21,,2526,847703,2
1398173,2019-12-31,2020-01-21,,2575,625343,2
1398174,2019-12-31,2020-01-21,,2597,55484,2
1398175,2019-12-31,2020-01-21,,2597,98112,2
1398176,2019-12-31,2020-01-21,,2597,750474,2
1398177,2019-12-31,2020-01-21,,2681,749832,2
1398178,2019-12-31,2020-01-21,,2738,386026,2
1398179,2019-12-31,2020-01-21,,2753,603987,2
1398180,2019-12-31,2020-01-21,,2774,342761,2
1398181,2019-12-31,2020-01-21,,2812,55010,2
1398182,2019-12-31,2020-01-21,,2831,300604,2
1398183,2019-12-31,2020-01-21,,2869,90808,2
1398184,2019-12-31,2020-01-21,,2934,305511,2
1398185,2019-12-31,2020-01-21,,2951,607787,2
1398186,2019-12-31,2020-01-21,,3148,592657,2
1398187,2019-12-31,2020-01-21,,3231,356487,2
1398188,2019-12-31,2020-01-21,,3400,883438,2
1398189,2019-12-31,2020-01-21,,4251,371603,2
1398190,2019-12-31,2020-01-21,,4251,640719,2
1398191,2019-12-31,2020-01-21,,4383,35124,2
1398192,2019-12-31,2020-01-21,,4391,501509,2
1398193,2019-12-31,2020-01-21,,4529,734713,2
1398194,2019-12-31,2020-01-21,,4564,942479,2
1398195,2019-12-31,2020-01-21,,4860,428042,2
1398196,2019-12-31,2020-01-21,,4918,543233,2
1398197,2019-12-31,2020-01-21,,4951,564135,2
1398198,2019-12-31,2020-01-21,,5030,899063,2
1398199,2019-12-31,2020-01-21,,5034,839367,2
1398200,2019-12-31,2020-01-21,,5048,383178,2
1398201,2019-12-31,2020-01-21,,5056,650269,2
1398202,2019-12-31,2020-01-21,,5151,407278,2
1398203,2019-12-31,2020-01-21,,5244,465935,2
1398204,2019-12-31,2020-01-21,,5244,683123,2
1398205,2019-12-31,2020-01-21,,5397,882872,2
1398206,2019-12-31,2020-01-21,,5486,784931,2
1398207,2019-12-31,2020-01-21,,5730,93364,2
1398208,2019-12-31,2020-01-21,,5817,205133,2
1398209,2019-12-31,2020-01-21,,5978,325808,2
1398210,2019-12-31,2020-01-21,,6006,124013,2
1398211,2019-12-31,2020-01-21,,6006,290091,2
1398212,2019-12-31,2020-01-21,,6032,637361,2
1398213,2019-12-31,2020-01-21,,6102,4754,2
1398214,2019-12-31,2020-01-21,,6243,329934,2
1398215,2019-12-31,2020-01-21,,6255,400491,2
1398216,2019-12-31,2020-01-21,,6255,803587,2
1398217,2019-12-31,2020-01-21,,6263,718467,2
1398218,2019-12-31,2020-01-21,,6327,891559,2
1398219,2019-12-31,2020-01-21,,6344,141633,2
1398220,2019-12-31,2020-01-21,,6395,890865,2
1398221,2019-12-31,2020-01-21,,6399,774196,2
1398222,2019-12-31,2020-01-21,,6415,446135,2
1398223,2019-12-31,2020-01-21,,6442,808156,2
1398224,2019-12-31,2020-01-21,,6452,229350,2
1398225,2019-12-31,2020-01-21,,6517,706254,2
1398226,2019-12-31,2020-01-21,,6517,814224,2
1398227,2019-12-31,2020-01-21,,6551,664144,2
1398228,2019-12-31,2020-01-21,,6698,893304,2
1398229,2019-12-31,2020-01-21,,6708,476200,2
1398230,2019-12-31,2020-01-21,,6708,765908,2
1398231,2019-12-31,2020-01-21,,6848,766571,2
1398232,2019-12-31,2020-01-21,,6904,404934,2
1398233,2019-12-31,2020-01-21,,6993,210156,2
1398234,2019-12-31,2020-01-21,,7099,901993,2
1398235,2019-12-31,2020-01-21,,7273,516641,2
1398236,2019-12-31,2020-01-21,,7444,35992,2
1398237,2019-12-31,2020-01-21,,7671,149939,2
1398238,2019-12-31,2020-01-21,,7745,651137,2
1398239,2019-12-31,2020-01-21,,7844,768536,2
1398240,2019-12-31,2020-01-21,,8146,903457,2
1398241,2019-12-31,2020-01-21,,8147,749939,2
1398242,2019-12-31,2020-01-21,,8164,33043,2
1398243,2019-12-31,2020-01-21,,8310,272247,2
1398244,2019-12-31,2020-01-21,,8522,196676,2
1398245,2019-12-31,2020-01-21,,8536,487641,2
1398246,2019-12-31,2020-01-21,,8557,742365,2
1398247,2019-12-31,2020-01-21,,8675,175552,2
1398248,2019-12-31,2020-01-21,,8758,331306,2
1398249,2019-12-31,2020-01-21,,8839,67951,2
1398250,2019-12-31,2020-01-21,,8861,120075,2
1398251,2019-12-31,2020-01-21,,9057,723092,2
1398252,2019-12-31,2020-01-21,,9138,384159,2
1398253,2019-12-31,2020-01-21,,9240,660286,2
1398254,2019-12-31,2020-01-21,,9281,603668,2
1398255,2019-12-31,2020-01-21,,9562,478973,2
1398256,2019-12-31,2020-01-21,,9621,186149,2
1398257,2019-12-31,2020-01-21,,9639,42103,2
1398258,2019-12-31,2020-01-21,,9814,571058,2
1398259,2019-12-31,2020-01-21,,9907,825105,2
1398260,2019-12-31,2020-01-21,,10202,865201,2
1398261,2019-12-31,2020-01-21,,10377,362166,2
1398262,2019-12-31,2020-01-21,,10419,686742,2
1398263,2019-12-31,2020-01-21,,10524,24730,2
1398264,2019-12-31,2020-01-21,,10645,157551,2
1398265,2019-12-31,2020-01-21,,10659,348260,2
1398266,2019-12-31,2020-01-21,,10687,558075,2
1398267,2019-12-31,2020-01-21,,10707,943496,2
1398268,2019-12-31,2020-01-21,,10806,148551,2
1398269,2019-12-31,2020-01-21,,11178,859636,2
1398270,2019-12-31,2020-01-21,,11191,67455,2
1398271,2019-12-31,2020-01-21,,11200,143850,2
1398272,2019-12-31,2020-01-21,,11310,35374,2
1398273,2019-12-31,2020-01-21,,11436,503177,2
1398274,2019-12-31,2020-01-21,,11749,671298,2
1398275,2019-12-31,2020-01-21,,11761,413886,2
1398276,2019-12-31,2020-01-21,,11835,165112,2
1398277,2019-12-31,2020-01-21,,11854,76933,2
1398278,2019-12-31,2020-01-21,,11854,201579,2
1398279,2019-12-31,2020-01-21,,11854,795994,2
1398280,2019-12-31,2020-01-21,,11928,871625,2
1398281,2019-12-31,2020-01-21,,11966,744675,2
1398282,2019-12-31,2020-01-21,,12263,697499,2
1398283,2019-12-31,2020-01-21,,12439,791197,2
1398284,2019-12-31,2020-01-21,,12618,378509,2
1398285,2019-12-31,2020-01-21,,12683,621572,2
1398286,2019-12-31,2020-01-21,,12884,22710,2
1398287,2019-12-31,2020-01-21,,12931,836223,2
1398288,2019-12-31,2020-01-21,,13043,728306,2
1398289,2019-12-31,2020-01-21,,13086,94729,2
1398290,2019-12-31,2020-01-21,,13162,707876,2
1398291,2019-12-31,2020-01-21,,13239,760388,2
1398292,2019-12-31,2020-01-21,,13254,72777,2
1398293,2019-12-31,2020-01-21,,13353,937561,2
1398294,2019-12-31,2020-01-21,,13438,382976,2
1398295,2019-12-31,2020-01-21,,13547,514863,2
1398296,2019-12-31,2020-01-21,,13572,232449,2
1398297,2019-12-31,2020-01-21,,13572,831558,2
1398298,2019-12-31,2020-01-21,,13681,277451,2
1398299,2019-12-31,2020-01-21,,13770,834326,2
1398300,2019-12-31,2020-01-21,,13775,281995,2
1398301,2019-12-31,2020-01-21,,13818,243880,2
1398302,2019-12-31,2020-01-21,,13839,561542,2
1398303,2019-12-31,2020-01-21,,13839,695910,2
1398304,2019-12-31,2020-01-21,,13839,926855,2
1398305,2019-12-31,2020-01-21,,13950,559809,2
1398306,2019-12-31,2020-01-21,,14005,76639,2
1398307,2019-12-31,2020-01-21,,14019,491483,2
1398308,2019-12-31,2020-01-21,,14040,307362,2
1398309,2019-12-31,2020-01-21,,14110,163963,2
1398310,2019-12-31,2020-01-21,,14225,433966,2
1398311,2019-12-31,2020-01-21,,14369,303680,2
1398312,2019-12-31,2020-01-21,,14369,799963,2
1398313,2019-12-31,2020-01-21,,14399,498322,2
1398314,2019-12-31,2020-01-21,,14441,257046,2
1398315,2019-12-31,2020-01-21,,14506,503864,2
1398316,2019-12-31,2020-01-21,,14679,799519,2
1398317,2019-12-31,2020-01-21,,14790,170099,2
1398318,2019-12-31,2020-01-21,,14828,906123,2
1398319,2019-12-31,2020-01-21,,14867,201721,2
1398320,2019-12-31,2020-01-21,,14871,440707,2
1398321,2019-12-31,2020-01-21,,14986,239225,2
1398322,2019-12-31,2020-01-21,,15035,350717,2
1398323,2019-12-31,2020-01-21,,15093,68480,2
1398324,2019-12-31,2020-01-21,,15387,710674,2
1398325,2019-12-31,2020-01-21,,15470,801972,2
1398326,2019-12-31,2020-01-21,,15609,387815,2
1398327,2019-12-31,2020-01-21,,15665,160089,2
1398328,2019-12-31,2020-01-21,,15728,173598,2
1398329,2019-12-31,2020-01-21,,15781,824258,2
1398330,2019-12-31,2020-01-21,,15786,40835,2
1398331,2019-12-31,2020-01-21,,15835,105253,2
1398332,2019-12-31,2020-01-21,,15853,224723,2
1398333,2019-12-31,2020-01-21,,16302,416088,2
1398334,2019-12-31,2020-01-21,,16333,954972,2
1398335,2019-12-31,2020-01-21,,16460,301389,2
1398336,2019-12-31,2020-01-21,,16522,457543,2
1398337,2019-12-31,2020-01-21,,16752,838297,2
1398338,2019-12-31,2020-01-21,,16837,774892,2
1398339,2019-12-31,2020-01-21,,16967,104456,2
1398340,2019-12-31,2020-01-21,,17098,182946,2
1398341,2019-12-31,2020-01-21,,17113,173065,2
1398342,2019-12-31,2020-01-21,,17119,138343,2
1398343,2019-12-31,2020-01-21,,17137,953158,2
1398344,2019-12-31,2020-01-21,,17177,711287,2
1398345,2019-12-31,2020-01-21,,17186,776613,2
1398346,2019-12-31,2020-01-21,,17226,804690,2
1398347,2019-12-31,2020-01-21,,17277,228572,2
1398348,2019-12-31,2020-01-21,,17329,236264,2
1398349,2019-12-31,2020-01-21,,17337,452445,2
1398350,2019-12-31,2020-01-21,,17450,247480,2
1398351,2019-12-31,2020-01-21,,17594,123850,2
1398352,2019-12-31,2020-01-21,,17698,629392,2
1398353,2019-12-31,2020-01-21,,17698,662453,2
1398354,2019-12-31,2020-01-21,,17905,160062,2
1398355,2019-12-31,2020-01-21,,18124,806857,2
1398356,2019-12-31,2020-01-21,,18147,220841,2
1398357,2019-12-31,2020-01-21,,18193,287711,2
1398358,2019-12-31,2020-01-21,,18196,176868,2
1398359,2019-12-31,2020-01-21,,18255,701514,2
1398360,2019-12-31,2020-01-21,,18276,229664,2
1398361,2019-12-31,2020-01-21,,18365,900883,2
1398362,2019-12-31,2020-01-21,,18494,107955,2
1398363,2019-12-31,2020-01-21,,18713,254874,2
1398364,2019-12-31,2020-01-21,,18817,416069,2
1398365,2019-12-31,2020-01-21,,18983,59479,2
1398366,2019-12-31,2020-01-21,,19107,92071,2
1398367,2019-12-31,2020-01-21,,19145,150324,2
1398368,2019-12-31,2020-01-21,,19186,760971,2
1398369,2019-12-31,2020-01-21,,19215,458727,2
1398370,2019-12-31,2020-01-21,,19477,474671,2
1398371,2019-12-31,2020-01-21,,19518,593422,2
1398372,2019-12-31,2020-01-21,,19528,846441,2
1398373,2019-12-31,2020-01-21,,19537,633347,2
1398374,2019-12-31,2020-01-21,,19609,427886,2
1398375,2019-12-31,2020-01-21,,19746,485847,2
1398376,2019-12-31,2020-01-21,,19805,85997,2
1398377,2019-12-31,2020-01-21,,19998,271800,2
1398378,2019-12-31,2020-01-21,,19999,886569,2
1398379,2019-12-31,2020-01-21,,20033,96819,2
1398380,2019-12-31,2020-01-21,,20157,34115,2
1398381,2019-12-31,2020-01-21,,20207,722090,2
1398382,2019-12-31,2020-01-21,,20219,143642,2
1398383,2019-12-31,2020-01-21,,20328,185621,2
1398384,2019-12-31,2020-01-21,,20337,859545,2
1398385,2019-12-31,2020-01-21,,20446,670242,2
1398386,2019-12-31,2020-01-21,,20655,699535,2
1398387,2019-12-31,2020-01-21,,20765,590094,2
1398388,2019-12-31,2020-01-21,,20897,98514,2
1398389,2019-12-31,2020-01-21,,20960,645653,2
1398390,2019-12-31,2020-01-21,,20964,114011,2
1398391,2019-12-31,2020-01-21,,20980,396937,2
1398392,2019-12-31,2020-01-21,,21156,269458,2
1398393,2019-12-31,2020-01-21,,21182,437358,2
1398394,2019-12-31,2020-01-21,,21364,366897,2
1398395,2019-12-31,2020-01-21,,21382,792132,2
1398396,2019-12-31,2020-01-21,,21413,621420,2
1398397,2019-12-31,2020-01-21,,21503,135418,2
1398398,2019-12-31,2020-01-21,,21765,249529,2
1398399,2019-12-31,2020-01-21,,21765,778455,2
1398400,2019-12-31,2020-01-21,,21890,718076,2
1398401,2019-12-31,2020-01-21,,21999,778746,2
1398402,2019-12-31,2020-01-21,,22176,325092,2
1398403,2019-12-31,2020-01-21,,22279,932581,2
1398404,2019-12-31,2020-01-21,,22287,465692,2
1398405,2019-12-31,2020-01-21,,22520,865519,2
1398406,2019-12-31,2020-01-21,,22629,311914,2
1398407,2019-12-31,2020-01-21,,22798,776252,2
1398408,2019-12-31,2020-01-21,,22986,873979,2
1398409,2019-12-31,2020-01-21,,23082,696500,2
1398410,2019-12-31,2020-01-21,,23120,635527,2
1398411,2019-12-31,2020-01-21,,23152,760123,2
1398412,2019-12-31,2020-01-21,,23310,844738,2
1398413,2019-12-31,2020-01-21,,23473,250121,2
1398414,2019-12-31,2020-01-21,,23507,141761,2
1398415,2019-12-31,2020-01-21,,23547,624122,2
1398416,2019-12-31,2020-01-21,,23695,332313,2
1398417,2019-12-31,2020-01-21,,23915,603402,2
1398418,2019-12-31,2020-01-21,,23915,919173,2
1398419,2019-12-31,2020-01-21,,23995,175817,2
1398420,2019-12-31,2020-01-21,,23996,188236,2
1398421,2019-12-31,2020-01-21,,23996,880895,2
1398422,2019-12-31,2020-01-21,,23996,908104,2
1398423,2019-12-31,2020-01-21,,24048,639712,2
1398424,2019-12-31,2020-01-21,,24077,274000,2
1398425,2019-12-31,2020-01-21,,24299,422366,2
1398426,2019-12-31,2020-01-21,,24678,706528,2
1398427,2019-12-31,2020-01-21,,24747,437952,2
1398428,2019-12-31,2020-01-21,,24747,448166,2
1398429,2019-12-31,2020-01-21,,24921,59468,2
1398430,2019-12-31,2020-01-21,,24949,123833,2
1398431,2019-12-31,2020-01-21,,25119,863881,2
1398432,2019-12-31,2020-01-21,,25136,737757,2
1398433,2019-12-31,2020-01-21,,25179,575484,2
1398434,2019-12-31,2020-01-21,,25190,853739,2
1398435,2019-12-31,2020-01-21,,25438,813984,2
1398436,2019-12-31,2020-01-21,,25610,604950,2
1398437,2019-12-31,2020-01-21,,25714,793976,2
1398438,2019-12-31,2020-01-21,,25948,162701,2
1398439,2019-12-31,2020-01-21,,26004,620259,2
1398440,2019-12-31,2020-01-21,,26078,307523,2
1398441,2019-12-31,2020-01-21,,26208,249506,2
1398442,2019-12-31,2020-01-21,,26274,287654,2
1398443,2019-12-31,2020-01-21,,26505,946368,2
1398444,2019-12-31,2020-01-21,,26522,861185,2
1398445,2019-12-31,2020-01-21,,26816,530463,2
1398446,2019-12-31,2020-01-21,,26922,630382,2
1398447,2019-12-31,2020-01-21,,27134,125919,2
1398448,2019-12-31,2020-01-21,,27658,91656,2
1398449,2019-12-31,2020-01-21,,27726,281137,2
1398450,2019-12-31,2020-01-21,,27868,271689,2
1398451,2019-12-31,2020-01-21,,28029,666765,2
1398452,2019-12-31,2020-01-21,,28144,447645,2
1398453,2019-12-31,2020-01-21,,28144,696313,2
1398454,2019-12-31,2020-01-21,,28377,291002,2
1398455,2019-12-31,2020-01-21,,28874,59730,2
1398456,2019-12-31,2020-01-21,,28971,327226,2
1398457,2019-12-31,2020-01-21,,28971,899699,2
1398458,2019-12-31,2020-01-21,,28994,748879,2
1398459,2019-12-31,2020-01-21,,29222,361882,2
1398460,2019-12-31,2020-01-21,,29293,6050,2
1398461,2019-12-31,2020-01-21,,29293,71821,2
1398462,2019-12-31,2020-01-21,,29293,94007,2
1398463,2019-12-31,2020-01-21,,29293,100741,2
1398464,2019-12-31,2020-01-21,,29293,130139,2
1398465,2019-12-31,2020-01-21,,29293,137537,2
1398466,2019-12-31,2020-01-21,,29293,150355,2
1398467,2019-12-31,2020-01-21,,29293,152038,2
1398468,2019-12-31,2020-01-21,,29293,164560,2
1398469,2019-12-31,2020-01-21,,29293,200068,2
1398470,2019-12-31,2020-01-21,,29293,212039,2
1398471,2019-12-31,2020-01-21,,29293,234189,2
1398472,2019-12-31,2020-01-21,,29293,255291,2
1398473,2019-12-31,2020-01-21,,29293,300609,2
1398474,2019-12-31,2020-01-21,,29293,371276,2
1398475,2019-12-31,2020-01-21,,29293,408648,2
1398476,2019-12-31,2020-01-21,,29293,422987,2
1398477,2019-12-31,2020-01-21,,29293,424104,2
1398478,2019-12-31,2020-01-21,,29293,447342,2
1398479,2019-12-31,2020-01-21,,29293,468668,2
1398480,2019-12-31,2020-01-21,,29293,529397,2
1398481,2019-12-31,2020-01-21,,29293,552611,2
1398482,2019-12-31,2020-01-21,,29293,570817,2
1398483,2019-12-31,2020-01-21,,29293,589775,2
1398484,2019-12-31,2020-01-21,,29293,624132,2
1398485,2019-12-31,2020-01-21,,29293,634997,2
1398486,2019-12-31,2020-01-21,,29293,656460,2
1398487,2019-12-31,2020-01-21,,29293,665867,2
1398488,2019-12-31,2020-01-21,,29293,667222,2
1398489,2019-12-31,2020-01-21,,29293,679159,2
1398490,2019-12-31,2020-01-21,,29293,761527,2
1398491,2019-12-31,2020-01-21,,29293,779793,2
1398492,2019-12-31,2020-01-21,,29293,823211,2
1398493,2019-12-31,2020-01-21,,29293,830727,2
1398494,2019-12-31,2020-01-21,,29293,880064,2
1398495,2019-12-31,2020-01-21,,29293,930169,2
1398496,2019-12-31,2020-01-21,,29293,937155,2
1398497,2019-12-31,2020-01-21,,29293,942109,2
1398498,2019-12-31,2020-01-21,,29293,942606,2
1398499,2019-12-31,2020-01-21,,29482,363512,2
1398500,2019-12-31,2020-01-21,,29516,591508,2
1398501,2019-12-31,2020-01-21,,29534,110627,2
1398502,2019-12-31,2020-01-21,,29547,668297,2
1398503,2019-12-31,2020-01-21,,29579,704105,2
1398504,2019-12-31,2020-01-21,,29744,7006,2
1398505,2019-12-31,2020-01-21,,29762,405689,2
1398506,2019-12-31,2020-01-21,,29890,596071,2
1398507,2019-12-31,2020-01-21,,29977,207871,2
1398508,2019-12-31,2020-01-21,,30057,470275,2
1398509,2019-12-31,2020-01-21,,30102,752996,2
1398510,2019-12-31,2020-01-21,,30224,895726,2
1398511,2019-12-31,2020-01-21,,30257,360109,2
1398512,2019-12-31,2020-01-21,,30487,343581,2
1398513,2019-12-31,2020-01-21,,30620,650171,2
1398514,2019-12-31,2020-01-21,,30702,875615,2
1398515,2019-12-31,2020-01-21,,30820,462154,2
1398516,2019-12-31,2020-01-21,,30833,850253,2
1398517,2019-12-31,2020-01-21,,30963,615689,2
1398518,2019-12-31,2020-01-21,,31015,589212,2
1398519,2019-12-31,2020-01-21,,31320,23153,2
1398520,2019-12-31,2020-01-21,,31351,908205,2
1398521,2019-12-31,2020-01-21,,31496,698670,2
1398522,2019-12-31,2020-01-21,,31644,224982,2
1398523,2019-12-31,2020-01-21,,32003,63618,2
1398524,2019-12-31,2020-01-21,,32183,18841,2
1398525,2019-12-31,2020-01-21,,32403,461911,2
1398526,2019-12-31,2020-01-21,,32412,278711,2
1398527,2019-12-31,2020-01-21,,32907,619671,2
1398528,2019-12-31,2020-01-21,,32990,324000,2
1398529,2019-12-31,2020-01-21,,33046,35537,2
1398530,2019-12-31,2020-01-21,,33161,311988,2
1398531,2019-12-31,2020-01-21,,33221,748299,2
1398532,2019-12-31,2020-01-21,,33394,704804,2
1398533,2019-12-31,2020-01-21,,33637,16992,2
1398534,2019-12-31,2020-01-21,,33705,37546,2
1398535,2019-12-31,2020-01-21,,33869,365285,2
1398536,2019-12-31,2020-01-21,,34321,412776,2
1398537,2019-12-31,2020-01-21,,34488,665481,2
1398538,2019-12-31,2020-01-21,,34550,269418,2
1398539,2019-12-31,2020-01-21,,34558,387189,2
1398540,2019-12-31,2020-01-21,,34561,823776,2
1398541,2019-12-31,2020-01-21,,34645,358522,2
1398542,2019-12-31,2020-01-21,,34848,154279,2
1398543,2019-12-31,2020-01-21,,34850,33733,2
1398544,2019-12-31,2020-01-21,,34933,121794,2
1398545,2019-12-31,2020-01-21,,34984,375717,2
1398546,2019-12-31,2020-01-21,,35084,660878,2
1398547,2019-12-31,2020-01-21,,35237,742816,2
1398548,2019-12-31,2020-01-21,,35328,604061,2
1398549,2019-12-31,2020-01-21,,35353,813444,2
1398550,2019-12-31,2020-01-21,,35396,899463,2
1398551,2019-12-31,2020-01-21,,35460,505400,2
1398552,2019-12-31,2020-01-21,,35502,670926,2
1398553,2019-12-31,2020-01-21,,35680,645868,2
1398554,2019-12-31,2020-01-21,,35710,149127,2
1398555,2019-12-31,2020-01-21,,35781,355102,2
1398556,2019-12-31,2020-01-21,,35825,542743,2
1398557,2019-12-31,2020-01-21,,35887,310131,2
1398558,2019-12-31,2020-01-21,,35967,638751,2
1398559,2019-12-31,2020-01-21,,36055,368875,2
1398560,2019-12-31,2020-01-21,,36167,699050,2
1398561,2019-12-31,2020-01-21,,36324,889865,2
1398562,2019-12-31,2020-01-21,,36359,694868,2
1398563,2019-12-31,2020-01-21,,36395,682564,2
1398564,2019-12-31,2020-01-21,,36406,472410,2
1398565,2019-12-31,2020-01-21,,36471,13945,2
1398566,2019-12-31,2020-01-21,,36571,944968,2
1398567,2019-12-31,2020-01-21,,36915,113586,2
1398568,2019-12-31,2020-01-21,,36928,399803,2
1398569,2019-12-31,2020-01-21,,36948,712573,2
1398570,2019-12-31,2020-01-21,,37261,170753,2
1398571,2019-12-31,2020-01-21,,37261,308046,2
1398572,2019-12-31,2020-01-21,,37415,7609,2
1398573,2019-12-31,2020-01-21,,37710,617153,2
1398574,2019-12-31,2020-01-21,,37776,844147,2
1398575,2019-12-31,2020-01-21,,37875,770167,2
1398576,2019-12-31,2020-01-21,,37931,514754,2
1398577,2019-12-31,2020-01-21,,37993,128510,2
1398578,2019-12-31,2020-01-21,,38050,600596,2
1398579,2019-12-31,2020-01-21,,38050,907029,2
1398580,2019-12-31,2020-01-21,,38433,39083,2
1398581,2019-12-31,2020-01-21,,38442,316290,2
1398582,2019-12-31,2020-01-21,,38670,489979,2
1398583,2019-12-31,2020-01-21,,38772,932770,2
1398584,2019-12-31,2020-01-21,,38817,115142,2
1398585,2019-12-31,2020-01-21,,38837,576792,2
1398586,2019-12-31,2020-01-21,,38942,841577,2
1398587,2019-12-31,2020-01-21,,38954,557342,2
1398588,2019-12-31,2020-01-21,,39247,562601,2
1398589,2019-12-31,2020-01-21,,39420,414253,2
1398590,2019-12-31,2020-01-21,,39498,131020,2
1398591,2019-12-31,2020-01-21,,39594,422801,2
1398592,2019-12-31,2020-01-21,,39683,804602,2
1398593,2019-12-31,2020-01-21,,39733,170923,2
1398594,2019-12-31,2020-01-21,,39898,145463,2
1398595,2019-12-31,2020-01-21,,39963,273431,2
1398596,2019-12-31,2020-01-21,,40128,551321,2
1398597,2019-12-31,2020-01-21,,40129,177004,2
1398598,2019-12-31,2020-01-21,,40175,728981,2
1398599,2019-12-31,2020-01-21,,40397,481474,2
1398600,2019-12-31,2020-01-21,,40755,18284,2
1398601,2019-12-31,2020-01-21,,40977,29698,2
1398602,2019-12-31,2020-01-21,,41081,214910,2
1398603,2019-12-31,2020-01-21,,41097,304857,2
1398604,2019-12-31,2020-01-21,,41165,141762,2
1398605,2019-12-31,2020-01-21,,41470,346196,2
1398606,2019-12-31,2020-01-21,,41872,229203,2
1398607,2019-12-31,2020-01-21,,41954,168761,2
1398608,2019-12-31,2020-01-21,,41970,617715,2
1398609,2019-12-31,2020-01-21,,42307,674493,2
1398610,2019-12-31,2020-01-21,,42395,512400,2
1398611,2019-12-31,2020-01-21,,42402,31941,2
1398612,2019-12-31,2020-01-21,,42421,1238,2
1398613,2019-12-31,2020-01-21,,42557,582904,2
1398614,2019-12-31,2020-01-21,,42618,317252,2
1398615,2019-12-31,2020-01-21,,42692,128285,2
1398616,2019-12-31,2020-01-21,,42970,812541,2
1398617,2019-12-31,2020-01-21,,43004,113069,2
1398618,2019-12-31,2020-01-21,,43011,669725,2
1398619,2019-12-31,2020-01-21,,43088,679989,2
1398620,2019-12-31,2020-01-21,,43140,59238,2
1398621,2019-12-31,2020-01-21,,43209,46413,2
1398622,2019-12-31,2020-01-21,,43209,664609,2
1398623,2019-12-31,2020-01-21,,43209,772939,2
1398624,2019-12-31,2020-01-21,,43231,585776,2
1398625,2019-12-31,2020-01-21,,43282,910842,2
1398626,2019-12-31,2020-01-21,,43332,486852,2
1398627,2019-12-31,2020-01-21,,43434,116109,2
1398628,2019-12-31,2020-01-21,,43564,230621,2
1398629,2019-12-31,2020-01-21,,43573,111962,2
1398630,2019-12-31,2020-01-21,,43581,391932,2
1398631,2019-12-31,2020-01-21,,43681,548095,2
1398632,2019-12-31,2020-01-21,,44140,71803,2
1398633,2019-12-31,2020-01-21,,44240,549476,2
1398634,2019-12-31,2020-01-21,,44261,474053,2
1398635,2019-12-31,2020-01-21,,44328,512137,2
1398636,2019-12-31,2020-01-21,,44352,337815,2
1398637,2019-12-31,2020-01-21,,44459,195157,2
1398638,2019-12-31,2020-01-21,,44742,604498,2
1398639,2019-12-31,2020-01-21,,44904,727339,2
1398640,2019-12-31,2020-01-21,,44932,591056,2
1398641,2019-12-31,2020-01-21,,45066,776058,2
1398642,2019-12-31,2020-01-21,,45092,504218,2
1398643,2019-12-31,2020-01-21,,45272,689524,2
1398644,2019-12-31,2020-01-21,,45316,423041,2
1398645,2019-12-31,2020-01-21,,45559,437808,2
1398646,2019-12-31,2020-01-21,,45650,684347,2
1398647,2019-12-31,2020-01-21,,45667,626853,2
1398648,2019-12-31,2020-01-21,,46384,39094,2
1398649,2019-12-31,2020-01-21,,46530,56054,2
1398650,2019-12-31,2020-01-21,,46530,281251,2
1398651,2019-12-31,2020-01-21,,46530,671111,2
1398652,2019-12-31,2020-01-21,,46530,768537,2
1398653,2019-12-31,2020-01-21,,46530,779308,2
1398654,2019-12-31,2020-01-21,,46530,779886,2
1398655,2019-12-31,2020-01-21,,46530,796700,2
1398656,2019-12-31,2020-01-21,,46530,861778,2
1398657,2019-12-31,2020-01-21,,46557,177934,2
1398658,2019-12-31,2020-01-21,,46663,445234,2
1398659,2019-12-31,2020-01-21,,46703,143825,2
1398660,2019-12-31,2020-01-21,,46791,384712,2
1398661,2019-12-31,2020-01-21,,46791,641961,2
1398662,2019-12-31,2020-01-21,,46791,827574,2
1398663,2019-12-31,2020-01-21,,46886,365997,2
1398664,2019-12-31,2020-01-21,,46940,150114,2
1398665,2019-12-31,2020-01-21,,46964,861917,2
1398666,2019-12-31,2020-01-21,,47220,662554,2
1398667,2019-12-31,2020-01-21,,47325,316756,2
1398668,2019-12-31,2020-01-21,,47340,258226,2
1398669,2019-12-31,2020-01-21,,47340,456475,2
1398670,2019-12-31,2020-01-21,,47340,629781,2
1398671,2019-12-31,2020-01-21,,47340,861779,2
1398672,2019-12-31,2020-01-21,,47745,344653,2
1398673,2019-12-31,2020-01-21,,47785,717810,2
1398674,2019-12-31,2020-01-21,,47913,564478,2
1398675,2019-12-31,2020-01-21,,48216,371952,2
1398676,2019-12-31,2020-01-21,,48412,879937,2
1398677,2019-12-31,2020-01-21,,48547,1991,2
1398678,2019-12-31,2020-01-21,,48547,7789,2
1398679,2019-12-31,2020-01-21,,48547,188465,2
1398680,2019-12-31,2020-01-21,,48547,247218,2
1398681,2019-12-31,2020-01-21,,48547,277990,2
1398682,2019-12-31,2020-01-21,,48547,288566,2
1398683,2019-12-31,2020-01-21,,48547,320237,2
1398684,2019-12-31,2020-01-21,,48547,326667,2
1398685,2019-12-31,2020-01-21,,48547,337052,2
1398686,2019-12-31,2020-01-21,,48547,353973,2
1398687,2019-12-31,2020-01-21,,48547,472241,2
1398688,2019-12-31,2020-01-21,,48547,512211,2
1398689,2019-12-31,2020-01-21,,48547,521307,2
1398690,2019-12-31,2020-01-21,,48547,552768,2
1398691,2019-12-31,2020-01-21,,48547,588540,2
1398692,2019-12-31,2020-01-21,,48547,621923,2
1398693,2019-12-31,2020-01-21,,48547,710341,2
1398694,2019-12-31,2020-01-21,,48547,717517,2
1398695,2019-12-31,2020-01-21,,48547,793339,2
1398696,2019-12-31,2020-01-21,,48547,816251,2
1398697,2019-12-31,2020-01-21,,48547,900732,2
1398698,2019-12-31,2020-01-21,,48547,902039,2
1398699,2019-12-31,2020-01-21,,48547,910812,2
1398700,2019-12-31,2020-01-21,,48547,915425,2
1398701,2019-12-31,2020-01-21,,48878,856635,2
1398702,2019-12-31,2020-01-21,,48930,171877,2
1398703,2019-12-31,2020-01-21,,48982,14831,2
1398704,2019-12-31,2020-01-21,,48986,429515,2
1398705,2019-12-31,2020-01-21,,49043,179477,2
1398706,2019-12-31,2020-01-21,,49049,813485,2
1398707,2019-12-31,2020-01-21,,49121,23023,2
1398708,2019-12-31,2020-01-21,,49429,94383,2
1398709,2019-12-31,2020-01-21,,49574,861780,2
1398710,2019-12-31,2020-01-21,,49640,226496,2
1398711,2019-12-31,2020-01-21,,49690,370064,2
1398712,2019-12-31,2020-01-21,,49717,903208,2
1398713,2019-12-31,2020-01-21,,49901,140995,2
1398714,2019-12-31,2020-01-21,,49936,521150,2
1398715,2019-12-31,2020-01-21,,49988,553498,2
1398716,2019-12-31,2020-01-21,,50059,953411,2
1398717,2019-12-31,2020-01-21,,50106,303919,2
1398718,2019-12-31,2020-01-21,,50220,628338,2
1398719,2019-12-31,2020-01-21,,50328,889683,2
1398720,2019-12-31,2020-01-21,,50352,229778,2
1398721,2019-12-31,2020-01-21,,50375,278533,2
1398722,2019-12-31,2020-01-21,,50463,553357,2
1398723,2019-12-31,2020-01-21,,50464,11543,2
1398724,2019-12-31,2020-01-21,,50558,340911,2
1398725,2019-12-31,2020-01-21,,50570,103139,2
1398726,2019-12-31,2020-01-21,,50780,380244,2
1398727,2019-12-31,2020-01-21,,50861,887996,2
1398728,2019-12-31,2020-01-21,,50907,389256,2
1398729,2019-12-31,2020-01-21,,50907,827492,2
1398730,2019-12-31,2020-01-21,,51215,251619,2
1398731,2019-12-31,2020-01-21,,51241,742544,2
1398732,2019-12-31,2020-01-21,,51340,122862,2
1398733,2019-12-31,2020-01-21,,51500,483894,2
1398734,2019-12-31,2020-01-21,,51802,943342,2
1398735,2019-12-31,2020-01-21,,51878,901118,2
1398736,2019-12-31,2020-01-21,,52028,809006,2
1398737,2019-12-31,2020-01-21,,52074,660671,2
1398738,2019-12-31,2020-01-21,,52188,386412,2
1398739,2019-12-31,2020-01-21,,52212,850854,2
1398740,2019-12-31,2020-01-21,,52212,924837,2
1398741,2019-12-31,2020-01-21,,52276,303419,2
1398742,2019-12-31,2020-01-21,,52279,309580,2
1398743,2019-12-31,2020-01-21,,52280,121103,2
1398744,2019-12-31,2020-01-21,,52328,710935,2
1398745,2019-12-31,2020-01-21,,52457,831706,2
1398746,2019-12-31,2020-01-21,,52483,188246,2
1398747,2019-12-31,2020-01-21,,52507,317165,2
1398748,2019-12-31,2020-01-21,,52749,342940,2
1398749,2019-12-31,2020-01-21,,52762,146643,2
1398750,2019-12-31,2020-01-21,,52778,164228,2
1398751,2019-12-31,2020-01-21,,52782,165410,2
1398752,2019-12-31,2020-01-21,,52795,435747,2
1398753,2019-12-31,2020-01-21,,53163,729361,2
1398754,2019-12-31,2020-01-21,,53206,721214,2
1398755,2019-12-31,2020-01-21,,53384,543285,2
1398756,2019-12-31,2020-01-21,,53436,483100,2
1398757,2019-12-31,2020-01-21,,53465,11702,2
1398758,2019-12-31,2020-01-21,,53486,492310,2
1398759,2019-12-31,2020-01-21,,53538,285723,2
1398760,2019-12-31,2020-01-21,,53609,896026,2
1398761,2019-12-31,2020-01-21,,53627,81802,2
1398762,2019-12-31,2020-01-21,,53701,379981,2
1398763,2019-12-31,2020-01-21,,53708,759812,2
1398764,2019-12-31,2020-01-21,,53818,778432,2
1398765,2019-12-31,2020-01-21,,53934,17680,2
1398766,2019-12-31,2020-01-21,,53934,179384,2
1398767,2019-12-31,2020-01-21,,53934,349630,2
1398768,2019-12-31,2020-01-21,,53934,698679,2
1398769,2019-12-31,2020-01-21,,54149,207720,2
1398770,2019-12-31,2020-01-21,,54294,579094,2
1398771,2019-12-31,2020-01-21,,54330,593790,2
1398772,2019-12-31,2020-01-21,,54392,452104,2
1398773,2019-12-31,2020-01-21,,54494,737579,2
1398774,2019-12-31,2020-01-21,,54494,793710,2
1398775,2019-12-31,2020-01-21,,54580,158562,2
1398776,2019-12-31,2020-01-21,,54645,201182,2
1398777,2019-12-31,2020-01-21,,54674,154620,2
1398778,2019-12-31,2020-01-21,,54732,759878,2
1398779,2019-12-31,2020-01-21,,54778,33636,2
1398780,2019-12-31,2020-01-21,,54778,332685,2
1398781,2019-12-31,2020-01-21,,54793,859135,2
1398782,2019-12-31,2020-01-21,,54853,807256,2
1398783,2019-12-31,2020-01-21,,54909,77942,2
1398784,2019-12-31,2020-01-21,,55185,559541,2
1398785,2019-12-31,2020-01-21,,55238,25160,2
1398786,2019-12-31,2020-01-21,,55376,251932,2
1398787,2019-12-31,2020-01-21,,55831,191870,2
1398788,2019-12-31,2020-01-21,,55877,917213,2
1398789,2019-12-31,2020-01-21,,55942,332681,2
1398790,2019-12-31,2020-01-21,,55953,306579,2
1398791,2019-12-31,2020-01-21,,56158,572746,2
1398792,2019-12-31,2020-01-21,,56317,484961,2
1398793,2019-12-31,2020-01-21,,56358,336385,2
1398794,2019-12-31,2020-01-21,,56593,347996,2
1398795,2019-12-31,2020-01-21,,56711,884581,2
1398796,2019-12-31,2020-01-21,,56753,750278,2
1398797,2019-12-31,2020-01-21,,56895,176332,2
1398798,2019-12-31,2020-01-21,,56997,470410,2
1398799,2019-12-31,2020-01-21,,57326,616725,2
1398800,2019-12-31,2020-01-21,,57331,245783,2
1398801,2019-12-31,2020-01-21,,57484,338457,2
1398802,2019-12-31,2020-01-21,,57515,857898,2
1398803,2019-12-31,2020-01-21,,57644,576764,2
1398804,2019-12-31,2020-01-21,,57645,265605,2
1398805,2019-12-31,2020-01-21,,57686,953243,2
1398806,2019-12-31,2020-01-21,,57864,206285,2
1398807,2019-12-31,2020-01-21,,57870,252343,2
1398808,2019-12-31,2020-01-21,,57870,634548,2
1398809,2019-12-31,2020-01-21,,57870,897326,2
1398810,2019-12-31,2020-01-21,,57972,729495,2
1398811,2019-12-31,2020-01-21,,58135,82281,2
1398812,2019-12-31,2020-01-21,,58194,777472,2
1398813,2019-12-31,2020-01-21,,58229,828255,2
1398814,2019-12-31,2020-01-21,,58270,371019,2
1398815,2019-12-31,2020-01-21,,58283,321010,2
1398816,2019-12-31,2020-01-21,,58355,87944,2
1398817,2019-12-31,2020-01-21,,58581,7989,2
1398818,2019-12-31,2020-01-21,,58824,217352,2
1398819,2019-12-31,2020-01-21,,58826,733083,2
1398820,2019-12-31,2020-01-21,,58868,201399,2
1398821,2019-12-31,2020-01-21,,58868,900327,2
1398822,2019-12-31,2020-01-21,,58911,891118,2
1398823,2019-12-31,2020-01-21,,58922,422173,2
1398824,2019-12-31,2020-01-21,,58930,425093,2
1398825,2019-12-31,2020-01-21,,59194,646407,2
1398826,2019-12-31,2020-01-21,,59378,662521,2
1398827,2019-12-31,2020-01-21,,59405,754402,2
1398828,2019-12-31,2020-01-21,,59451,312518,2
1398829,2019-12-31,2020-01-21,,59739,101422,2
1398830,2019-12-31,2020-01-21,,59739,361242,2
1398831,2019-12-31,2020-01-21,,59833,394313,2
1398832,2019-12-31,2020-01-21,,59874,270487,2
1398833,2019-12-31,2020-01-21,,59878,5219,2
1398834,2019-12-31,2020-01-21,,59901,64968,2
1398835,2019-12-31,2020-01-21,,60106,649556,2
1398836,2019-12-31,2020-01-21,,60352,304897,2
1398837,2019-12-31,2020-01-21,,60379,504923,2
1398838,2019-12-31,2020-01-21,,60391,440488,2
1398839,2019-12-31,2020-01-21,,60523,24847,2
1398840,2019-12-31,2020-01-21,,60523,322495,2
1398841,2019-12-31,2020-01-21,,60580,734865,2
1398842,2019-12-31,2020-01-21,,60611,641784,2
1398843,2019-12-31,2020-01-21,,60813,472554,2
1398844,2019-12-31,2020-01-21,,60868,117435,2
1398845,2019-12-31,2020-01-21,,60868,386556,2
1398846,2019-12-31,2020-01-21,,60868,590923,2
1398847,2019-12-31,2020-01-21,,60868,825782,2
1398848,2019-12-31,2020-01-21,,60868,912068,2
1398849,2019-12-31,2020-01-21,,61220,352521,2
1398850,2019-12-31,2020-01-21,,61520,614847,2
1398851,2019-12-31,2020-01-21,,61697,573482,2
1398852,2019-12-31,2020-01-21,,61711,924628,2
1398853,2019-12-31,2020-01-21,,61831,804586,2
1398854,2019-12-31,2020-01-21,,61944,399804,2
1398855,2019-12-31,2020-01-21,,62138,274381,2
1398856,2019-12-31,2020-01-21,,62225,363822,2
1398857,2019-12-31,2020-01-21,,62287,95094,2
1398858,2019-12-31,2020-01-21,,62355,527593,2
1398859,2019-12-31,2020-01-21,,62529,267124,2
1398860,2019-12-31,2020-01-21,,62637,14450,2
1398861,2019-12-31,2020-01-21,,62719,153640,2
1398862,2019-12-31,2020-01-21,,62719,399821,2
1398863,2019-12-31,2020-01-21,,62719,691108,2
1398864,2019-12-31,2020-01-21,,62719,918569,2
1398865,2019-12-31,2020-01-21,,62983,96912,2
1398866,2019-12-31,2020-01-21,,63112,207180,2
1398867,2019-12-31,2020-01-21,,63201,711626,2
1398868,2019-12-31,2020-01-21,,63233,670318,2
1398869,2019-12-31,2020-01-21,,63474,825846,2
1398870,2019-12-31,2020-01-21,,63601,101417,2
1398871,2019-12-31,2020-01-21,,63672,244999,2
1398872,2019-12-31,2020-01-21,,63709,138901,2
1398873,2019-12-31,2020-01-21,,64126,599300,2
1398874,2019-12-31,2020-01-21,,64220,391718,2
1398875,2019-12-31,2020-01-21,,64285,542406,2
1398876,2019-12-31,2020-01-21,,64339,130163,2
1398877,2019-12-31,2020-01-21,,64519,452456,2
1398878,2019-12-31,2020-01-21,,64659,485130,2
1398879,2019-12-31,2020-01-21,,64964,711829,2
1398880,2019-12-31,2020-01-21,,65068,139766,2
1398881,2019-12-31,2020-01-21,,65133,477933,2
1398882,2019-12-31,2020-01-21,,65190,49904,2
1398883,2019-12-31,2020-01-21,,65617,688315,2
1398884,2019-12-31,2020-01-21,,65621,612235,2
1398885,2019-12-31,2020-01-21,,65689,877957,2
1398886,2019-12-31,2020-01-21,,65777,879307,2
1398887,2019-12-31,2020-01-21,,65837,560965,2
1398888,2019-12-31,2020-01-21,,65914,171812,2
1398889,2019-12-31,2020-01-21,,66055,729888,2
1398890,2019-12-31,2020-01-21,,66145,707413,2
1398891,2019-12-31,2020-01-21,,66167,495121,2
1398892,2019-12-31,2020-01-21,,66414,408875,2
1398893,2019-12-31,2020-01-21,,66479,448613,2
1398894,2019-12-31,2020-01-21,,66607,678470,2
1398895,2019-12-31,2020-01-21,,66623,702822,2
1398896,2019-12-31,2020-01-21,,66922,897253,2
1398897,2019-12-31,2020-01-21,,66977,359305,2
1398898,2019-12-31,2020-01-21,,67007,427542,2
1398899,2019-12-31,2020-01-21,,67318,316814,2
1398900,2019-12-31,2020-01-21,,67638,263786,2
1398901,2019-12-31,2020-01-21,,67755,814926,2
1398902,2019-12-31,2020-01-21,,67962,889809,2
1398903,2019-12-31,2020-01-21,,67976,701576,2
1398904,2019-12-31,2020-01-21,,68027,444181,2
1398905,2019-12-31,2020-01-21,,68291,688294,2
1398906,2019-12-31,2020-01-21,,68526,495407,2
1398907,2019-12-31,2020-01-21,,68624,370871,2
1398908,2019-12-31,2020-01-21,,68624,604397,2
1398909,2019-12-31,2020-01-21,,68756,188237,2
1398910,2019-12-31,2020-01-21,,68756,880896,2
1398911,2019-12-31,2020-01-21,,68928,256150,2
1398912,2019-12-31,2020-01-21,,68967,845300,2
1398913,2019-12-31,2020-01-21,,69019,837945,2
1398914,2019-12-31,2020-01-21,,69235,254033,2
1398915,2019-12-31,2020-01-21,,69320,818636,2
1398916,2019-12-31,2020-01-21,,69339,439824,2
1398917,2019-12-31,2020-01-21,,69397,904984,2
1398918,2019-12-31,2020-01-21,,69439,366474,2
1398919,2019-12-31,2020-01-21,,69508,377150,2
1398920,2019-12-31,2020-01-21,,69846,366473,2
1398921,2019-12-31,2020-01-21,,69991,827080,2
1398922,2019-12-31,2020-01-21,,69992,595248,2
1398923,2019-12-31,2020-01-21,,70007,601692,2
1398924,2019-12-31,2020-01-21,,70170,81677,2
1398925,2019-12-31,2020-01-21,,70445,277134,2
1398926,2019-12-31,2020-01-21,,70445,683508,2
1398927,2019-12-31,2020-01-21,,70445,729364,2
1398928,2019-12-31,2020-01-21,,70460,197474,2
1398929,2019-12-31,2020-01-21,,70641,944118,2
1398930,2019-12-31,2020-01-21,,70885,62209,2
1398931,2019-12-31,2020-01-21,,70885,118218,2
1398932,2019-12-31,2020-01-21,,71012,36243,2
1398933,2019-12-31,2020-01-21,,71368,624343,2
1398934,2019-12-31,2020-01-21,,71374,895498,2
1398935,2019-12-31,2020-01-21,,71382,139949,2
1398936,2019-12-31,2020-01-21,,71541,594282,2
1398937,2019-12-31,2020-01-21,,71588,804578,2
1398938,2019-12-31,2020-01-21,,71599,615622,2
1398939,2019-12-31,2020-01-21,,71839,624214,2
1398940,2019-12-31,2020-01-21,,71984,204914,2
1398941,2019-12-31,2020-01-21,,72040,79253,2
1398942,2019-12-31,2020-01-21,,72272,728982,2
1398943,2019-12-31,2020-01-21,,72287,584675,2
1398944,2019-12-31,2020-01-21,,72307,568770,2
1398945,2019-12-31,2020-01-21,,72402,509247,2
1398946,2019-12-31,2020-01-21,,72492,572646,2
1398947,2019-12-31,2020-01-21,,72497,426282,2
1398948,2019-12-31,2020-01-21,,72513,880582,2
1398949,2019-12-31,2020-01-21,,72565,177720,2
1398950,2019-12-31,2020-01-21,,72629,138706,2
1398951,2019-12-31,2020-01-21,,72680,39659,2
1398952,2019-12-31,2020-01-21,,72938,702170,2
1398953,2019-12-31,2020-01-21,,73057,467505,2
1398954,2019-12-31,2020-01-21,,73155,730315,2
1398955,2019-12-31,2020-01-21,,73210,379770,2
1398956,2019-12-31,2020-01-21,,73252,187425,2
1398957,2019-12-31,2020-01-21,,73294,457565,2
1398958,2019-12-31,2020-01-21,,73328,408448,2
1398959,2019-12-31,2020-01-21,,73512,762405,2
1398960,2019-12-31,2020-01-21,,73513,305180,2
1398961,2019-12-31,2020-01-21,,73585,422850,2
1398962,2019-12-31,2020-01-21,,73631,492750,2
1398963,2019-12-31,2020-01-21,,73738,109119,2
1398964,2019-12-31,2020-01-21,,73754,872405,2
1398965,2019-12-31,2020-01-21,,73773,426912,2
1398966,2019-12-31,2020-01-21,,73840,269525,2
1398967,2019-12-31,2020-01-21,,73885,93809,2
1398968,2019-12-31,2020-01-21,,73922,390704,2
1398969,2019-12-31,2020-01-21,,73923,232946,2
1398970,2019-12-31,2020-01-21,,73959,729121,2
1398971,2019-12-31,2020-01-21,,74162,198756,2
1398972,2019-12-31,2020-01-21,,74180,313705,2
1398973,2019-12-31,2020-01-21,,74210,229563,2
1398974,2019-12-31,2020-01-21,,74247,257515,2
1398975,2019-12-31,2020-01-21,,74305,698919,2
1398976,2019-12-31,2020-01-21,,74357,953141,2
1398977,2019-12-31,2020-01-21,,74390,27779,2
1398978,2019-12-31,2020-01-21,,74541,20349,2
1398979,2019-12-31,2020-01-21,,74716,396023,2
1398980,2019-12-31,2020-01-21,,74864,943609,2
1398981,2019-12-31,2020-01-21,,74993,758417,2
1398982,2019-12-31,2020-01-21,,74998,830949,2
1398983,2019-12-31,2020-01-21,,75092,733440,2
1398984,2019-12-31,2020-01-21,,75153,917422,2
1398985,2019-12-31,2020-01-21,,75286,418109,2
1398986,2019-12-31,2020-01-21,,75286,609305,2
1398987,2019-12-31,2020-01-21,,75506,435727,2
1398988,2019-12-31,2020-01-21,,75557,243683,2
1398989,2019-12-31,2020-01-21,,75563,767831,2
1398990,2019-12-31,2020-01-21,,75730,25434,2
1398991,2019-12-31,2020-01-21,,75823,884481,2
1398992,2019-12-31,2020-01-21,,75911,929132,2
1398993,2019-12-31,2020-01-21,,75938,262542,2
1398994,2019-12-31,2020-01-21,,76002,387366,2
1398995,2019-12-31,2020-01-21,,76021,741188,2
1398996,2019-12-31,2020-01-21,,76033,286597,2
1398997,2019-12-31,2020-01-21,,76092,891285,2
1398998,2019-12-31,2020-01-21,,76177,934621,2
1398999,2019-12-31,2020-01-21,,76226,382625,2
1399000,2019-12-31,2020-01-21,,76226,875512,2
1399001,2019-12-31,2020-01-21,,76272,696355,2
1399002,2019-12-31,2020-01-21,,76362,412836,2
1399003,2019-12-31,2020-01-21,,76471,56266,2
1399004,2019-12-31,2020-01-21,,76504,760487,2
1399005,2019-12-31,2020-01-21,,76581,130120,2
1399006,2019-12-31,2020-01-21,,76596,823729,2
1399007,2019-12-31,2020-01-21,,76776,570046,2
1399008,2019-12-31,2020-01-21,,76821,297405,2
1399009,2019-12-31,2020-01-21,,76956,276889,2
1399010,2019-12-31,2020-01-21,,76968,844983,2
1399011,2019-12-31,2020-01-21,,76999,925635,2
1399012,2019-12-31,2020-01-21,,77164,587229,2
1399013,2019-12-31,2020-01-21,,77172,365456,2
1399014,2019-12-31,2020-01-21,,77232,892118,2
1399015,2019-12-31,2020-01-21,,77397,455307,2
1399016,2019-12-31,2020-01-21,,77397,829744,2
1399017,2019-12-31,2020-01-21,,77397,843855,2
1399018,2019-12-31,2020-01-21,,77486,665160,2
1399019,2019-12-31,2020-01-21,,77523,310491,2
1399020,2019-12-31,2020-01-21,,77549,731997,2
1399021,2019-12-31,2020-01-21,,77628,206125,2
1399022,2019-12-31,2020-01-21,,77640,630536,2
1399023,2019-12-31,2020-01-21,,77711,828896,2
1399024,2019-12-31,2020-01-21,,77741,871362,2
1399025,2019-12-31,2020-01-21,,77763,528224,2
1399026,2019-12-31,2020-01-21,,77881,821471,2
1399027,2019-12-31,2020-01-21,,77891,885847,2
1399028,2019-12-31,2020-01-21,,77907,413954,2
1399029,2019-12-31,2020-01-21,,77935,64340,2
1399030,2019-12-31,2020-01-21,,78146,9886,2
1399031,2019-12-31,2020-01-21,,78161,586788,2
1399032,2019-12-31,2020-01-21,,78195,666776,2
1399033,2019-12-31,2020-01-21,,78451,19080,2
1399034,2019-12-31,2020-01-21,,78503,727886,2
1399035,2019-12-31,2020-01-21,,78533,258911,2
1399036,2019-12-31,2020-01-21,,78592,706501,2
1399037,2019-12-31,2020-01-21,,78789,371537,2
1399038,2019-12-31,2020-01-21,,78854,848073,2
1399039,2019-12-31,2020-01-21,,78921,452888,2
1399040,2019-12-31,2020-01-21,,78954,302171,2
1399041,2019-12-31,2020-01-21,,79099,366256,2
1399042,2019-12-31,2020-01-21,,79161,518083,2
1399043,2019-12-31,2020-01-21,,79475,513271,2
1399044,2019-12-31,2020-01-21,,79725,256932,2
1399045,2019-12-31,2020-01-21,,79831,769909,2
1399046,2019-12-31,2020-01-21,,80006,668037,2
1399047,2019-12-31,2020-01-21,,80070,474396,2
1399048,2019-12-31,2020-01-21,,80075,856609,2
1399049,2019-12-31,2020-01-21,,80082,283028,2
1399050,2019-12-31,2020-01-21,,80094,526667,2
1399051,2019-12-31,2020-01-21,,80231,140382,2
1399052,2019-12-31,2020-01-21,,80248,114154,2
1399053,2019-12-31,2020-01-21,,80290,388149,2
1399054,2019-12-31,2020-01-21,,80430,87446,2
1399055,2019-12-31,2020-01-21,,80433,71304,2
1399056,2019-12-31,2020-01-21,,80499,817486,2
1399057,2019-12-31,2020-01-21,,80529,158470,2
1399058,2019-12-31,2020-01-21,,80773,314526,2
1399059,2019-12-31,2020-01-21,,80899,450063,2
1399060,2019-12-31,2020-01-21,,80938,841027,2
1399061,2019-12-31,2020-01-21,,81000,218174,2
1399062,2019-12-31,2020-01-21,,81000,898653,2
1399063,2019-12-31,2020-01-21,,81198,287501,2
1399064,2019-12-31,2020-01-21,,81226,463412,2
1399065,2019-12-31,2020-01-21,,81430,152436,2
1399066,2019-12-31,2020-01-21,,81434,43191,2
1399067,2019-12-31,2020-01-21,,81621,539816,2
1399068,2019-12-31,2020-01-21,,81855,456169,2
1399069,2019-12-31,2020-01-21,,81875,500042,2
1399070,2019-12-31,2020-01-21,,81935,355797,2
1399071,2019-12-31,2020-01-21,,82047,309784,2
1399072,2019-12-31,2020-01-21,,82103,846703,2
1399073,2019-12-31,2020-01-21,,82113,809373,2
1399074,2019-12-31,2020-01-21,,82211,45595,2
1399075,2019-12-31,2020-01-21,,82343,439487,2
1399076,2019-12-31,2020-01-21,,82345,589112,2
1399077,2019-12-31,2020-01-21,,82512,682154,2
1399078,2019-12-31,2020-01-21,,82673,732115,2
1399079,2019-12-31,2020-01-21,,82842,388396,2
1399080,2019-12-31,2020-01-21,,82855,144616,2
1399081,2019-12-31,2020-01-21,,82966,305952,2
1399082,2019-12-31,2020-01-21,,83008,98555,2
1399083,2019-12-31,2020-01-21,,83083,24975,2
1399084,2019-12-31,2020-01-21,,83083,35350,2
1399085,2019-12-31,2020-01-21,,83083,670936,2
1399086,2019-12-31,2020-01-21,,83105,717252,2
1399087,2019-12-31,2020-01-21,,83242,872065,2
1399088,2019-12-31,2020-01-21,,83330,364578,2
1399089,2019-12-31,2020-01-21,,83397,278120,2
1399090,2019-12-31,2020-01-21,,83403,285525,2
1399091,2019-12-31,2020-01-21,,83458,462512,2
1399092,2019-12-31,2020-01-21,,83490,83331,2
1399093,2019-12-31,2020-01-21,,83572,464396,2
1399094,2019-12-31,2020-01-21,,83578,279848,2
1399095,2019-12-31,2020-01-21,,83652,305327,2
1399096,2019-12-31,2020-01-21,,83679,788248,2
1399097,2019-12-31,2020-01-21,,83780,153052,2
1399098,2019-12-31,2020-01-21,,83838,547364,2
1399099,2019-12-31,2020-01-21,,84000,594424,2
1399100,2019-12-31,2020-01-21,,84141,208290,2
1399101,2019-12-31,2020-01-21,,84278,736005,2
1399102,2019-12-31,2020-01-21,,84378,201078,2
1399103,2019-12-31,2020-01-21,,84416,701221,2
1399104,2019-12-31,2020-01-21,,84488,759084,2
1399105,2019-12-31,2020-01-21,,84677,946369,2
1399106,2019-12-31,2020-01-21,,84930,664014,2
1399107,2019-12-31,2020-01-21,,84957,346769,2
1399108,2019-12-31,2020-01-21,,84977,550241,2
1399109,2019-12-31,2020-01-21,,85244,235157,2
1399110,2019-12-31,2020-01-21,,85283,870,2
1399111,2019-12-31,2020-01-21,,85283,692943,2
1399112,2019-12-31,2020-01-21,,85357,461312,2
1399113,2019-12-31,2020-01-21,,85357,833834,2
1399114,2019-12-31,2020-01-21,,85560,632979,2
1399115,2019-12-31,2020-01-21,,85623,220352,2
1399116,2019-12-31,2020-01-21,,85851,12766,2
1399117,2019-12-31,2020-01-21,,85964,136176,2
1399118,2019-12-31,2020-01-21,,86362,19445,2
1399119,2019-12-31,2020-01-21,,86371,338673,2
1399120,2019-12-31,2020-01-21,,86420,191485,2
1399121,2019-12-31,2020-01-21,,86420,468956,2
1399122,2019-12-31,2020-01-21,,86420,652190,2
1399123,2019-12-31,2020-01-21,,86441,917994,2
1399124,2019-12-31,2020-01-21,,86644,698680,2
1399125,2019-12-31,2020-01-21,,86683,38283,2
1399126,2019-12-31,2020-01-21,,86822,213159,2
1399127,2019-12-31,2020-01-21,,86881,431933,2
1399128,2019-12-31,2020-01-21,,86985,834759,2
1399129,2019-12-31,2020-01-21,,87171,101702,2
1399130,2019-12-31,2020-01-21,,87226,706831,2
1399131,2019-12-31,2020-01-21,,87253,835850,2
1399132,2019-12-31,2020-01-21,,87392,844599,2
1399133,2019-12-31,2020-01-21,,87501,824288,2
1399134,2019-12-31,2020-01-21,,87572,528218,2
1399135,2019-12-31,2020-01-21,,87596,566352,2
1399136,2019-12-31,2020-01-21,,87704,53155,2
1399137,2019-12-31,2020-01-21,,87704,88669,2
1399138,2019-12-31,2020-01-21,,87704,107631,2
1399139,2019-12-31,2020-01-21,,87881,446897,2
1399140,2019-12-31,2020-01-21,,87951,468938,2
1399141,2019-12-31,2020-01-21,,87962,774829,2
1399142,2019-12-31,2020-01-21,,88286,740998,2
1399143,2019-12-31,2020-01-21,,88369,655470,2
1399144,2019-12-31,2020-01-21,,88521,927826,2
1399145,2019-12-31,2020-01-21,,88707,578427,2
1399146,2019-12-31,2020-01-21,,88835,27003,2
1399147,2019-12-31,2020-01-21,,88952,97550,2
1399148,2019-12-31,2020-01-21,,88976,440431,2
1399149,2019-12-31,2020-01-21,,89157,851175,2
1399150,2019-12-31,2020-01-21,,89212,229099,2
1399151,2019-12-31,2020-01-21,,89291,741449,2
1399152,2019-12-31,2020-01-21,,89321,836297,2
1399153,2019-12-31,2020-01-21,,89390,683010,2
1399154,2019-12-31,2020-01-21,,89439,30282,2
1399155,2019-12-31,2020-01-21,,89522,95270,2
1399156,2019-12-31,2020-01-21,,89587,857246,2
1399157,2019-12-31,2020-01-21,,89616,113982,2
1399158,2019-12-31,2020-01-21,,89618,320663,2
1399159,2019-12-31,2020-01-21,,89643,604474,2
1399160,2019-12-31,2020-01-21,,89645,439826,2
1399161,2019-12-31,2020-01-21,,89914,103418,2
1399162,2019-12-31,2020-01-21,,89980,498088,2
1399163,2019-12-31,2020-01-21,,89990,934375,2
1399164,2019-12-31,2020-01-21,,90021,217450,2
1399165,2019-12-31,2020-01-21,,90141,83058,2
1399166,2019-12-31,2020-01-21,,90150,694838,2
1399167,2019-12-31,2020-01-21,,90266,854366,2
1399168,2019-12-31,2020-01-21,,90277,40133,2
1399169,2019-12-31,2020-01-21,,90287,44714,2
1399170,2019-12-31,2020-01-21,,90469,441913,2
1399171,2019-12-31,2020-01-21,,90561,913101,2
1399172,2019-12-31,2020-01-21,,90576,76727,2
1399173,2019-12-31,2020-01-21,,90579,925930,2
1399174,2019-12-31,2020-01-21,,90582,339004,2
1399175,2019-12-31,2020-01-21,,90707,312407,2
1399176,2019-12-31,2020-01-21,,90829,790150,2
1399177,2019-12-31,2020-01-21,,91004,172250,2
1399178,2019-12-31,2020-01-21,,91459,658834,2
1399179,2019-12-31,2020-01-21,,91466,26197,2
1399180,2019-12-31,2020-01-21,,91624,905034,2
1399181,2019-12-31,2020-01-21,,91656,538128,2
1399182,2019-12-31,2020-01-21,,91815,678916,2
1399183,2019-12-31,2020-01-21,,91847,705836,2
1399184,2019-12-31,2020-01-21,,91899,240393,2
1399185,2019-12-31,2020-01-21,,92009,511918,2
1399186,2019-12-31,2020-01-21,,92023,726512,2
1399187,2019-12-31,2020-01-21,,92628,660647,2
1399188,2019-12-31,2020-01-21,,92628,686692,2
1399189,2019-12-31,2020-01-21,,92628,871145,2
1399190,2019-12-31,2020-01-21,,92869,225493,2
1399191,2019-12-31,2020-01-21,,92982,757953,2
1399192,2019-12-31,2020-01-21,,93055,864418,2
1399193,2019-12-31,2020-01-21,,93162,454220,2
1399194,2019-12-31,2020-01-21,,93195,595582,2
1399195,2019-12-31,2020-01-21,,93214,637907,2
1399196,2019-12-31,2020-01-21,,93249,835319,2
1399197,2019-12-31,2020-01-21,,93279,777818,2
1399198,2019-12-31,2020-01-21,,93311,930313,2
1399199,2019-12-31,2020-01-21,,93325,149046,2
1399200,2019-12-31,2020-01-21,,93362,405380,2
1399201,2019-12-31,2020-01-21,,93378,827356,2
1399202,2019-12-31,2020-01-21,,93653,207049,2
1399203,2019-12-31,2020-01-21,,93662,38368,2
1399204,2019-12-31,2020-01-21,,93714,322809,2
1399205,2019-12-31,2020-01-21,,93776,895670,2
1399206,2019-12-31,2020-01-21,,93986,775223,2
1399207,2019-12-31,2020-01-21,,94019,824987,2
1399208,2019-12-31,2020-01-21,,94203,790524,2
1399209,2019-12-31,2020-01-21,,94224,96382,2
1399210,2019-12-31,2020-01-21,,94405,505771,2
1399211,2019-12-31,2020-01-21,,94538,701492,2
1399212,2019-12-31,2020-01-21,,94719,725787,2
1399213,2019-12-31,2020-01-21,,94913,890467,2
1399214,2019-12-31,2020-01-21,,94943,722437,2
1399215,2019-12-31,2020-01-21,,95068,203250,2
1399216,2019-12-31,2020-01-21,,95068,772928,2
1399217,2019-12-31,2020-01-21,,95127,752580,2
1399218,2019-12-31,2020-01-21,,95221,419127,2
1399219,2019-12-31,2020-01-21,,95308,144626,2
1399220,2019-12-31,2020-01-21,,95416,309701,2
1399221,2019-12-31,2020-01-21,,95522,772075,2
1399222,2019-12-31,2020-01-21,,95848,790515,2
1399223,2019-12-31,2020-01-21,,96025,759399,2
1399224,2019-12-31,2020-01-21,,96118,836258,2
1399225,2019-12-31,2020-01-21,,96224,576125,2
1399226,2019-12-31,2020-01-21,,96251,674174,2
1399227,2019-12-31,2020-01-21,,96414,598866,2
1399228,2019-12-31,2020-01-21,,96613,598750,2
1399229,2019-12-31,2020-01-21,,96621,368752,2
1399230,2019-12-31,2020-01-21,,96709,445350,2
1399231,2019-12-31,2020-01-21,,96845,782003,2
1399232,2019-12-31,2020-01-21,,96949,20750,2
1399233,2019-12-31,2020-01-21,,96981,304234,2
1399234,2019-12-31,2020-01-21,,97020,79986,2
1399235,2019-12-31,2020-01-21,,97344,91771,2
1399236,2019-12-31,2020-01-21,,97511,519425,2
1399237,2019-12-31,2020-01-21,,97695,206385,2
1399238,2019-12-31,2020-01-21,,97709,529731,2
1399239,2019-12-31,2020-01-21,,97751,670061,2
1399240,2019-12-31,2020-01-21,,97763,564697,2
1399241,2019-12-31,2020-01-21,,97789,304038,2
1399242,2019-12-31,2020-01-21,,98025,665802,2
1399243,2019-12-31,2020-01-21,,98033,675016,2
1399244,2019-12-31,2020-01-21,,98117,744227,2
1399245,2019-12-31,2020-01-21,,98199,142736,2
1399246,2019-12-31,2020-01-21,,98319,157721,2
1399247,2019-12-31,2020-01-21,,98378,427278,2
1399248,2019-12-31,2020-01-21,,98409,143780,2
1399249,2019-12-31,2020-01-21,,98430,850800,2
1399250,2019-12-31,2020-01-21,,98537,731730,2
1399251,2019-12-31,2020-01-21,,98654,835667,2
1399252,2019-12-31,2020-01-21,,98726,54282,2
1399253,2019-12-31,2020-01-21,,98808,158190,2
1399254,2019-12-31,2020-01-21,,99074,659767,2
1399255,2019-12-31,2020-01-21,,99245,472796,2
1399256,2019-12-31,2020-01-21,,99303,924230,2
1399257,2019-12-31,2020-01-21,,99644,66967,2
1399258,2019-12-31,2020-01-21,,99729,127727,2
1399259,2019-12-31,2020-01-21,,99802,568509,2
1399260,2019-12-31,2020-01-21,,99942,520081,2
1399261,2019-12-31,2020-01-21,,100131,876575,2
1399262,2019-12-31,2020-01-21,,100213,814225,2
1399263,2019-12-31,2020-01-21,,100252,132125,2
1399264,2019-12-31,2020-01-21,,100344,818617,2
1399265,2019-12-31,2020-01-21,,100379,240976,2
1399266,2019-12-31,2020-01-21,,100608,159853,2
1399267,2019-12-31,2020-01-21,,100634,445546,2
1399268,2019-12-31,2020-01-21,,100739,687099,2
1399269,2019-12-31,2020-01-21,,100783,386294,2
1399270,2019-12-31,2020-01-21,,100814,162402,2
1399271,2019-12-31,2020-01-21,,101079,236125,2
1399272,2019-12-31,2020-01-21,,101131,859500,2
1399273,2019-12-31,2020-01-21,,101217,589119,2
1399274,2019-12-31,2020-01-21,,101540,427774,2
1399275,2019-12-31,2020-01-21,,101599,153726,2
1399276,2019-12-31,2020-01-21,,101718,579621,2
1399277,2019-12-31,2020-01-21,,101738,422301,2
1399278,2019-12-31,2020-01-21,,101928,582493,2
1399279,2019-12-31,2020-01-21,,102139,597245,2
1399280,2019-12-31,2020-01-21,,102210,175979,2
1399281,2019-12-31,2020-01-21,,102255,91657,2
1399282,2019-12-31,2020-01-21,,102338,71131,2
1399283,2019-12-31,2020-01-21,,102401,423031,2
1399284,2019-12-31,2020-01-21,,102645,46548,2
1399285,2019-12-31,2020-01-21,,102727,530964,2
1399286,2019-12-31,2020-01-21,,102746,406300,2
1399287,2019-12-31,2020-01-21,,102950,204465,2
1399288,2019-12-31,2020-01-21,,103041,1355,2
1399289,2019-12-31,2020-01-21,,103120,761044,2
1399290,2019-12-31,2020-01-21,,103316,369578,2
1399291,2019-12-31,2020-01-21,,103489,653288,2
1399292,2019-12-31,2020-01-21,,103573,952570,2
1399293,2019-12-31,2020-01-21,,103760,422567,2
1399294,2019-12-31,2020-01-21,,103882,378430,2
1399295,2019-12-31,2020-01-21,,103882,865130,2
1399296,2019-12-31,2020-01-21,,103884,314478,2
1399297,2019-12-31,2020-01-21,,104082,346823,2
1399298,2019-12-31,2020-01-21,,104094,87060,2
1399299,2019-12-31,2020-01-21,,104121,250637,2
1399300,2019-12-31,2020-01-21,,104221,418944,2
1399301,2019-12-31,2020-01-21,,104286,439239,2
1399302,2019-12-31,2020-01-21,,104653,460765,2
1399303,2019-12-31,2020-01-21,,104718,364328,2
1399304,2019-12-31,2020-01-21,,104864,331819,2
1399305,2019-12-31,2020-01-21,,104864,759738,2
1399306,2019-12-31,2020-01-21,,104864,838390,2
1399307,2019-12-31,2020-01-21,,104869,159698,2
1399308,2019-12-31,2020-01-21,,105243,74843,2
1399309,2019-12-31,2020-01-21,,105258,720481,2
1399310,2019-12-31,2020-01-21,,105313,55312,2
1399311,2019-12-31,2020-01-21,,105374,952730,2
1399312,2019-12-31,2020-01-21,,105467,342690,2
1399313,2019-12-31,2020-01-21,,105658,504399,2
1399314,2019-12-31,2020-01-21,,105660,278756,2
1399315,2019-12-31,2020-01-21,,105678,598131,2
1399316,2019-12-31,2020-01-21,,105678,846148,2
1399317,2019-12-31,2020-01-21,,105750,943318,2
1399318,2019-12-31,2020-01-21,,105757,163969,2
1399319,2019-12-31,2020-01-21,,106091,186735,2
1399320,2019-12-31,2020-01-21,,106119,286274,2
1399321,2019-12-31,2020-01-21,,106266,922819,2
1399322,2019-12-31,2020-01-21,,106270,585050,2
1399323,2019-12-31,2020-01-21,,106434,571548,2
1399324,2019-12-31,2020-01-21,,106491,238066,2
1399325,2019-12-31,2020-01-21,,106510,883854,2
1399326,2019-12-31,2020-01-21,,106533,583095,2
1399327,2019-12-31,2020-01-21,,106631,303237,2
1399328,2019-12-31,2020-01-21,,106686,621703,2
1399329,2019-12-31,2020-01-21,,106846,705066,2
1399330,2019-12-31,2020-01-21,,106849,651695,2
1399331,2019-12-31,2020-01-21,,107044,741099,2
1399332,2019-12-31,2020-01-21,,107127,363457,2
1399333,2019-12-31,2020-01-21,,107155,345072,2
1399334,2019-12-31,2020-01-21,,107156,755189,2
1399335,2019-12-31,2020-01-21,,107311,429453,2
1399336,2019-12-31,2020-01-21,,107327,412942,2
1399337,2019-12-31,2020-01-21,,107366,936059,2
1399338,2019-12-31,2020-01-21,,107405,104814,2
1399339,2019-12-31,2020-01-21,,107411,518661,2
1399340,2019-12-31,2020-01-21,,107450,159708,2
1399341,2019-12-31,2020-01-21,,107667,777394,2
1399342,2019-12-31,2020-01-21,,107727,237913,2
1399343,2019-12-31,2020-01-21,,107782,323885,2
1399344,2019-12-31,2020-01-21,,107865,649365,2
1399345,2019-12-31,2020-01-21,,107943,461961,2
1399346,2019-12-31,2020-01-21,,108004,790506,2
1399347,2019-12-31,2020-01-21,,108023,743054,2
1399348,2019-12-31,2020-01-21,,108032,699051,2
1399349,2019-12-31,2020-01-21,,108063,236873,2
1399350,2019-12-31,2020-01-21,,108063,936576,2
1399351,2019-12-31,2020-01-21,,108134,556721,2
1399352,2019-12-31,2020-01-21,,108149,311447,2
1399353,2019-12-31,2020-01-21,,108160,527453,2
1399354,2019-12-31,2020-01-21,,108189,586203,2
1399355,2019-12-31,2020-01-21,,108208,257103,2
1399356,2019-12-31,2020-01-21,,108227,21005,2
1399357,2019-12-31,2020-01-21,,108227,355007,2
1399358,2019-12-31,2020-01-21,,108256,784186,2
1399359,2019-12-31,2020-01-21,,108291,750816,2
1399360,2019-12-31,2020-01-21,,108543,723415,2
1399361,2019-12-31,2020-01-21,,108597,750863,2
1399362,2019-12-31,2020-01-21,,108621,900300,2
1399363,2019-12-31,2020-01-21,,108677,24910,2
1399364,2019-12-31,2020-01-21,,108995,560191,2
1399365,2019-12-31,2020-01-21,,109041,421247,2
1399366,2019-12-31,2020-01-21,,109197,784411,2
1399367,2019-12-31,2020-01-21,,109231,175839,2
1399368,2019-12-31,2020-01-21,,109244,337955,2
1399369,2019-12-31,2020-01-21,,109568,236312,2
1399370,2019-12-31,2020-01-21,,109606,270620,2
1399371,2019-12-31,2020-01-21,,109609,874116,2
1399372,2019-12-31,2020-01-21,,109624,273683,2
1399373,2019-12-31,2020-01-21,,109641,65634,2
1399374,2019-12-31,2020-01-21,,109769,364811,2
1399375,2019-12-31,2020-01-21,,109827,378354,2
1399376,2019-12-31,2020-01-21,,109949,448606,2
1399377,2019-12-31,2020-01-21,,109953,495177,2
1399378,2019-12-31,2020-01-21,,109955,565379,2
1399379,2019-12-31,2020-01-21,,109982,693815,2
1399380,2019-12-31,2020-01-21,,110238,47423,2
1399381,2019-12-31,2020-01-21,,110238,421457,2
1399382,2019-12-31,2020-01-21,,110239,302962,2
1399383,2019-12-31,2020-01-21,,110327,562378,2
1399384,2019-12-31,2020-01-21,,110346,391689,2
1399385,2019-12-31,2020-01-21,,110396,77949,2
1399386,2019-12-31,2020-01-21,,110641,632599,2
1399387,2019-12-31,2020-01-21,,110656,524471,2
1399388,2019-12-31,2020-01-21,,110768,130866,2
1399389,2019-12-31,2020-01-21,,110790,582153,2
1399390,2019-12-31,2020-01-21,,110790,748950,2
1399391,2019-12-31,2020-01-21,,110821,932523,2
1399392,2019-12-31,2020-01-21,,110825,103648,2
1399393,2019-12-31,2020-01-21,,110978,305867,2
1399394,2019-12-31,2020-01-21,,110993,472575,2
1399395,2019-12-31,2020-01-21,,111005,208253,2
1399396,2019-12-31,2020-01-21,,111148,719144,2
1399397,2019-12-31,2020-01-21,,111153,151647,2
1399398,2019-12-31,2020-01-21,,111186,348460,2
1399399,2019-12-31,2020-01-21,,111204,109808,2
1399400,2019-12-31,2020-01-21,,111218,638192,2
1399401,2019-12-31,2020-01-21,,111222,256786,2
1399402,2019-12-31,2020-01-21,,111451,66467,2
1399403,2019-12-31,2020-01-21,,111451,188736,2
1399404,2019-12-31,2020-01-21,,111451,700954,2
1399405,2019-12-31,2020-01-21,,111605,6393,2
1399406,2019-12-31,2020-01-21,,111605,910699,2
1399407,2019-12-31,2020-01-21,,111605,915418,2
1399408,2019-12-31,2020-01-21,,111667,526924,2
1399409,2019-12-31,2020-01-21,,111674,418246,2
1399410,2019-12-31,2020-01-21,,111795,773522,2
1399411,2019-12-31,2020-01-21,,111848,26947,2
1399412,2019-12-31,2020-01-21,,111871,454016,2
1399413,2019-12-31,2020-01-21,,112164,286094,2
1399414,2019-12-31,2020-01-21,,112329,203184,2
1399415,2019-12-31,2020-01-21,,112340,800964,2
1399416,2019-12-31,2020-01-21,,112493,817961,2
1399417,2019-12-31,2020-01-21,,112498,559559,2
1399418,2019-12-31,2020-01-21,,112569,310331,2
1399419,2019-12-31,2020-01-21,,112580,198807,2
1399420,2019-12-31,2020-01-21,,112608,289351,2
1399421,2019-12-31,2020-01-21,,112718,680277,2
1399422,2019-12-31,2020-01-21,,112752,418451,2
1399423,2019-12-31,2020-01-21,,112906,517353,2
1399424,2019-12-31,2020-01-21,,113011,513516,2
1399425,2019-12-31,2020-01-21,,113097,730167,2
1399426,2019-12-31,2020-01-21,,113197,36122,2
1399427,2019-12-31,2020-01-21,,113202,236257,2
1399428,2019-12-31,2020-01-21,,113240,803543,2
1399429,2019-12-31,2020-01-21,,113273,549674,2
1399430,2019-12-31,2020-01-21,,113398,571647,2
1399431,2019-12-31,2020-01-21,,113399,398132,2
1399432,2019-12-31,2020-01-21,,113462,191064,2
1399433,2019-12-31,2020-01-21,,113556,172980,2
1399434,2019-12-31,2020-01-21,,113610,94637,2
1399435,2019-12-31,2020-01-21,,113637,608221,2
1399436,2019-12-31,2020-01-21,,113785,691725,2
1399437,2019-12-31,2020-01-21,,113797,707201,2
1399438,2019-12-31,2020-01-21,,113819,136336,2
1399439,2019-12-31,2020-01-21,,113823,583096,2
1399440,2019-12-31,2020-01-21,,113854,78980,2
1399441,2019-12-31,2020-01-21,,113859,818319,2
1399442,2019-12-31,2020-01-21,,113980,250499,2
1399443,2019-12-31,2020-01-21,,113995,885154,2
1399444,2019-12-31,2020-01-21,,113999,451935,2
1399445,2019-12-31,2020-01-21,,114336,933147,2
1399446,2019-12-31,2020-01-21,,114526,686621,2
1399447,2019-12-31,2020-01-21,,114527,99614,2
1399448,2019-12-31,2020-01-21,,114740,122854,2
1399449,2019-12-31,2020-01-21,,114921,25446,2
1399450,2019-12-31,2020-01-21,,115162,506661,2
1399451,2019-12-31,2020-01-21,,115285,341585,2
1399452,2019-12-31,2020-01-21,,115317,605372,2
1399453,2019-12-31,2020-01-21,,115509,488063,2
1399454,2019-12-31,2020-01-21,,115582,299471,2
1399455,2019-12-31,2020-01-21,,115838,759577,2
1399456,2019-12-31,2020-01-21,,115841,327386,2
1399457,2019-12-31,2020-01-21,,115942,721361,2
1399458,2019-12-31,2020-01-21,,115975,731005,2
1399459,2019-12-31,2020-01-21,,115977,584007,2
1399460,2019-12-31,2020-01-21,,116037,586377,2
1399461,2019-12-31,2020-01-21,,116114,215256,2
1399462,2019-12-31,2020-01-21,,116134,240035,2
1399463,2019-12-31,2020-01-21,,116190,744074,2
1399464,2019-12-31,2020-01-21,,116229,790472,2
1399465,2019-12-31,2020-01-21,,116327,496768,2
1399466,2019-12-31,2020-01-21,,116333,423271,2
1399467,2019-12-31,2020-01-21,,116407,20241,2
1399468,2019-12-31,2020-01-21,,116615,493574,2
1399469,2019-12-31,2020-01-21,,116922,692930,2
1399470,2019-12-31,2020-01-21,,116944,902608,2
1399471,2019-12-31,2020-01-21,,116992,905310,2
1399472,2019-12-31,2020-01-21,,117097,242467,2
1399473,2019-12-31,2020-01-21,,117169,144783,2
1399474,2019-12-31,2020-01-21,,117343,590804,2
1399475,2019-12-31,2020-01-21,,117372,222408,2
1399476,2019-12-31,2020-01-21,,117454,838268,2
1399477,2019-12-31,2020-01-21,,117481,158580,2
1399478,2019-12-31,2020-01-21,,117815,126839,2
1399479,2019-12-31,2020-01-21,,117876,795649,2
1399480,2019-12-31,2020-01-21,,117923,15894,2
1399481,2019-12-31,2020-01-21,,117923,44474,2
1399482,2019-12-31,2020-01-21,,117923,244921,2
1399483,2019-12-31,2020-01-21,,117923,648886,2
1399484,2019-12-31,2020-01-21,,117923,682180,2
1399485,2019-12-31,2020-01-21,,117923,687764,2
1399486,2019-12-31,2020-01-21,,117923,897322,2
1399487,2019-12-31,2020-01-21,,118000,835007,2
1399488,2019-12-31,2020-01-21,,118052,877717,2
1399489,2019-12-31,2020-01-21,,118079,495594,2
1399490,2019-12-31,2020-01-21,,118158,408528,2
1399491,2019-12-31,2020-01-21,,118256,244046,2
1399492,2019-12-31,2020-01-21,,118516,500533,2
1399493,2019-12-31,2020-01-21,,118568,233206,2
1399494,2019-12-31,2020-01-21,,118578,857477,2
1399495,2019-12-31,2020-01-21,,118900,34487,2
1399496,2019-12-31,2020-01-21,,118904,389234,2
1399497,2019-12-31,2020-01-21,,118950,496562,2
1399498,2019-12-31,2020-01-21,,118999,282199,2
1399499,2019-12-31,2020-01-21,,118999,683885,2
1399500,2019-12-31,2020-01-21,,118999,697162,2
1399501,2019-12-31,2020-01-21,,118999,775887,2
1399502,2019-12-31,2020-01-21,,119155,645161,2
1399503,2019-12-31,2020-01-21,,119196,317253,2
1399504,2019-12-31,2020-01-21,,119250,881149,2
1399505,2019-12-31,2020-01-21,,119382,250943,2
1399506,2019-12-31,2020-01-21,,119382,471835,2
1399507,2019-12-31,2020-01-21,,119384,813817,2
1399508,2019-12-31,2020-01-21,,119533,308284,2
1399509,2019-12-31,2020-01-21,,119572,952592,2
1399510,2019-12-31,2020-01-21,,119763,597835,2
1399511,2019-12-31,2020-01-21,,119781,813226,2
1399512,2019-12-31,2020-01-21,,119813,477519,2
1399513,2019-12-31,2020-01-21,,119832,825382,2
1399514,2019-12-31,2020-01-21,,119940,840011,2
1399515,2019-12-31,2020-01-21,,120114,667108,2
1399516,2019-12-31,2020-01-21,,120390,864890,2
1399517,2019-12-31,2020-01-21,,120631,58662,2
1399518,2019-12-31,2020-01-21,,120631,808696,2
1399519,2019-12-31,2020-01-21,,120657,654631,2
1399520,2019-12-31,2020-01-21,,120858,230628,2
1399521,2019-12-31,2020-01-21,,120967,709421,2
1399522,2019-12-31,2020-01-21,,120973,601246,2
1399523,2019-12-31,2020-01-21,,121007,236266,2
1399524,2019-12-31,2020-01-21,,121253,871113,2
1399525,2019-12-31,2020-01-21,,121442,744535,2
1399526,2019-12-31,2020-01-21,,121596,706333,2
1399527,2019-12-31,2020-01-21,,121871,128650,2
1399528,2019-12-31,2020-01-21,,121878,145222,2
1399529,2019-12-31,2020-01-21,,121908,458680,2
1399530,2019-12-31,2020-01-21,,121908,574776,2
1399531,2019-12-31,2020-01-21,,122053,858514,2
1399532,2019-12-31,2020-01-21,,122068,97334,2
1399533,2019-12-31,2020-01-21,,122096,732885,2
1399534,2019-12-31,2020-01-21,,122317,430900,2
1399535,2019-12-31,2020-01-21,,122362,484187,2
1399536,2019-12-31,2020-01-21,,122435,142476,2
1399537,2019-12-31,2020-01-21,,122561,895772,2
1399538,2019-12-31,2020-01-21,,122689,200163,2
1399539,2019-12-31,2020-01-21,,122716,396633,2
1399540,2019-12-31,2020-01-21,,122863,15928,2
1399541,2019-12-31,2020-01-21,,123229,944059,2
1399542,2019-12-31,2020-01-21,,123264,518842,2
1399543,2019-12-31,2020-01-21,,123406,347515,2
1399544,2019-12-31,2020-01-21,,123467,667039,2
1399545,2019-12-31,2020-01-21,,123611,176304,2
1399546,2019-12-31,2020-01-21,,123668,250007,2
1399547,2019-12-31,2020-01-21,,123668,529557,2
1399548,2019-12-31,2020-01-21,,123668,804531,2
1399549,2019-12-31,2020-01-21,,124059,496854,2
1399550,2019-12-31,2020-01-21,,124198,515921,2
1399551,2019-12-31,2020-01-21,,124307,288574,2
1399552,2019-12-31,2020-01-21,,124484,283387,2
1399553,2019-12-31,2020-01-21,,124544,540698,2
1399554,2019-12-31,2020-01-21,,124577,664905,2
1399555,2019-12-31,2020-01-21,,124622,684731,2
1399556,2019-12-31,2020-01-21,,124784,419570,2
1399557,2019-12-31,2020-01-21,,124840,675538,2
1399558,2019-12-31,2020-01-21,,124861,382789,2
1399559,2019-12-31,2020-01-21,,124905,248947,2
1399560,2019-12-31,2020-01-21,,125025,603750,2
1399561,2019-12-31,2020-01-21,,125038,822537,2
1399562,2019-12-31,2020-01-21,,125045,146351,2
1399563,2019-12-31,2020-01-21,,125066,739412,2
1399564,2019-12-31,2020-01-21,,125106,751603,2
1399565,2019-12-31,2020-01-21,,125247,183376,2
1399566,2019-12-31,2020-01-21,,125381,693625,2
1399567,2019-12-31,2020-01-21,,125496,802512,2
1399568,2019-12-31,2020-01-21,,125745,274559,2
1399569,2019-12-31,2020-01-21,,125928,387073,2
1399570,2019-12-31,2020-01-21,,126105,821824,2
1399571,2019-12-31,2020-01-21,,126192,881286,2
1399572,2019-12-31,2020-01-21,,126349,304438,2
1399573,2019-12-31,2020-01-21,,126692,14751,2
1399574,2019-12-31,2020-01-21,,126771,929271,2
1399575,2019-12-31,2020-01-21,,126874,389330,2
1399576,2019-12-31,2020-01-21,,126922,194118,2
1399577,2019-12-31,2020-01-21,,126948,460880,2
1399578,2019-12-31,2020-01-21,,127045,398449,2
1399579,2019-12-31,2020-01-21,,127356,450252,2
1399580,2019-12-31,2020-01-21,,127410,83381,2
1399581,2019-12-31,2020-01-21,,127726,153262,2
1399582,2019-12-31,2020-01-21,,127830,580021,2
1399583,2019-12-31,2020-01-21,,128089,862290,2
1399584,2019-12-31,2020-01-21,,128218,454776,2
1399585,2019-12-31,2020-01-21,,128297,194633,2
1399586,2019-12-31,2020-01-21,,128582,483745,2
1399587,2019-12-31,2020-01-21,,128582,632050,2
1399588,2019-12-31,2020-01-21,,128582,801847,2
1399589,2019-12-31,2020-01-21,,128643,338550,2
1399590,2019-12-31,2020-01-21,,128654,709887,2
1399591,2019-12-31,2020-01-21,,129092,571675,2
1399592,2019-12-31,2020-01-21,,129246,661620,2
1399593,2019-12-31,2020-01-21,,129405,430772,2
1399594,2019-12-31,2020-01-21,,129422,46275,2
1399595,2019-12-31,2020-01-21,,129483,859319,2
1399596,2019-12-31,2020-01-21,,129499,186276,2
1399597,2019-12-31,2020-01-21,,129512,845659,2
1399598,2019-12-31,2020-01-21,,129563,872462,2
1399599,2019-12-31,2020-01-21,,129625,888184,2
1399600,2019-12-31,2020-01-21,,129663,542892,2
1399601,2019-12-31,2020-01-21,,129823,26362,2
1399602,2019-12-31,2020-01-21,,129976,542597,2
1399603,2019-12-31,2020-01-21,,130308,700801,2
1399604,2019-12-31,2020-01-21,,130333,566944,2
1399605,2019-12-31,2020-01-21,,130576,400311,2
1399606,2019-12-31,2020-01-21,,130994,673420,2
1399607,2019-12-31,2020-01-21,,131049,483013,2
1399608,2019-12-31,2020-01-21,,131055,320003,2
1399609,2019-12-31,2020-01-21,,131251,424210,2
1399610,2019-12-31,2020-01-21,,131346,943189,2
1399611,2019-12-31,2020-01-21,,131349,662931,2
1399612,2019-12-31,2020-01-21,,131388,8421,2
1399613,2019-12-31,2020-01-21,,131434,434836,2
1399614,2019-12-31,2020-01-21,,131533,669336,2
1399615,2019-12-31,2020-01-21,,131548,345044,2
1399616,2019-12-31,2020-01-21,,131678,288975,2
1399617,2019-12-31,2020-01-21,,131847,768715,2
1399618,2019-12-31,2020-01-21,,131960,759847,2
1399619,2019-12-31,2020-01-21,,131969,190172,2
1399620,2019-12-31,2020-01-21,,132022,511358,2
1399621,2019-12-31,2020-01-21,,132119,449398,2
1399622,2019-12-31,2020-01-21,,132211,706486,2
1399623,2019-12-31,2020-01-21,,132308,743607,2
1399624,2019-12-31,2020-01-21,,132351,221327,2
1399625,2019-12-31,2020-01-21,,132461,423732,2
1399626,2019-12-31,2020-01-21,,132484,428055,2
1399627,2019-12-31,2020-01-21,,132554,850218,2
1399628,2019-12-31,2020-01-21,,132575,213376,2
1399629,2019-12-31,2020-01-21,,132602,166206,2
1399630,2019-12-31,2020-01-21,,132602,230650,2
1399631,2019-12-31,2020-01-21,,132724,915470,2
1399632,2019-12-31,2020-01-21,,132960,139253,2
1399633,2019-12-31,2020-01-21,,132971,69305,2
1399634,2019-12-31,2020-01-21,,133044,460964,2
1399635,2019-12-31,2020-01-21,,133044,723226,2
1399636,2019-12-31,2020-01-21,,133055,490236,2
1399637,2019-12-31,2020-01-21,,133118,171006,2
1399638,2019-12-31,2020-01-21,,133118,605211,2
1399639,2019-12-31,2020-01-21,,133118,678121,2
1399640,2019-12-31,2020-01-21,,133118,710423,2
1399641,2019-12-31,2020-01-21,,133118,928007,2
1399642,2019-12-31,2020-01-21,,133197,41028,2
1399643,2019-12-31,2020-01-21,,133242,564080,2
1399644,2019-12-31,2020-01-21,,133249,246257,2
1399645,2019-12-31,2020-01-21,,133352,34128,2
1399646,2019-12-31,2020-01-21,,133517,398546,2
1399647,2019-12-31,2020-01-21,,133606,413782,2
1399648,2019-12-31,2020-01-21,,133746,207265,2
1399649,2019-12-31,2020-01-21,,133859,19015,2
1399650,2019-12-31,2020-01-21,,134044,595824,2
1399651,2019-12-31,2020-01-21,,134108,594230,2
1399652,2019-12-31,2020-01-21,,134165,254034,2
1399653,2019-12-31,2020-01-21,,134267,357722,2
1399654,2019-12-31,2020-01-21,,134298,205174,2
1399655,2019-12-31,2020-01-21,,134368,237862,2
1399656,2019-12-31,2020-01-21,,134386,131072,2
1399657,2019-12-31,2020-01-21,,134576,3838,2
1399658,2019-12-31,2020-01-21,,134576,220033,2
1399659,2019-12-31,2020-01-21,,134576,671453,2
1399660,2019-12-31,2020-01-21,,134589,170278,2
1399661,2019-12-31,2020-01-21,,134656,397722,2
1399662,2019-12-31,2020-01-21,,134704,35482,2
1399663,2019-12-31,2020-01-21,,134731,109294,2
1399664,2019-12-31,2020-01-21,,134750,700320,2
1399665,2019-12-31,2020-01-21,,134801,371275,2
1399666,2019-12-31,2020-01-21,,134802,487714,2
1399667,2019-12-31,2020-01-21,,134813,827376,2
1399668,2019-12-31,2020-01-21,,134829,582856,2
1399669,2019-12-31,2020-01-21,,134978,166388,2
1399670,2019-12-31,2020-01-21,,135231,621751,2
1399671,2019-12-31,2020-01-21,,135344,410165,2
1399672,2019-12-31,2020-01-21,,135346,89003,2
1399673,2019-12-31,2020-01-21,,135580,340907,2
1399674,2019-12-31,2020-01-21,,135844,318442,2
1399675,2019-12-31,2020-01-21,,135956,32348,2
1399676,2019-12-31,2020-01-21,,135978,87659,2
1399677,2019-12-31,2020-01-21,,136188,270941,2
1399678,2019-12-31,2020-01-21,,136243,421212,2
1399679,2019-12-31,2020-01-21,,136251,482028,2
1399680,2019-12-31,2020-01-21,,136280,641414,2
1399681,2019-12-31,2020-01-21,,136463,43408,2
1399682,2019-12-31,2020-01-21,,136712,48958,2
1399683,2019-12-31,2020-01-21,,136746,732110,2
1399684,2019-12-31,2020-01-21,,136910,768952,2
1399685,2019-12-31,2020-01-21,,137161,658022,2
1399686,2019-12-31,2020-01-21,,137189,230393,2
1399687,2019-12-31,2020-01-21,,137251,674134,2
1399688,2019-12-31,2020-01-21,,137354,26699,2
1399689,2019-12-31,2020-01-21,,137396,630270,2
1399690,2019-12-31,2020-01-21,,137403,380443,2
1399691,2019-12-31,2020-01-21,,137438,426555,2
1399692,2019-12-31,2020-01-21,,137468,257434,2
1399693,2019-12-31,2020-01-21,,137633,338544,2
1399694,2019-12-31,2020-01-21,,137657,358352,2
1399695,2019-12-31,2020-01-21,,137735,141563,2
1399696,2019-12-31,2020-01-21,,137769,299697,2
1399697,2019-12-31,2020-01-21,,137813,445171,2
1399698,2019-12-31,2020-01-21,,137854,810102,2
1399699,2019-12-31,2020-01-21,,138015,441676,2
1399700,2019-12-31,2020-01-21,,138079,331083,2
1399701,2019-12-31,2020-01-21,,138080,187984,2
1399702,2019-12-31,2020-01-21,,138189,777143,2
1399703,2019-12-31,2020-01-21,,138650,211597,2
1399704,2019-12-31,2020-01-21,,138661,19594,2
1399705,2019-12-31,2020-01-21,,138708,572661,2
1399706,2019-12-31,2020-01-21,,138894,879820,2
1399707,2019-12-31,2020-01-21,,138912,483936,2
1399708,2019-12-31,2020-01-21,,138956,246650,2
1399709,2019-12-31,2020-01-21,,138990,150197,2
1399710,2019-12-31,2020-01-21,,139143,856557,2
1399711,2019-12-31,2020-01-21,,139257,546050,2
1399712,2019-12-31,2020-01-21,,139265,558934,2
1399713,2019-12-31,2020-01-21,,139362,617086,2
1399714,2019-12-31,2020-01-21,,139791,205923,2
1399715,2019-12-31,2020-01-21,,139975,607053,2
1399716,2019-12-31,2020-01-21,,139992,304331,2
1399717,2019-12-31,2020-01-21,,140043,641260,2
1399718,2019-12-31,2020-01-21,,140317,825966,2
1399719,2019-12-31,2020-01-21,,140320,517116,2
1399720,2019-12-31,2020-01-21,,140353,852240,2
1399721,2019-12-31,2020-01-21,,140402,866535,2
1399722,2019-12-31,2020-01-21,,140488,248922,2
1399723,2019-12-31,2020-01-21,,140741,179236,2
1399724,2019-12-31,2020-01-21,,140840,26549,2
1399725,2019-12-31,2020-01-21,,140892,907251,2
1399726,2019-12-31,2020-01-21,,140951,687713,2
1399727,2019-12-31,2020-01-21,,141021,48694,2
1399728,2019-12-31,2020-01-21,,141094,702289,2
1399729,2019-12-31,2020-01-21,,141153,207458,2
1399730,2019-12-31,2020-01-21,,141167,955367,2
1399731,2019-12-31,2020-01-21,,141180,863441,2
1399732,2019-12-31,2020-01-21,,141266,270139,2
1399733,2019-12-31,2020-01-21,,141497,58231,2
1399734,2019-12-31,2020-01-21,,141698,646416,2
1399735,2019-12-31,2020-01-21,,141762,24477,2
1399736,2019-12-31,2020-01-21,,141870,261377,2
1399737,2019-12-31,2020-01-21,,141901,147999,2
1399738,2019-12-31,2020-01-21,,141984,805439,2
1399739,2019-12-31,2020-01-21,,142023,169361,2
1399740,2019-12-31,2020-01-21,,142089,276590,2
1399741,2019-12-31,2020-01-21,,142099,279620,2
1399742,2019-12-31,2020-01-21,,142099,494133,2
1399743,2019-12-31,2020-01-21,,142173,154654,2
1399744,2019-12-31,2020-01-21,,142178,216798,2
1399745,2019-12-31,2020-01-21,,142334,507140,2
1399746,2019-12-31,2020-01-21,,142375,180420,2
1399747,2019-12-31,2020-01-21,,142375,287829,2
1399748,2019-12-31,2020-01-21,,142375,365378,2
1399749,2019-12-31,2020-01-21,,142542,403153,2
1399750,2019-12-31,2020-01-21,,142760,696376,2
1399751,2019-12-31,2020-01-21,,143105,177005,2
1399752,2019-12-31,2020-01-21,,143232,523807,2
1399753,2019-12-31,2020-01-21,,143262,726719,2
1399754,2019-12-31,2020-01-21,,143300,923096,2
1399755,2019-12-31,2020-01-21,,143306,855633,2
1399756,2019-12-31,2020-01-21,,143338,271766,2
1399757,2019-12-31,2020-01-21,,143416,338590,2
1399758,2019-12-31,2020-01-21,,143434,845588,2
1399759,2019-12-31,2020-01-21,,143629,150090,2
1399760,2019-12-31,2020-01-21,,143699,192958,2
1399761,2019-12-31,2020-01-21,,143713,94496,2
1399762,2019-12-31,2020-01-21,,143713,161207,2
1399763,2019-12-31,2020-01-21,,143713,469313,2
1399764,2019-12-31,2020-01-21,,143715,824487,2
1399765,2019-12-31,2020-01-21,,143879,806041,2
1399766,2019-12-31,2020-01-21,,143958,936186,2
1399767,2019-12-31,2020-01-21,,144081,847852,2
1399768,2019-12-31,2020-01-21,,144192,261782,2
1399769,2019-12-31,2020-01-21,,144235,837464,2
1399770,2019-12-31,2020-01-21,,144387,709235,2
1399771,2019-12-31,2020-01-21,,144409,895985,2
1399772,2019-12-31,2020-01-21,,144433,853450,2
1399773,2019-12-31,2020-01-21,,144466,916221,2
1399774,2019-12-31,2020-01-21,,144473,342186,2
1399775,2019-12-31,2020-01-21,,144484,50592,2
1399776,2019-12-31,2020-01-21,,144601,518809,2
1399777,2019-12-31,2020-01-21,,144738,688378,2
1399778,2019-12-31,2020-01-21,,145146,684024,2
1399779,2019-12-31,2020-01-21,,145366,642848,2
1399780,2019-12-31,2020-01-21,,145576,626404,2
1399781,2019-12-31,2020-01-21,,145814,147193,2
1399782,2019-12-31,2020-01-21,,145822,105982,2
1399783,2019-12-31,2020-01-21,,145822,352686,2
1399784,2019-12-31,2020-01-21,,145822,911770,2
1399785,2019-12-31,2020-01-21,,145826,247701,2
1399786,2019-12-31,2020-01-21,,145877,812544,2
1399787,2019-12-31,2020-01-21,,145968,653843,2
1399788,2019-12-31,2020-01-21,,146107,575195,2
1399789,2019-12-31,2020-01-21,,146189,858438,2
1399790,2019-12-31,2020-01-21,,146413,251605,2
1399791,2019-12-31,2020-01-21,,146463,613225,2
1399792,2019-12-31,2020-01-21,,146539,71416,2
1399793,2019-12-31,2020-01-21,,146824,128240,2
1399794,2019-12-31,2020-01-21,,146866,32310,2
1399795,2019-12-31,2020-01-21,,146880,412790,2
1399796,2019-12-31,2020-01-21,,146971,212831,2
1399797,2019-12-31,2020-01-21,,147223,608443,2
1399798,2019-12-31,2020-01-21,,147228,222653,2
1399799,2019-12-31,2020-01-21,,147230,741407,2
1399800,2019-12-31,2020-01-21,,147276,51905,2
1399801,2019-12-31,2020-01-21,,147324,768154,2
1399802,2019-12-31,2020-01-21,,147375,316248,2
1399803,2019-12-31,2020-01-21,,147418,130557,2
1399804,2019-12-31,2020-01-21,,147520,902111,2
1399805,2019-12-31,2020-01-21,,147537,760529,2
1399806,2019-12-31,2020-01-21,,147775,287469,2
1399807,2019-12-31,2020-01-21,,147942,546514,2
1399808,2019-12-31,2020-01-21,,148186,283203,2
1399809,2019-12-31,2020-01-21,,148266,719506,2
1399810,2019-12-31,2020-01-21,,148321,888966,2
1399811,2019-12-31,2020-01-21,,148461,395533,2
1399812,2019-12-31,2020-01-21,,148581,220985,2
1399813,2019-12-31,2020-01-21,,148593,841751,2
1399814,2019-12-31,2020-01-21,,148656,366301,2
1399815,2019-12-31,2020-01-21,,148752,850607,2
1399816,2019-12-31,2020-01-21,,148888,169727,2
1399817,2019-12-31,2020-01-21,,149009,611412,2
1399818,2019-12-31,2020-01-21,,149036,719145,2
1399819,2019-12-31,2020-01-21,,149046,706578,2
1399820,2019-12-31,2020-01-21,,149153,192127,2
1399821,2019-12-31,2020-01-21,,149185,306622,2
1399822,2019-12-31,2020-01-21,,149202,478228,2
1399823,2019-12-31,2020-01-21,,149284,395019,2
1399824,2019-12-31,2020-01-21,,149364,128276,2
1399825,2019-12-31,2020-01-21,,149364,791132,2
1399826,2019-12-31,2020-01-21,,149473,285261,2
1399827,2019-12-31,2020-01-21,,149609,22632,2
1399828,2019-12-31,2020-01-21,,149662,185333,2
1399829,2019-12-31,2020-01-21,,149881,698886,2
1399830,2019-12-31,2020-01-21,,150058,150519,2
1399831,2019-12-31,2020-01-21,,150196,608485,2
1399832,2019-12-31,2020-01-21,,150480,233398,2
1399833,2019-12-31,2020-01-21,,150512,55681,2
1399834,2019-12-31,2020-01-21,,150549,903751,2
1399835,2019-12-31,2020-01-21,,150599,679515,2
1399836,2019-12-31,2020-01-21,,150650,107732,2
1399837,2019-12-31,2020-01-21,,150664,517300,2
1399838,2019-12-31,2020-01-21,,150719,179846,2
1399839,2019-12-31,2020-01-21,,150764,828382,2
1399840,2019-12-31,2020-01-21,,150838,766054,2
1399841,2019-12-31,2020-01-21,,150850,766039,2
1399842,2019-12-31,2020-01-21,,150862,16095,2
1399843,2019-12-31,2020-01-21,,151009,381891,2
1399844,2019-12-31,2020-01-21,,151076,570070,2
1399845,2019-12-31,2020-01-21,,151076,675832,2
1399846,2019-12-31,2020-01-21,,151093,765432,2
1399847,2019-12-31,2020-01-21,,151226,111473,2
1399848,2019-12-31,2020-01-21,,151444,581729,2
1399849,2019-12-31,2020-01-21,,151477,290229,2
1399850,2019-12-31,2020-01-21,,151693,370575,2
1399851,2019-12-31,2020-01-21,,151693,815293,2
1399852,2019-12-31,2020-01-21,,151886,412959,2
1399853,2019-12-31,2020-01-21,,151957,35574,2
1399854,2019-12-31,2020-01-21,,152035,881813,2
1399855,2019-12-31,2020-01-21,,152071,894683,2
1399856,2019-12-31,2020-01-21,,152158,89617,2
1399857,2019-12-31,2020-01-21,,152459,674109,2
1399858,2019-12-31,2020-01-21,,152535,847022,2
1399859,2019-12-31,2020-01-21,,152540,714572,2
1399860,2019-12-31,2020-01-21,,152554,277135,2
1399861,2019-12-31,2020-01-21,,152554,749637,2
1399862,2019-12-31,2020-01-21,,152644,278485,2
1399863,2019-12-31,2020-01-21,,152759,365737,2
1399864,2019-12-31,2020-01-21,,152990,181571,2
1399865,2019-12-31,2020-01-21,,153014,99441,2
1399866,2019-12-31,2020-01-21,,153014,917600,2
1399867,2019-12-31,2020-01-21,,153111,610293,2
1399868,2019-12-31,2020-01-21,,153117,248103,2
1399869,2019-12-31,2020-01-21,,153172,829113,2
1399870,2019-12-31,2020-01-21,,153272,23383,2
1399871,2019-12-31,2020-01-21,,153315,242289,2
1399872,2019-12-31,2020-01-21,,153595,38633,2
1399873,2019-12-31,2020-01-21,,153614,439194,2
1399874,2019-12-31,2020-01-21,,153744,470108,2
1399875,2019-12-31,2020-01-21,,153823,395791,2
1399876,2019-12-31,2020-01-21,,153877,625559,2
1399877,2019-12-31,2020-01-21,,153877,845054,2
1399878,2019-12-31,2020-01-21,,154333,371612,2
1399879,2019-12-31,2020-01-21,,154333,633395,2
1399880,2019-12-31,2020-01-21,,154389,297521,2
1399881,2019-12-31,2020-01-21,,154561,458240,2
1399882,2019-12-31,2020-01-21,,154563,307958,2
1399883,2019-12-31,2020-01-21,,154563,510166,2
1399884,2019-12-31,2020-01-21,,154594,492972,2
1399885,2019-12-31,2020-01-21,,154682,842226,2
1399886,2019-12-31,2020-01-21,,154704,464876,2
1399887,2019-12-31,2020-01-21,,154754,820426,2
1399888,2019-12-31,2020-01-21,,154787,405860,2
1399889,2019-12-31,2020-01-21,,154848,217761,2
1399890,2019-12-31,2020-01-21,,154927,524366,2
1399891,2019-12-31,2020-01-21,,155028,247197,2
1399892,2019-12-31,2020-01-21,,155079,45135,2
1399893,2019-12-31,2020-01-21,,155343,321461,2
1399894,2019-12-31,2020-01-21,,155406,624749,2
1399895,2019-12-31,2020-01-21,,155482,743288,2
1399896,2019-12-31,2020-01-21,,155537,908195,2
1399897,2019-12-31,2020-01-21,,155568,14075,2
1399898,2019-12-31,2020-01-21,,155568,28499,2
1399899,2019-12-31,2020-01-21,,155568,42932,2
1399900,2019-12-31,2020-01-21,,155568,49911,2
1399901,2019-12-31,2020-01-21,,155568,57198,2
1399902,2019-12-31,2020-01-21,,155568,65793,2
1399903,2019-12-31,2020-01-21,,155568,87482,2
1399904,2019-12-31,2020-01-21,,155568,94411,2
1399905,2019-12-31,2020-01-21,,155568,181387,2
1399906,2019-12-31,2020-01-21,,155568,200661,2
1399907,2019-12-31,2020-01-21,,155568,213047,2
1399908,2019-12-31,2020-01-21,,155568,233399,2
1399909,2019-12-31,2020-01-21,,155568,245053,2
1399910,2019-12-31,2020-01-21,,155568,249426,2
1399911,2019-12-31,2020-01-21,,155568,255874,2
1399912,2019-12-31,2020-01-21,,155568,263133,2
1399913,2019-12-31,2020-01-21,,155568,283164,2
1399914,2019-12-31,2020-01-21,,155568,335399,2
1399915,2019-12-31,2020-01-21,,155568,346409,2
1399916,2019-12-31,2020-01-21,,155568,350727,2
1399917,2019-12-31,2020-01-21,,155568,358221,2
1399918,2019-12-31,2020-01-21,,155568,378549,2
1399919,2019-12-31,2020-01-21,,155568,398035,2
1399920,2019-12-31,2020-01-21,,155568,398056,2
1399921,2019-12-31,2020-01-21,,155568,399011,2
1399922,2019-12-31,2020-01-21,,155568,423578,2
1399923,2019-12-31,2020-01-21,,155568,424801,2
1399924,2019-12-31,2020-01-21,,155568,490285,2
1399925,2019-12-31,2020-01-21,,155568,492649,2
1399926,2019-12-31,2020-01-21,,155568,527470,2
1399927,2019-12-31,2020-01-21,,155568,538383,2
1399928,2019-12-31,2020-01-21,,155568,540937,2
1399929,2019-12-31,2020-01-21,,155568,543318,2
1399930,2019-12-31,2020-01-21,,155568,561605,2
1399931,2019-12-31,2020-01-21,,155568,572147,2
1399932,2019-12-31,2020-01-21,,155568,580661,2
1399933,2019-12-31,2020-01-21,,155568,590024,2
1399934,2019-12-31,2020-01-21,,155568,594201,2
1399935,2019-12-31,2020-01-21,,155568,598896,2
1399936,2019-12-31,2020-01-21,,155568,603110,2
1399937,2019-12-31,2020-01-21,,155568,623833,2
1399938,2019-12-31,2020-01-21,,155568,637304,2
1399939,2019-12-31,2020-01-21,,155568,654541,2
1399940,2019-12-31,2020-01-21,,155568,671660,2
1399941,2019-12-31,2020-01-21,,155568,683607,2
1399942,2019-12-31,2020-01-21,,155568,689581,2
1399943,2019-12-31,2020-01-21,,155568,719141,2
1399944,2019-12-31,2020-01-21,,155568,768810,2
1399945,2019-12-31,2020-01-21,,155568,769333,2
1399946,2019-12-31,2020-01-21,,155568,789368,2
1399947,2019-12-31,2020-01-21,,155568,809064,2
1399948,2019-12-31,2020-01-21,,155568,841937,2
1399949,2019-12-31,2020-01-21,,155568,855744,2
1399950,2019-12-31,2020-01-21,,155568,883652,2
1399951,2019-12-31,2020-01-21,,155568,927513,2
1399952,2019-12-31,2020-01-21,,155568,928916,2
1399953,2019-12-31,2020-01-21,,155568,947485,2
1399954,2019-12-31,2020-01-21,,155568,954638,2
1399955,2019-12-31,2020-01-21,,155587,726695,2
1399956,2019-12-31,2020-01-21,,155684,282859,2
1399957,2019-12-31,2020-01-21,,155700,227982,2
1399958,2019-12-31,2020-01-21,,155736,66954,2
1399959,2019-12-31,2020-01-21,,156042,9919,2
1399960,2019-12-31,2020-01-21,,156413,546942,2
1399961,2019-12-31,2020-01-21,,156434,390772,2
1399962,2019-12-31,2020-01-21,,156489,203463,2
1399963,2019-12-31,2020-01-21,,156490,182681,2
1399964,2019-12-31,2020-01-21,,156600,82037,2
1399965,2019-12-31,2020-01-21,,156658,714415,2
1399966,2019-12-31,2020-01-21,,156749,23408,2
1399967,2019-12-31,2020-01-21,,156805,541210,2
1399968,2019-12-31,2020-01-21,,156890,578621,2
1399969,2019-12-31,2020-01-21,,157055,81551,2
1399970,2019-12-31,2020-01-21,,157055,442423,2
1399971,2019-12-31,2020-01-21,,157055,846899,2
1399972,2019-12-31,2020-01-21,,157280,248839,2
1399973,2019-12-31,2020-01-21,,157317,657821,2
1399974,2019-12-31,2020-01-21,,157553,111120,2
1399975,2019-12-31,2020-01-21,,157559,698887,2
1399976,2019-12-31,2020-01-21,,157662,762794,2
1399977,2019-12-31,2020-01-21,,157721,132815,2
1399978,2019-12-31,2020-01-21,,157727,620836,2
1399979,2019-12-31,2020-01-21,,157766,808669,2
1399980,2019-12-31,2020-01-21,,157807,346029,2
1399981,2019-12-31,2020-01-21,,157824,86387,2
1399982,2019-12-31,2020-01-21,,158079,61909,2
1399983,2019-12-31,2020-01-21,,158281,537026,2
1399984,2019-12-31,2020-01-21,,158405,873138,2
1399985,2019-12-31,2020-01-21,,158436,829973,2
1399986,2019-12-31,2020-01-21,,158602,664164,2
1399987,2019-12-31,2020-01-21,,158659,440803,2
1399988,2019-12-31,2020-01-21,,158666,93660,2
1399989,2019-12-31,2020-01-21,,158666,415614,2
1399990,2019-12-31,2020-01-21,,158698,395262,2
1399991,2019-12-31,2020-01-21,,158715,644805,2
1399992,2019-12-31,2020-01-21,,158871,231893,2
1399993,2019-12-31,2020-01-21,,159061,636171,2
1399994,2019-12-31,2020-01-21,,159084,704165,2
1399995,2019-12-31,2020-01-21,,159087,853545,2
1399996,2019-12-31,2020-01-21,,159110,488972,2
1399997,2019-12-31,2020-01-21,,159130,697126,2
1399998,2019-12-31,2020-01-21,,159153,571766,2
1399999,2019-12-31,2020-01-21,,159212,954584,2
1400000,2019-12-31,2020-01-21,,159233,876311,2
1400001,2019-12-31,2020-01-21,,159283,835871,2
1400002,2019-12-31,2020-01-21,,159409,554015,2
1400003,2019-12-31,2020-01-21,,159434,7371,2
